price,quantity,date,unix timestamp
89.012,5,Aug 07 2020 01: +0,1596758400
87.046,6,Aug 08 2020 01: +0,1596844800
86.61,1,Aug 09 2020 01: +0,1596931200
81.118,3,Aug 10 2020 01: +0,1597017600
67.842,3,Aug 11 2020 01: +0,1597104000
76.771,2,Aug 12 2020 01: +0,1597190400
63.758,2,Aug 13 2020 01: +0,1597276800
59.47,6,Aug 14 2020 01: +0,1597363200
75.147,1,Aug 15 2020 01: +0,1597449600
51.606,2,Aug 16 2020 01: +0,1597536000
52.98,4,Aug 17 2020 01: +0,1597622400
53.098,9,Aug 18 2020 01: +0,1597708800
52.467,7,Aug 19 2020 01: +0,1597795200
49.182,3,Aug 20 2020 01: +0,1597881600
51.657,2,Aug 21 2020 01: +0,1597968000
48.404,4,Aug 22 2020 01: +0,1598054400
45.282,4,Aug 23 2020 01: +0,1598140800
48.557,4,Aug 24 2020 01: +0,1598227200
43.868,6,Aug 25 2020 01: +0,1598313600
45.368,1,Aug 26 2020 01: +0,1598400000
38.428,5,Aug 27 2020 01: +0,1598486400
43.282,5,Aug 28 2020 01: +0,1598572800
44.724,6,Aug 29 2020 01: +0,1598659200
43.389,5,Aug 30 2020 01: +0,1598745600
43.398,7,Aug 31 2020 01: +0,1598832000
41.677,3,Sep 01 2020 01: +0,1598918400
43.288,2,Sep 02 2020 01: +0,1599004800
44.658,5,Sep 03 2020 01: +0,1599091200
40.202,5,Sep 04 2020 01: +0,1599177600
42.84,7,Sep 05 2020 01: +0,1599264000
39.889,7,Sep 06 2020 01: +0,1599350400
46.399,6,Sep 07 2020 01: +0,1599436800
39.263,3,Sep 08 2020 01: +0,1599523200
38.553,3,Sep 09 2020 01: +0,1599609600
38.524,5,Sep 10 2020 01: +0,1599696000
37.794,5,Sep 11 2020 01: +0,1599782400
37.886,3,Sep 12 2020 01: +0,1599868800
38.81,10,Sep 13 2020 01: +0,1599955200
38.67,2,Sep 14 2020 01: +0,1600041600
37.341,3,Sep 15 2020 01: +0,1600128000
40.455,2,Sep 16 2020 01: +0,1600214400
36.023,4,Sep 17 2020 01: +0,1600300800
37.939,4,Sep 18 2020 01: +0,1600387200
38.787,8,Sep 19 2020 01: +0,1600473600
39.907,13,Sep 20 2020 01: +0,1600560000
41.25,5,Sep 21 2020 01: +0,1600646400
35.116,3,Sep 22 2020 01: +0,1600732800
43.859,4,Sep 23 2020 01: +0,1600819200
36.316,5,Sep 24 2020 01: +0,1600905600
43.179,3,Sep 25 2020 01: +0,1600992000
36.071,6,Sep 26 2020 01: +0,1601078400
36.204,7,Sep 27 2020 01: +0,1601164800
33.388,6,Sep 28 2020 01: +0,1601251200
32.216,5,Sep 29 2020 01: +0,1601337600
34.054,9,Sep 30 2020 01: +0,1601424000
32.554,7,Oct 01 2020 01: +0,1601510400
33.418,5,Oct 02 2020 01: +0,1601596800
31.841,6,Oct 03 2020 01: +0,1601683200
32.762,9,Oct 04 2020 01: +0,1601769600
33.689,3,Oct 05 2020 01: +0,1601856000
33.778,2,Oct 06 2020 01: +0,1601942400
32.428,3,Oct 07 2020 01: +0,1602028800
34.599,3,Oct 08 2020 01: +0,1602115200
33.157,10,Oct 09 2020 01: +0,1602201600
34.913,4,Oct 10 2020 01: +0,1602288000
33.682,7,Oct 11 2020 01: +0,1602374400
37.295,6,Oct 12 2020 01: +0,1602460800
33.925,4,Oct 13 2020 01: +0,1602547200
32.686,13,Oct 14 2020 01: +0,1602633600
32.923,7,Oct 15 2020 01: +0,1602720000
33.225,6,Oct 16 2020 01: +0,1602806400
32.032,2,Oct 17 2020 01: +0,1602892800
31.59,1,Oct 18 2020 01: +0,1602979200
34.232,6,Oct 19 2020 01: +0,1603065600
35.378,3,Oct 20 2020 01: +0,1603152000
32.865,4,Oct 21 2020 01: +0,1603238400
32.487,2,Oct 22 2020 01: +0,1603324800
32.456,7,Oct 23 2020 01: +0,1603411200
32.221,6,Oct 24 2020 01: +0,1603497600
30.13,2,Oct 25 2020 01: +0,1603584000
30.51,5,Oct 26 2020 01: +0,1603674000
32.292,6,Oct 27 2020 01: +0,1603760400
28.773,9,Oct 28 2020 01: +0,1603846800
28.628,9,Oct 29 2020 01: +0,1603933200
26.019,6,Oct 30 2020 01: +0,1604019600
29.428,4,Oct 31 2020 01: +0,1604106000
27.064,4,Nov 01 2020 01: +0,1604192400
28.329,7,Nov 02 2020 01: +0,1604278800
27.525,8,Nov 03 2020 01: +0,1604365200
27.667,11,Nov 04 2020 01: +0,1604451600
29.803,4,Nov 05 2020 01: +0,1604538000
29.205,5,Nov 06 2020 01: +0,1604624400
28.62,5,Nov 07 2020 01: +0,1604710800
29.592,12,Nov 08 2020 01: +0,1604797200
31.7,4,Nov 09 2020 01: +0,1604883600
29.45,5,Nov 10 2020 01: +0,1604970000
28.73,4,Nov 11 2020 01: +0,1605056400
29.079,9,Nov 12 2020 01: +0,1605142800
29.435,6,Nov 13 2020 01: +0,1605229200
30.231,11,Nov 14 2020 01: +0,1605315600
29.278,11,Nov 15 2020 01: +0,1605402000
26.216,13,Nov 16 2020 01: +0,1605488400
27.511,8,Nov 18 2020 01: +0,1605661200
26.555,5,Nov 19 2020 01: +0,1605747600
26.908,11,Nov 20 2020 01: +0,1605834000
25.572,8,Nov 21 2020 01: +0,1605920400
25.812,14,Nov 22 2020 01: +0,1606006800
25.397,8,Nov 23 2020 01: +0,1606093200
25.007,7,Nov 24 2020 01: +0,1606179600
24.374,7,Nov 25 2020 01: +0,1606266000
23.308,8,Nov 26 2020 01: +0,1606352400
22.273,12,Nov 27 2020 01: +0,1606438800
22.891,9,Nov 28 2020 01: +0,1606525200
23.868,8,Nov 29 2020 01: +0,1606611600
22.265,9,Nov 30 2020 01: +0,1606698000
23.377,9,Dec 01 2020 01: +0,1606784400
22.31,15,Dec 02 2020 01: +0,1606870800
21.269,15,Dec 03 2020 01: +0,1606957200
18.98,28,Dec 04 2020 01: +0,1607043600
19.004,14,Dec 05 2020 01: +0,1607130000
19.814,13,Dec 06 2020 01: +0,1607216400
20.531,10,Dec 07 2020 01: +0,1607302800
20.463,6,Dec 08 2020 01: +0,1607389200
18.989,13,Dec 09 2020 01: +0,1607475600
18.474,12,Dec 10 2020 01: +0,1607562000
18.93,19,Dec 11 2020 01: +0,1607648400
18.429,23,Dec 12 2020 01: +0,1607734800
19.434,15,Dec 13 2020 01: +0,1607821200
20.023,20,Dec 14 2020 01: +0,1607907600
20.777,10,Dec 15 2020 01: +0,1607994000
20.712,20,Dec 16 2020 01: +0,1608080400
21.161,13,Dec 17 2020 01: +0,1608166800
21.735,7,Dec 18 2020 01: +0,1608253200
21.565,12,Dec 19 2020 01: +0,1608339600
22.673,13,Dec 20 2020 01: +0,1608426000
22.26,15,Dec 21 2020 01: +0,1608512400
22.297,15,Dec 22 2020 01: +0,1608598800
21.294,18,Dec 23 2020 01: +0,1608685200
21.944,21,Dec 24 2020 01: +0,1608771600
22.463,30,Dec 25 2020 01: +0,1608858000
22.533,19,Dec 26 2020 01: +0,1608944400
22.512,19,Dec 27 2020 01: +0,1609030800
22.344,24,Dec 28 2020 01: +0,1609117200
23.08,16,Dec 29 2020 01: +0,1609203600
23.476,20,Dec 30 2020 01: +0,1609290000
22.38,25,Dec 31 2020 01: +0,1609376400
24.255,19,Jan 01 2021 01: +0,1609462800
23.752,21,Jan 02 2021 01: +0,1609549200
23.709,19,Jan 03 2021 01: +0,1609635600
24.467,13,Jan 04 2021 01: +0,1609722000
24.186,13,Jan 05 2021 01: +0,1609808400
24.74,20,Jan 06 2021 01: +0,1609894800
24.28,13,Jan 07 2021 01: +0,1609981200
24.159,11,Jan 08 2021 01: +0,1610067600
24.963,30,Jan 09 2021 01: +0,1610154000
24.713,13,Jan 10 2021 01: +0,1610240400
25.05,16,Jan 11 2021 01: +0,1610326800
25.781,10,Jan 12 2021 01: +0,1610413200
24.428,16,Jan 13 2021 01: +0,1610499600
24.971,15,Jan 14 2021 01: +0,1610586000
26.443,6,Jan 15 2021 01: +0,1610672400
24.801,17,Jan 16 2021 01: +0,1610758800
24.287,15,Jan 17 2021 01: +0,1610845200
24.318,20,Jan 18 2021 01: +0,1610931600
25.306,8,Jan 19 2021 01: +0,1611018000
25.163,12,Jan 20 2021 01: +0,1611104400
26.34,10,Jan 21 2021 01: +0,1611190800
25.202,9,Jan 22 2021 01: +0,1611277200
25.631,19,Jan 23 2021 01: +0,1611363600
23.923,11,Jan 24 2021 01: +0,1611450000
24.418,17,Jan 25 2021 01: +0,1611536400
24.368,13,Jan 26 2021 01: +0,1611622800
25.006,12,Jan 27 2021 01: +0,1611709200
23.598,28,Jan 28 2021 01: +0,1611795600
23.927,9,Jan 29 2021 01: +0,1611882000
23.572,16,Jan 30 2021 01: +0,1611968400
21.901,14,Jan 31 2021 01: +0,1612054800
22.994,15,Feb 01 2021 01: +0,1612141200
22.667,13,Feb 02 2021 01: +0,1612227600
22.443,21,Feb 03 2021 01: +0,1612314000
23.326,11,Feb 04 2021 01: +0,1612400400
22.508,15,Feb 05 2021 01: +0,1612486800
22.958,20,Feb 06 2021 01: +0,1612573200
23.719,13,Feb 07 2021 01: +0,1612659600
23.377,19,Feb 08 2021 01: +0,1612746000
22.972,21,Feb 09 2021 01: +0,1612832400
22.88,12,Feb 10 2021 01: +0,1612918800
22.496,12,Feb 11 2021 01: +0,1613005200
21.898,13,Feb 12 2021 01: +0,1613091600
22.884,13,Feb 13 2021 01: +0,1613178000
21.679,22,Feb 14 2021 01: +0,1613264400
21.491,13,Feb 15 2021 01: +0,1613350800
21.401,13,Feb 16 2021 01: +0,1613437200
21.503,9,Feb 17 2021 01: +0,1613523600
21.695,18,Feb 18 2021 01: +0,1613610000
23.552,15,Feb 19 2021 01: +0,1613696400
22.133,18,Feb 20 2021 01: +0,1613782800
22.987,17,Feb 21 2021 01: +0,1613869200
21.817,13,Feb 22 2021 01: +0,1613955600
22.5,16,Feb 23 2021 01: +0,1614042000
22.266,18,Feb 24 2021 01: +0,1614128400
22.348,17,Feb 25 2021 01: +0,1614214800
22.257,18,Feb 26 2021 01: +0,1614301200
21.997,24,Feb 27 2021 01: +0,1614387600
21.564,24,Feb 28 2021 01: +0,1614474000
22.101,19,Mar 01 2021 01: +0,1614560400
21.936,17,Mar 02 2021 01: +0,1614646800
22.561,23,Mar 03 2021 01: +0,1614733200
23.825,9,Mar 04 2021 01: +0,1614819600
23.275,21,Mar 05 2021 01: +0,1614906000
23.378,26,Mar 06 2021 01: +0,1614992400
23.062,24,Mar 07 2021 01: +0,1615078800
23.515,20,Mar 08 2021 01: +0,1615165200
23.85,22,Mar 09 2021 01: +0,1615251600
22.878,17,Mar 10 2021 01: +0,1615338000
23.321,18,Mar 11 2021 01: +0,1615424400
23.689,24,Mar 12 2021 01: +0,1615510800
23.313,14,Mar 13 2021 01: +0,1615597200
23.254,15,Mar 14 2021 01: +0,1615683600
23.102,18,Mar 15 2021 01: +0,1615770000
23.825,15,Mar 16 2021 01: +0,1615856400
23.391,18,Mar 17 2021 01: +0,1615942800
23.696,18,Mar 18 2021 01: +0,1616029200
23.371,25,Mar 19 2021 01: +0,1616115600
22.953,17,Mar 20 2021 01: +0,1616202000
23.952,20,Mar 21 2021 01: +0,1616288400
22.586,23,Mar 22 2021 01: +0,1616374800
22.681,16,Mar 23 2021 01: +0,1616461200
21.862,21,Mar 24 2021 01: +0,1616547600
22.302,19,Mar 25 2021 01: +0,1616634000
22.657,23,Mar 26 2021 01: +0,1616720400
22.621,19,Mar 27 2021 01: +0,1616806800
22.578,11,Mar 28 2021 01: +0,1616893200
22.939,20,Mar 29 2021 01: +0,1616976000
23.196,24,Mar 30 2021 01: +0,1617062400
22.859,13,Mar 31 2021 01: +0,1617148800
22.562,13,Apr 01 2021 01: +0,1617235200
22.334,20,Apr 02 2021 01: +0,1617321600
22.915,17,Apr 03 2021 01: +0,1617408000
22.888,19,Apr 04 2021 01: +0,1617494400
22.89,17,Apr 05 2021 01: +0,1617580800
22.624,22,Apr 06 2021 01: +0,1617667200
22.029,15,Apr 07 2021 01: +0,1617753600
21.817,20,Apr 08 2021 01: +0,1617840000
21.098,29,Apr 09 2021 01: +0,1617926400
21.103,17,Apr 10 2021 01: +0,1618012800
20.768,19,Apr 11 2021 01: +0,1618099200
20.646,23,Apr 12 2021 01: +0,1618185600
20.768,27,Apr 13 2021 01: +0,1618272000
22.394,7,Apr 14 2021 01: +0,1618358400
19.925,14,Apr 15 2021 01: +0,1618444800
20.558,26,Apr 16 2021 01: +0,1618531200
20.037,24,Apr 17 2021 01: +0,1618617600
20.652,20,Apr 18 2021 01: +0,1618704000
20.335,17,Apr 19 2021 01: +0,1618790400
20.33,22,Apr 20 2021 01: +0,1618876800
20.262,19,Apr 21 2021 01: +0,1618963200
20.167,17,Apr 22 2021 01: +0,1619049600
19.692,27,Apr 23 2021 01: +0,1619136000
19.225,25,Apr 24 2021 01: +0,1619222400
18.683,17,Apr 25 2021 01: +0,1619308800
19.208,25,Apr 26 2021 01: +0,1619395200
18.376,15,Apr 27 2021 01: +0,1619481600
18.315,15,Apr 28 2021 01: +0,1619568000
18.431,23,Apr 29 2021 01: +0,1619654400
18.858,25,Apr 30 2021 01: +0,1619740800
18.839,19,May 01 2021 01: +0,1619827200
18.525,22,May 02 2021 01: +0,1619913600
18.252,21,May 03 2021 01: +0,1620000000
18.577,39,May 04 2021 01: +0,1620086400
18.246,31,May 05 2021 01: +0,1620172800
18.268,36,May 06 2021 01: +0,1620259200
18.731,29,May 07 2021 01: +0,1620345600
19.059,21,May 08 2021 01: +0,1620432000
17.572,24,May 09 2021 01: +0,1620518400
17.964,22,May 10 2021 01: +0,1620604800
18.508,21,May 11 2021 01: +0,1620691200
19.155,24,May 12 2021 01: +0,1620777600
18.722,15,May 13 2021 01: +0,1620864000
18.783,22,May 14 2021 01: +0,1620950400
18.534,20,May 15 2021 01: +0,1621036800
18.729,17,May 16 2021 01: +0,1621123200
19.024,18,May 17 2021 01: +0,1621209600
18.118,15,May 18 2021 01: +0,1621296000
18.55,19,May 19 2021 01: +0,1621382400
18.635,18,May 20 2021 01: +0,1621468800
18.861,26,May 21 2021 01: +0,1621555200
19.082,16,May 22 2021 01: +0,1621641600
19.601,17,May 23 2021 01: +0,1621728000
19.021,11,May 24 2021 01: +0,1621814400
17.951,26,May 25 2021 01: +0,1621900800
18.159,21,May 26 2021 01: +0,1621987200
17.598,15,May 27 2021 01: +0,1622073600
18.014,19,May 28 2021 01: +0,1622160000
17.078,22,May 29 2021 01: +0,1622246400
16.756,17,May 30 2021 01: +0,1622332800
16.096,23,May 31 2021 01: +0,1622419200
17.698,23,Jun 01 2021 01: +0,1622505600
17.849,23,Jun 02 2021 01: +0,1622592000
16.766,23,Jun 03 2021 01: +0,1622678400
16.946,25,Jun 04 2021 01: +0,1622764800
16.564,23,Jun 05 2021 01: +0,1622851200
16.874,23,Jun 06 2021 01: +0,1622937600
16.644,29,Jun 07 2021 01: +0,1623024000
16.756,20,Jun 08 2021 01: +0,1623110400
17.723,21,Jun 09 2021 01: +0,1623196800
16.81,14,Jun 10 2021 01: +0,1623283200
17.264,21,Jun 11 2021 01: +0,1623369600
16.884,24,Jun 12 2021 01: +0,1623456000
16.708,16,Jun 13 2021 01: +0,1623542400
16.475,15,Jun 14 2021 01: +0,1623628800
16.47,28,Jun 15 2021 01: +0,1623715200
16.615,23,Jun 16 2021 01: +0,1623801600
17.062,15,Jun 17 2021 01: +0,1623888000
16.435,19,Jun 18 2021 01: +0,1623974400
16.429,18,Jun 19 2021 01: +0,1624060800
16.4,22,Jun 20 2021 01: +0,1624147200
15.738,20,Jun 21 2021 01: +0,1624233600
15.769,10,Jun 22 2021 01: +0,1624320000
15.837,10,Jun 23 2021 01: +0,1624406400
14.887,29,Jun 24 2021 01: +0,1624492800
14.362,36,Jun 25 2021 01: +0,1624579200
14.994,21,Jun 26 2021 01: +0,1624665600
15.021,17,Jun 27 2021 01: +0,1624752000
14.696,19,Jun 28 2021 01: +0,1624838400
13.815,18,Jun 29 2021 01: +0,1624924800
13.979,22,Jun 30 2021 01: +0,1625011200
14.073,13,Jul 01 2021 01: +0,1625097600
13.722,18,Jul 02 2021 01: +0,1625184000
13.75,25,Jul 03 2021 01: +0,1625270400
14.108,24,Jul 04 2021 01: +0,1625356800
13.738,19,Jul 05 2021 01: +0,1625443200
13.072,23,Jul 06 2021 01: +0,1625529600
14.13,17,Jul 07 2021 01: +0,1625616000
13.857,19,Jul 08 2021 01: +0,1625702400
13.95,23,Jul 09 2021 01: +0,1625788800
13.677,24,Jul 10 2021 01: +0,1625875200
14.547,19,Jul 11 2021 01: +0,1625961600
13.534,26,Jul 12 2021 01: +0,1626048000
13.439,19,Jul 13 2021 01: +0,1626134400
13.709,24,Jul 14 2021 01: +0,1626220800
12.904,16,Jul 15 2021 01: +0,1626307200
13.742,21,Jul 16 2021 01: +0,1626393600
13.296,20,Jul 17 2021 01: +0,1626480000
13.356,28,Jul 18 2021 01: +0,1626566400
14.305,17,Jul 19 2021 01: +0,1626652800
13.705,17,Jul 20 2021 01: +0,1626739200
13.74,24,Jul 21 2021 01: +0,1626825600
13.648,22,Jul 22 2021 01: +0,1626912000
13.596,25,Jul 23 2021 01: +0,1626998400
14.342,27,Jul 24 2021 01: +0,1627084800
13.57,21,Jul 25 2021 01: +0,1627171200
13.993,23,Jul 26 2021 01: +0,1627257600
14.277,15,Jul 27 2021 01: +0,1627344000
13.298,13,Jul 28 2021 01: +0,1627430400
14.144,24,Jul 29 2021 01: +0,1627516800
13.36,30,Jul 30 2021 01: +0,1627603200
13.754,23,Jul 31 2021 01: +0,1627689600
13.764,26,Aug 01 2021 01: +0,1627776000
13.4,26,Aug 02 2021 01: +0,1627862400
13.74,23,Aug 03 2021 01: +0,1627948800
14.058,22,Aug 04 2021 01: +0,1628035200
13.98,37,Aug 05 2021 01: +0,1628121600
13.937,27,Aug 06 2021 01: +0,1628208000
13.985,24,Aug 07 2021 01: +0,1628294400
13.716,21,Aug 08 2021 01: +0,1628380800
13.911,16,Aug 09 2021 01: +0,1628467200
13.643,19,Aug 10 2021 01: +0,1628553600
13.14,25,Aug 11 2021 01: +0,1628640000
13.206,21,Aug 12 2021 01: +0,1628726400
13.021,22,Aug 13 2021 01: +0,1628812800
12.65,22,Aug 14 2021 01: +0,1628899200
12.549,23,Aug 15 2021 01: +0,1628985600
12.351,21,Aug 16 2021 01: +0,1629072000
12.035,22,Aug 17 2021 01: +0,1629158400
11.9,34,Aug 18 2021 01: +0,1629244800
12.369,30,Aug 19 2021 01: +0,1629331200
12.137,23,Aug 20 2021 01: +0,1629417600
11.74,31,Aug 21 2021 01: +0,1629504000
12.126,29,Aug 22 2021 01: +0,1629590400
12.419,19,Aug 23 2021 01: +0,1629676800
12.198,21,Aug 24 2021 01: +0,1629763200
11.944,23,Aug 25 2021 01: +0,1629849600
11.619,32,Aug 26 2021 01: +0,1629936000
12.297,19,Aug 27 2021 01: +0,1630022400
11.871,33,Aug 28 2021 01: +0,1630108800
12.245,20,Aug 29 2021 01: +0,1630195200
12.185,19,Aug 30 2021 01: +0,1630281600
12.18,26,Aug 31 2021 01: +0,1630368000
12.464,21,Sep 01 2021 01: +0,1630454400
12.559,19,Sep 02 2021 01: +0,1630540800
12.716,23,Sep 03 2021 01: +0,1630627200
13.036,23,Sep 04 2021 01: +0,1630713600
12.856,16,Sep 05 2021 01: +0,1630800000
12.601,17,Sep 06 2021 01: +0,1630886400
13.055,25,Sep 07 2021 01: +0,1630972800
11.713,29,Sep 08 2021 01: +0,1631059200
12.297,22,Sep 09 2021 01: +0,1631145600
11.937,19,Sep 10 2021 01: +0,1631232000
11.971,24,Sep 11 2021 01: +0,1631318400
12.169,24,Sep 12 2021 01: +0,1631404800
12.265,21,Sep 13 2021 01: +0,1631491200
12.131,26,Sep 14 2021 01: +0,1631577600
11.26,22,Sep 15 2021 01: +0,1631664000
11.624,21,Sep 16 2021 01: +0,1631750400
11.885,29,Sep 17 2021 01: +0,1631836800
11.773,29,Sep 18 2021 01: +0,1631923200
11.532,28,Sep 19 2021 01: +0,1632009600
11.52,24,Sep 20 2021 01: +0,1632096000
11.943,28,Sep 21 2021 01: +0,1632182400
8.845,90,Sep 22 2021 01: +0,1632268800
8.922,46,Sep 23 2021 01: +0,1632355200
9.283,39,Sep 24 2021 01: +0,1632441600
9.76,28,Sep 25 2021 01: +0,1632528000
10.148,26,Sep 26 2021 01: +0,1632614400
10.419,20,Sep 27 2021 01: +0,1632700800
10.072,23,Sep 28 2021 01: +0,1632787200
9.838,30,Sep 29 2021 01: +0,1632873600
9.681,27,Sep 30 2021 01: +0,1632960000
9.656,41,Oct 01 2021 01: +0,1633046400
9.909,38,Oct 02 2021 01: +0,1633132800
9.671,48,Oct 03 2021 01: +0,1633219200
9.927,30,Oct 04 2021 01: +0,1633305600
10.481,23,Oct 05 2021 01: +0,1633392000
10.491,28,Oct 06 2021 01: +0,1633478400
10.13,46,Oct 07 2021 01: +0,1633564800
10.965,43,Oct 08 2021 01: +0,1633651200
10.565,35,Oct 09 2021 01: +0,1633737600
10.779,39,Oct 10 2021 01: +0,1633824000
11.113,23,Oct 11 2021 01: +0,1633910400
10.9,20,Oct 12 2021 01: +0,1633996800
11.003,33,Oct 13 2021 01: +0,1634083200
10.72,20,Oct 14 2021 01: +0,1634169600
10.792,27,Oct 15 2021 01: +0,1634256000
11.041,35,Oct 16 2021 01: +0,1634342400
10.236,32,Oct 17 2021 01: +0,1634428800
10.518,29,Oct 18 2021 01: +0,1634515200
10.329,21,Oct 19 2021 01: +0,1634601600
10.369,30,Oct 20 2021 01: +0,1634688000
10.48,33,Oct 21 2021 01: +0,1634774400
9.156,48,Oct 22 2021 01: +0,1634860800
9.277,42,Oct 23 2021 01: +0,1634947200
9.382,35,Oct 24 2021 01: +0,1635033600
9.556,27,Oct 25 2021 01: +0,1635120000
9.416,34,Oct 26 2021 01: +0,1635206400
9.483,33,Oct 27 2021 01: +0,1635292800
9.57,32,Oct 28 2021 01: +0,1635379200
10.075,31,Oct 29 2021 01: +0,1635465600
10.198,29,Oct 30 2021 01: +0,1635552000
9.966,35,Oct 31 2021 01: +0,1635638400
10.016,41,Nov 01 2021 01: +0,1635728400
9.992,37,Nov 02 2021 01: +0,1635814800
10.476,40,Nov 03 2021 01: +0,1635901200
10.676,32,Nov 04 2021 01: +0,1635987600
10.626,33,Nov 05 2021 01: +0,1636074000
10.944,44,Nov 06 2021 01: +0,1636160400
10.584,30,Nov 07 2021 01: +0,1636246800
10.59,37,Nov 08 2021 01: +0,1636333200
11.117,31,Nov 09 2021 01: +0,1636419600
10.423,34,Nov 10 2021 01: +0,1636506000
10.627,27,Nov 11 2021 01: +0,1636592400
10.595,29,Nov 12 2021 01: +0,1636678800
10.573,22,Nov 13 2021 01: +0,1636765200
10.111,32,Nov 14 2021 01: +0,1636851600
10.757,38,Nov 15 2021 01: +0,1636938000
11.212,26,Nov 16 2021 01: +0,1637024400
10.694,24,Nov 17 2021 01: +0,1637110800
10.502,26,Nov 18 2021 01: +0,1637197200
10.994,33,Nov 19 2021 01: +0,1637283600
10.731,30,Nov 20 2021 01: +0,1637370000
10.849,35,Nov 21 2021 01: +0,1637456400
10.866,21,Nov 22 2021 01: +0,1637542800
11.159,25,Nov 23 2021 01: +0,1637629200
11.044,21,Nov 24 2021 01: +0,1637715600
10.634,30,Nov 25 2021 01: +0,1637802000
10.488,27,Nov 26 2021 01: +0,1637888400
10.167,27,Nov 27 2021 01: +0,1637974800
10.418,35,Nov 28 2021 01: +0,1638061200
10.131,18,Nov 29 2021 01: +0,1638147600
10.491,39,Nov 30 2021 01: +0,1638234000
10.381,31,Dec 01 2021 01: +0,1638320400
10.77,25,Dec 02 2021 01: +0,1638406800
10.822,26,Dec 03 2021 01: +0,1638493200
11.333,34,Dec 04 2021 01: +0,1638579600
11.369,27,Dec 05 2021 01: +0,1638666000
11.288,34,Dec 06 2021 01: +0,1638752400
11.578,30,Dec 07 2021 01: +0,1638838800
11.972,15,Dec 08 2021 01: +0,1638925200
11.305,26,Dec 09 2021 01: +0,1639011600
11.726,27,Dec 10 2021 01: +0,1639098000
11.339,29,Dec 11 2021 01: +0,1639184400
11.703,28,Dec 12 2021 01: +0,1639270800
11.239,28,Dec 13 2021 01: +0,1639357200
11.937,21,Dec 14 2021 01: +0,1639443600
11.163,27,Dec 15 2021 01: +0,1639530000
11.425,21,Dec 16 2021 01: +0,1639616400
11.485,30,Dec 17 2021 01: +0,1639702800
11.436,27,Dec 18 2021 01: +0,1639789200
11.356,33,Dec 19 2021 01: +0,1639875600
11.313,22,Dec 20 2021 01: +0,1639962000
11.45,24,Dec 21 2021 01: +0,1640048400
11.354,38,Dec 22 2021 01: +0,1640134800
10.872,30,Dec 23 2021 01: +0,1640221200
11.349,35,Dec 24 2021 01: +0,1640307600
11.342,42,Dec 25 2021 01: +0,1640394000
11.02,36,Dec 26 2021 01: +0,1640480400
11.363,32,Dec 27 2021 01: +0,1640566800
11.307,39,Dec 28 2021 01: +0,1640653200
11.235,35,Dec 29 2021 01: +0,1640739600
11.666,38,Dec 30 2021 01: +0,1640826000
12.586,30,Dec 31 2021 01: +0,1640912400
12.326,46,Jan 01 2022 01: +0,1640998800
12.228,36,Jan 02 2022 01: +0,1641085200
12.018,39,Jan 03 2022 01: +0,1641171600
12.336,30,Jan 04 2022 01: +0,1641258000
12.862,41,Jan 05 2022 01: +0,1641344400
12.593,27,Jan 06 2022 01: +0,1641430800
12.442,34,Jan 07 2022 01: +0,1641517200
12.949,32,Jan 08 2022 01: +0,1641603600
12.373,24,Jan 09 2022 01: +0,1641690000
12.971,38,Jan 10 2022 01: +0,1641776400
13.089,29,Jan 11 2022 01: +0,1641862800
12.725,33,Jan 12 2022 01: +0,1641949200
12.491,35,Jan 13 2022 01: +0,1642035600
12.592,48,Jan 14 2022 01: +0,1642122000
12.714,37,Jan 15 2022 01: +0,1642208400
12.733,32,Jan 16 2022 01: +0,1642294800
12.351,35,Jan 17 2022 01: +0,1642381200
12.49,24,Jan 18 2022 01: +0,1642467600
12.259,29,Jan 19 2022 01: +0,1642554000
12.589,26,Jan 20 2022 01: +0,1642640400
12.169,38,Jan 21 2022 01: +0,1642726800
12.013,38,Jan 22 2022 01: +0,1642813200
11.658,41,Jan 23 2022 01: +0,1642899600
11.81,36,Jan 24 2022 01: +0,1642986000
11.822,45,Jan 25 2022 01: +0,1643072400
11.609,26,Jan 26 2022 01: +0,1643158800
11.933,32,Jan 27 2022 01: +0,1643245200
11.702,25,Jan 28 2022 01: +0,1643331600
11.782,42,Jan 29 2022 01: +0,1643418000
11.533,34,Jan 30 2022 01: +0,1643504400
11.339,37,Jan 31 2022 01: +0,1643590800
11.386,26,Feb 01 2022 01: +0,1643677200
11.474,37,Feb 02 2022 01: +0,1643763600
11.085,31,Feb 03 2022 01: +0,1643850000
11.658,47,Feb 04 2022 01: +0,1643936400
11.962,39,Feb 05 2022 01: +0,1644022800
11.46,38,Feb 06 2022 01: +0,1644109200
11.944,26,Feb 07 2022 01: +0,1644195600
11.917,34,Feb 08 2022 01: +0,1644282000
12.366,23,Feb 09 2022 01: +0,1644368400
12.469,31,Feb 10 2022 01: +0,1644454800
12.545,25,Feb 11 2022 01: +0,1644541200
12.364,27,Feb 12 2022 01: +0,1644627600
11.858,38,Feb 13 2022 01: +0,1644714000
12.127,33,Feb 14 2022 01: +0,1644800400
12.146,33,Feb 15 2022 01: +0,1644886800
12.614,33,Feb 16 2022 01: +0,1644973200
12.221,28,Feb 17 2022 01: +0,1645059600
12.575,43,Feb 18 2022 01: +0,1645146000
12.218,36,Feb 19 2022 01: +0,1645232400
12.304,31,Feb 20 2022 01: +0,1645318800
12.197,20,Feb 21 2022 01: +0,1645405200
12.166,27,Feb 22 2022 01: +0,1645491600
11.847,48,Feb 23 2022 01: +0,1645578000
12.337,29,Feb 24 2022 01: +0,1645664400
12.121,31,Feb 25 2022 01: +0,1645750800
11.698,35,Feb 26 2022 01: +0,1645837200
11.977,42,Feb 27 2022 01: +0,1645923600
11.953,30,Feb 28 2022 01: +0,1646010000
12.181,33,Mar 01 2022 01: +0,1646096400
11.784,36,Mar 02 2022 01: +0,1646182800
11.731,40,Mar 03 2022 01: +0,1646269200
11.94,43,Mar 04 2022 01: +0,1646355600
12.022,45,Mar 05 2022 01: +0,1646442000
12.226,41,Mar 06 2022 01: +0,1646528400
11.693,34,Mar 07 2022 01: +0,1646614800
11.537,56,Mar 08 2022 01: +0,1646701200
11.754,31,Mar 09 2022 01: +0,1646787600
11.776,35,Mar 10 2022 01: +0,1646874000
11.952,28,Mar 11 2022 01: +0,1646960400
11.952,40,Mar 12 2022 01: +0,1647046800
11.982,26,Mar 13 2022 01: +0,1647133200
11.648,35,Mar 14 2022 01: +0,1647219600
11.627,35,Mar 15 2022 01: +0,1647306000
11.211,34,Mar 16 2022 01: +0,1647392400
11.396,25,Mar 17 2022 01: +0,1647478800
11.941,27,Mar 18 2022 01: +0,1647565200
11.644,33,Mar 19 2022 01: +0,1647651600
11.84,30,Mar 20 2022 01: +0,1647738000
11.695,33,Mar 21 2022 01: +0,1647824400
11.656,25,Mar 22 2022 01: +0,1647910800
11.633,36,Mar 23 2022 01: +0,1647997200
11.534,26,Mar 24 2022 01: +0,1648083600
11.667,22,Mar 25 2022 01: +0,1648170000
11.784,38,Mar 26 2022 01: +0,1648256400
11.421,45,Mar 27 2022 01: +0,1648342800
11.102,25,Mar 28 2022 01: +0,1648425600
11.62,31,Mar 29 2022 01: +0,1648512000
11.823,25,Mar 30 2022 01: +0,1648598400
11.421,40,Mar 31 2022 01: +0,1648684800
11.555,38,Apr 01 2022 01: +0,1648771200
11.962,56,Apr 02 2022 01: +0,1648857600
11.835,31,Apr 03 2022 01: +0,1648944000
11.837,36,Apr 04 2022 01: +0,1649030400
11.813,36,Apr 05 2022 01: +0,1649116800
11.832,35,Apr 06 2022 01: +0,1649203200
12.322,31,Apr 07 2022 01: +0,1649289600
12.357,40,Apr 08 2022 01: +0,1649376000
12.144,34,Apr 09 2022 01: +0,1649462400
11.967,42,Apr 10 2022 01: +0,1649548800
11.699,42,Apr 11 2022 01: +0,1649635200
12.039,32,Apr 12 2022 01: +0,1649721600
12.363,35,Apr 13 2022 01: +0,1649808000
12.235,23,Apr 14 2022 01: +0,1649894400
12.234,30,Apr 15 2022 01: +0,1649980800
12.374,33,Apr 16 2022 01: +0,1650067200
12.421,36,Apr 17 2022 01: +0,1650153600
12.189,25,Apr 18 2022 01: +0,1650240000
12.408,21,Apr 19 2022 01: +0,1650326400
12.099,19,Apr 20 2022 01: +0,1650412800
11.746,18,Apr 21 2022 01: +0,1650499200
11.899,27,Apr 22 2022 01: +0,1650585600
12.479,29,Apr 23 2022 01: +0,1650672000
11.756,23,Apr 24 2022 01: +0,1650758400
11.931,24,Apr 25 2022 01: +0,1650844800
11.899,22,Apr 26 2022 01: +0,1650931200
11.826,29,Apr 27 2022 01: +0,1651017600
11.523,30,Apr 28 2022 01: +0,1651104000
11.391,33,Apr 29 2022 01: +0,1651190400
11.546,29,Apr 30 2022 01: +0,1651276800
11.015,29,May 01 2022 01: +0,1651363200
11.523,41,May 02 2022 01: +0,1651449600
11.455,26,May 03 2022 01: +0,1651536000
10.767,44,May 04 2022 01: +0,1651622400
10.559,40,May 05 2022 01: +0,1651708800
10.741,37,May 06 2022 01: +0,1651795200
11.165,26,May 07 2022 01: +0,1651881600
10.564,23,May 08 2022 01: +0,1651968000
10.932,30,May 09 2022 01: +0,1652054400
10.902,37,May 10 2022 01: +0,1652140800
10.373,40,May 11 2022 01: +0,1652227200
10.748,30,May 12 2022 01: +0,1652313600
10.511,32,May 13 2022 01: +0,1652400000
10.448,37,May 14 2022 01: +0,1652486400
10.706,31,May 15 2022 01: +0,1652572800
10.641,37,May 16 2022 01: +0,1652659200
10.57,31,May 17 2022 01: +0,1652745600
9.746,25,May 18 2022 01: +0,1652832000
10.194,33,May 19 2022 01: +0,1652918400
10.441,45,May 20 2022 01: +0,1653004800
10.251,40,May 21 2022 01: +0,1653091200
10.146,42,May 22 2022 01: +0,1653177600
10.26,40,May 23 2022 01: +0,1653264000
10.405,35,May 24 2022 01: +0,1653350400
10.368,37,May 25 2022 01: +0,1653436800
10.318,37,May 26 2022 01: +0,1653523200
10.15,24,May 27 2022 01: +0,1653609600
10.022,32,May 28 2022 01: +0,1653696000
9.891,38,May 29 2022 01: +0,1653782400
10.188,28,May 30 2022 01: +0,1653868800
10.239,34,May 31 2022 01: +0,1653955200
10.417,25,Jun 01 2022 01: +0,1654041600
10.286,36,Jun 02 2022 01: +0,1654128000
10.043,54,Jun 03 2022 01: +0,1654214400
10.217,36,Jun 04 2022 01: +0,1654300800
10.187,38,Jun 05 2022 01: +0,1654387200
10.101,29,Jun 06 2022 01: +0,1654473600
10.387,35,Jun 07 2022 01: +0,1654560000
10.758,26,Jun 08 2022 01: +0,1654646400
10.165,28,Jun 09 2022 01: +0,1654732800
10.514,22,Jun 10 2022 01: +0,1654819200
10.006,32,Jun 11 2022 01: +0,1654905600
10.026,33,Jun 12 2022 01: +0,1654992000
10.288,33,Jun 13 2022 01: +0,1655078400
9.993,35,Jun 14 2022 01: +0,1655164800
10.222,42,Jun 15 2022 01: +0,1655251200
9.972,39,Jun 16 2022 01: +0,1655337600
9.638,41,Jun 17 2022 01: +0,1655424000
9.746,48,Jun 18 2022 01: +0,1655510400
9.609,38,Jun 19 2022 01: +0,1655596800
9.567,32,Jun 20 2022 01: +0,1655683200
9.68,37,Jun 21 2022 01: +0,1655769600
9.255,33,Jun 22 2022 01: +0,1655856000
9.257,33,Jun 23 2022 01: +0,1655942400
9.094,53,Jun 24 2022 01: +0,1656028800
8.898,32,Jun 25 2022 01: +0,1656115200
8.716,44,Jun 26 2022 01: +0,1656201600
9.0,38,Jun 27 2022 01: +0,1656288000
9.29,48,Jun 28 2022 01: +0,1656374400
8.979,33,Jun 29 2022 01: +0,1656460800
9.254,34,Jun 30 2022 01: +0,1656547200
9.308,51,Jul 01 2022 01: +0,1656633600
9.511,45,Jul 02 2022 01: +0,1656720000
9.855,49,Jul 03 2022 01: +0,1656806400
10.007,40,Jul 04 2022 01: +0,1656892800
10.015,39,Jul 05 2022 01: +0,1656979200
9.457,38,Jul 06 2022 01: +0,1657065600
9.548,43,Jul 07 2022 01: +0,1657152000
9.583,32,Jul 08 2022 01: +0,1657238400
9.837,45,Jul 09 2022 01: +0,1657324800
9.517,36,Jul 10 2022 01: +0,1657411200
9.86,44,Jul 11 2022 01: +0,1657497600
10.207,37,Jul 12 2022 01: +0,1657584000
10.222,10,Jul 13 2022 01: +0,1657670400
9.889,33,Jul 14 2022 01: +0,1657756800
9.671,34,Jul 15 2022 01: +0,1657843200
10.171,47,Jul 16 2022 01: +0,1657929600
9.752,35,Jul 17 2022 01: +0,1658016000
9.946,42,Jul 18 2022 01: +0,1658102400
10.1,45,Jul 19 2022 01: +0,1658188800
10.323,20,Jul 20 2022 01: +0,1658275200
10.111,38,Jul 21 2022 01: +0,1658361600
10.349,34,Jul 22 2022 01: +0,1658448000
10.281,35,Jul 23 2022 01: +0,1658534400
10.232,30,Jul 24 2022 01: +0,1658620800
10.11,39,Jul 25 2022 01: +0,1658707200
10.146,38,Jul 26 2022 01: +0,1658793600
10.41,36,Jul 27 2022 01: +0,1658880000
10.079,30,Jul 28 2022 01: +0,1658966400
10.024,40,Jul 29 2022 01: +0,1659052800
10.178,37,Jul 30 2022 01: +0,1659139200
9.917,42,Jul 31 2022 01: +0,1659225600
10.047,28,Aug 01 2022 01: +0,1659312000
10.098,42,Aug 02 2022 01: +0,1659398400
10.275,40,Aug 03 2022 01: +0,1659484800
10.488,38,Aug 04 2022 01: +0,1659571200
10.135,48,Aug 05 2022 01: +0,1659657600
9.753,36,Aug 06 2022 01: +0,1659744000
10.279,43,Aug 07 2022 01: +0,1659830400
10.281,41,Aug 08 2022 01: +0,1659916800
10.639,26,Aug 09 2022 01: +0,1660003200
10.07,40,Aug 10 2022 01: +0,1660089600
10.325,39,Aug 11 2022 01: +0,1660176000
10.414,44,Aug 12 2022 01: +0,1660262400
10.141,35,Aug 13 2022 01: +0,1660348800
9.952,41,Aug 14 2022 01: +0,1660435200
9.885,34,Aug 15 2022 01: +0,1660521600
9.919,37,Aug 16 2022 01: +0,1660608000
9.83,44,Aug 17 2022 01: +0,1660694400
9.816,45,Aug 18 2022 01: +0,1660780800
10.0,56,Aug 19 2022 01: +0,1660867200
10.268,45,Aug 20 2022 01: +0,1660953600
10.133,29,Aug 21 2022 01: +0,1661040000
10.145,47,Aug 22 2022 01: +0,1661126400
10.029,48,Aug 23 2022 01: +0,1661212800
9.68,52,Aug 24 2022 01: +0,1661299200
9.652,39,Aug 25 2022 01: +0,1661385600
9.787,43,Aug 26 2022 01: +0,1661472000
9.819,47,Aug 27 2022 01: +0,1661558400
10.22,36,Aug 28 2022 01: +0,1661644800
9.813,41,Aug 29 2022 01: +0,1661731200
9.927,35,Aug 30 2022 01: +0,1661817600
9.733,47,Aug 31 2022 01: +0,1661904000
9.895,41,Sep 01 2022 01: +0,1661990400
9.452,47,Sep 02 2022 01: +0,1662076800
9.575,41,Sep 03 2022 01: +0,1662163200
9.932,52,Sep 04 2022 01: +0,1662249600
9.92,50,Sep 05 2022 01: +0,1662336000
9.816,37,Sep 06 2022 01: +0,1662422400
10.057,33,Sep 07 2022 01: +0,1662508800
10.158,38,Sep 08 2022 01: +0,1662595200
9.814,50,Sep 09 2022 01: +0,1662681600
10.076,43,Sep 10 2022 01: +0,1662768000
9.554,46,Sep 11 2022 01: +0,1662854400
9.808,42,Sep 12 2022 01: +0,1662940800
9.97,44,Sep 13 2022 01: +0,1663027200
9.853,44,Sep 14 2022 01: +0,1663113600
9.472,36,Sep 15 2022 01: +0,1663200000
9.385,49,Sep 16 2022 01: +0,1663286400
9.756,46,Sep 17 2022 01: +0,1663372800
9.472,48,Sep 18 2022 01: +0,1663459200
9.656,43,Sep 19 2022 01: +0,1663545600
9.36,28,Sep 20 2022 01: +0,1663632000
9.52,39,Sep 21 2022 01: +0,1663718400
9.323,36,Sep 22 2022 01: +0,1663804800
9.363,30,Sep 23 2022 01: +0,1663891200
9.418,43,Sep 24 2022 01: +0,1663977600
9.136,40,Sep 25 2022 01: +0,1664064000
9.486,40,Sep 26 2022 01: +0,1664150400
9.318,40,Sep 27 2022 01: +0,1664236800
9.364,39,Sep 28 2022 01: +0,1664323200
9.284,42,Sep 29 2022 01: +0,1664409600
9.571,35,Sep 30 2022 01: +0,1664496000
9.36,52,Oct 01 2022 01: +0,1664582400
9.322,44,Oct 02 2022 01: +0,1664668800
9.267,34,Oct 03 2022 01: +0,1664755200
9.738,45,Oct 04 2022 01: +0,1664841600
9.66,37,Oct 05 2022 01: +0,1664928000
9.386,38,Oct 06 2022 01: +0,1665014400
9.469,59,Oct 07 2022 01: +0,1665100800
9.114,38,Oct 08 2022 01: +0,1665187200
9.242,48,Oct 09 2022 01: +0,1665273600
9.283,38,Oct 10 2022 01: +0,1665360000
9.405,47,Oct 11 2022 01: +0,1665446400
9.056,26,Oct 12 2022 01: +0,1665532800
9.35,47,Oct 13 2022 01: +0,1665619200
9.319,39,Oct 14 2022 01: +0,1665705600
9.562,59,Oct 15 2022 01: +0,1665792000
9.36,43,Oct 16 2022 01: +0,1665878400
9.514,40,Oct 17 2022 01: +0,1665964800
9.613,43,Oct 18 2022 01: +0,1666051200
9.317,36,Oct 19 2022 01: +0,1666137600
9.369,27,Oct 20 2022 01: +0,1666224000
9.257,37,Oct 21 2022 01: +0,1666310400
8.776,70,Oct 22 2022 01: +0,1666396800
8.623,49,Oct 23 2022 01: +0,1666483200
8.837,46,Oct 24 2022 01: +0,1666569600
8.468,43,Oct 25 2022 01: +0,1666656000
8.897,31,Oct 26 2022 01: +0,1666742400
9.006,41,Oct 27 2022 01: +0,1666828800
8.896,41,Oct 28 2022 01: +0,1666915200
8.97,34,Oct 29 2022 01: +0,1667001600
8.915,42,Oct 30 2022 01: +0,1667088000
9.048,43,Oct 31 2022 01: +0,1667178000
8.963,35,Nov 01 2022 01: +0,1667264400
9.083,35,Nov 02 2022 01: +0,1667350800
9.207,41,Nov 03 2022 01: +0,1667437200
9.002,45,Nov 04 2022 01: +0,1667523600
8.978,44,Nov 05 2022 01: +0,1667610000
9.372,49,Nov 06 2022 01: +0,1667696400
9.452,41,Nov 07 2022 01: +0,1667782800
9.108,42,Nov 08 2022 01: +0,1667869200
9.472,27,Nov 09 2022 01: +0,1667955600
9.159,40,Nov 10 2022 01: +0,1668042000
9.395,38,Nov 11 2022 01: +0,1668128400
9.404,38,Nov 12 2022 01: +0,1668214800
9.288,47,Nov 13 2022 01: +0,1668301200
8.781,36,Nov 14 2022 01: +0,1668387600
9.119,34,Nov 15 2022 01: +0,1668474000
9.258,45,Nov 16 2022 01: +0,1668560400
9.242,38,Nov 17 2022 01: +0,1668646800
9.171,42,Nov 18 2022 01: +0,1668733200
9.057,38,Nov 19 2022 01: +0,1668819600
8.941,46,Nov 20 2022 01: +0,1668906000
8.688,48,Nov 21 2022 01: +0,1668992400
9.132,37,Nov 22 2022 01: +0,1669078800
8.377,60,Nov 23 2022 01: +0,1669165200
8.56,52,Nov 24 2022 01: +0,1669251600
8.316,42,Nov 25 2022 01: +0,1669338000
8.566,52,Nov 26 2022 01: +0,1669424400
8.614,39,Nov 27 2022 01: +0,1669510800
8.314,41,Nov 28 2022 01: +0,1669597200
8.686,45,Nov 29 2022 01: +0,1669683600
8.798,42,Nov 30 2022 01: +0,1669770000
8.903,33,Dec 01 2022 01: +0,1669856400
8.936,58,Dec 02 2022 01: +0,1669942800
9.126,55,Dec 03 2022 01: +0,1670029200
9.355,54,Dec 04 2022 01: +0,1670115600
8.992,42,Dec 05 2022 01: +0,1670202000
9.245,38,Dec 06 2022 01: +0,1670288400
9.149,43,Dec 07 2022 01: +0,1670374800
9.084,29,Dec 08 2022 01: +0,1670461200
9.346,35,Dec 09 2022 01: +0,1670547600
9.253,38,Dec 10 2022 01: +0,1670634000
9.408,40,Dec 11 2022 01: +0,1670720400
9.864,28,Dec 12 2022 01: +0,1670806800
9.264,31,Dec 13 2022 01: +0,1670893200
9.641,31,Dec 14 2022 01: +0,1670979600
9.076,51,Dec 15 2022 01: +0,1671066000
9.155,48,Dec 16 2022 01: +0,1671152400
9.167,50,Dec 17 2022 01: +0,1671238800
8.835,41,Dec 18 2022 01: +0,1671325200
8.923,44,Dec 19 2022 01: +0,1671411600
9.069,43,Dec 20 2022 01: +0,1671498000
8.945,37,Dec 21 2022 01: +0,1671584400
8.848,55,Dec 22 2022 01: +0,1671670800
8.654,55,Dec 23 2022 01: +0,1671757200
8.76,70,Dec 24 2022 01: +0,1671843600
9.224,58,Dec 25 2022 01: +0,1671930000
8.88,51,Dec 26 2022 01: +0,1672016400
9.049,45,Dec 27 2022 01: +0,1672102800
9.072,62,Dec 28 2022 01: +0,1672189200
8.978,47,Dec 29 2022 01: +0,1672275600
9.282,62,Dec 30 2022 01: +0,1672362000
9.378,50,Dec 31 2022 01: +0,1672448400
9.295,66,Jan 01 2023 01: +0,1672534800
9.47,45,Jan 02 2023 01: +0,1672621200
9.27,40,Jan 03 2023 01: +0,1672707600
9.475,57,Jan 04 2023 01: +0,1672794000
9.568,48,Jan 05 2023 01: +0,1672880400
9.967,49,Jan 06 2023 01: +0,1672966800
10.279,40,Jan 07 2023 01: +0,1673053200
10.454,34,Jan 08 2023 01: +0,1673139600
10.44,46,Jan 09 2023 01: +0,1673226000
10.58,33,Jan 10 2023 01: +0,1673312400
10.384,43,Jan 11 2023 01: +0,1673398800
10.342,42,Jan 12 2023 01: +0,1673485200
10.567,45,Jan 13 2023 01: +0,1673571600
10.526,51,Jan 14 2023 01: +0,1673658000
10.675,49,Jan 15 2023 01: +0,1673744400
10.709,34,Jan 16 2023 01: +0,1673830800
10.704,59,Jan 17 2023 01: +0,1673917200
10.87,44,Jan 18 2023 01: +0,1674003600
11.079,39,Jan 19 2023 01: +0,1674090000
10.595,40,Jan 20 2023 01: +0,1674176400
10.948,43,Jan 21 2023 01: +0,1674262800
10.622,44,Jan 22 2023 01: +0,1674349200
10.726,40,Jan 23 2023 01: +0,1674435600
10.722,36,Jan 24 2023 01: +0,1674522000
10.565,35,Jan 25 2023 01: +0,1674608400
10.651,48,Jan 26 2023 01: +0,1674694800
10.642,57,Jan 27 2023 01: +0,1674781200
10.802,61,Jan 28 2023 01: +0,1674867600
10.895,45,Jan 29 2023 01: +0,1674954000
10.891,38,Jan 30 2023 01: +0,1675040400
10.715,44,Jan 31 2023 01: +0,1675126800
10.613,42,Feb 01 2023 01: +0,1675213200
10.514,41,Feb 02 2023 01: +0,1675299600
10.638,50,Feb 03 2023 01: +0,1675386000
10.667,50,Feb 04 2023 01: +0,1675472400
10.577,52,Feb 05 2023 01: +0,1675558800
10.286,49,Feb 06 2023 01: +0,1675645200
10.47,46,Feb 07 2023 01: +0,1675731600
9.723,47,Feb 08 2023 01: +0,1675818000
10.091,51,Feb 09 2023 01: +0,1675904400
10.446,92,Feb 10 2023 01: +0,1675990800
10.414,86,Feb 11 2023 01: +0,1676077200
10.444,63,Feb 12 2023 01: +0,1676163600
10.211,77,Feb 13 2023 01: +0,1676250000
10.117,51,Feb 14 2023 01: +0,1676336400
10.794,7,Feb 14 2023 21: +0,1676408400
10.424,2,Feb 14 2023 23: +0,1676415600
10.71,3,Feb 15 2023 00: +0,1676419200
10.75,1,Feb 15 2023 01: +0,1676422800
10.209,1,Feb 15 2023 02: +0,1676426400
10.825,2,Feb 15 2023 03: +0,1676430000
10.719,1,Feb 15 2023 05: +0,1676437200
9.945,2,Feb 15 2023 08: +0,1676448000
9.864,1,Feb 15 2023 09: +0,1676451600
10.476,4,Feb 15 2023 10: +0,1676455200
10.834,5,Feb 15 2023 11: +0,1676458800
9.633,2,Feb 15 2023 12: +0,1676462400
10.343,4,Feb 15 2023 13: +0,1676466000
10.648,6,Feb 15 2023 14: +0,1676469600
10.353,3,Feb 15 2023 15: +0,1676473200
10.293,5,Feb 15 2023 16: +0,1676476800
10.54,6,Feb 15 2023 17: +0,1676480400
9.331,5,Feb 15 2023 18: +0,1676484000
10.775,6,Feb 15 2023 19: +0,1676487600
10.786,5,Feb 15 2023 20: +0,1676491200
9.479,6,Feb 15 2023 21: +0,1676494800
9.666,1,Feb 15 2023 22: +0,1676498400
9.245,1,Feb 15 2023 23: +0,1676502000
10.176,2,Feb 16 2023 00: +0,1676505600
9.277,2,Feb 16 2023 01: +0,1676509200
9.762,2,Feb 16 2023 02: +0,1676512800
10.129,2,Feb 16 2023 03: +0,1676516400
9.421,2,Feb 16 2023 04: +0,1676520000
10.506,2,Feb 16 2023 05: +0,1676523600
9.221,3,Feb 16 2023 06: +0,1676527200
10.825,1,Feb 16 2023 07: +0,1676530800
10.792,4,Feb 16 2023 08: +0,1676534400
10.539,3,Feb 16 2023 10: +0,1676541600
9.907,3,Feb 16 2023 11: +0,1676545200
10.605,1,Feb 16 2023 12: +0,1676548800
9.479,3,Feb 16 2023 13: +0,1676552400
10.335,4,Feb 16 2023 14: +0,1676556000
10.601,10,Feb 16 2023 15: +0,1676559600
10.83,1,Feb 16 2023 16: +0,1676563200
10.742,4,Feb 16 2023 17: +0,1676566800
10.496,4,Feb 16 2023 18: +0,1676570400
9.454,5,Feb 16 2023 19: +0,1676574000
10.759,7,Feb 16 2023 20: +0,1676577600
10.778,5,Feb 16 2023 21: +0,1676581200
10.627,5,Feb 16 2023 22: +0,1676584800
10.979,4,Feb 16 2023 23: +0,1676588400
9.331,1,Feb 17 2023 01: +0,1676595600
10.414,2,Feb 17 2023 02: +0,1676599200
10.599,1,Feb 17 2023 05: +0,1676610000
9.788,2,Feb 17 2023 07: +0,1676617200
9.351,3,Feb 17 2023 08: +0,1676620800
10.333,2,Feb 17 2023 09: +0,1676624400
10.654,2,Feb 17 2023 10: +0,1676628000
9.738,2,Feb 17 2023 11: +0,1676631600
9.846,5,Feb 17 2023 12: +0,1676635200
10.075,5,Feb 17 2023 13: +0,1676638800
10.825,6,Feb 17 2023 14: +0,1676642400
10.826,5,Feb 17 2023 15: +0,1676646000
10.651,6,Feb 17 2023 16: +0,1676649600
10.119,2,Feb 17 2023 17: +0,1676653200
10.797,9,Feb 17 2023 18: +0,1676656800
10.928,2,Feb 17 2023 19: +0,1676660400
10.499,5,Feb 17 2023 20: +0,1676664000
11.023,9,Feb 17 2023 21: +0,1676667600
10.986,14,Feb 17 2023 22: +0,1676671200
10.567,3,Feb 17 2023 23: +0,1676674800
11.11,2,Feb 18 2023 00: +0,1676678400
11.582,1,Feb 18 2023 02: +0,1676685600
11.125,1,Feb 18 2023 03: +0,1676689200
9.406,3,Feb 18 2023 04: +0,1676692800
11.088,2,Feb 18 2023 05: +0,1676696400
10.959,2,Feb 18 2023 06: +0,1676700000
10.388,2,Feb 18 2023 07: +0,1676703600
10.814,1,Feb 18 2023 08: +0,1676707200
11.11,2,Feb 18 2023 09: +0,1676710800
11.037,2,Feb 18 2023 10: +0,1676714400
10.664,1,Feb 18 2023 11: +0,1676718000
11.118,2,Feb 18 2023 12: +0,1676721600
10.932,3,Feb 18 2023 13: +0,1676725200
11.094,2,Feb 18 2023 14: +0,1676728800
11.111,7,Feb 18 2023 15: +0,1676732400
11.45,2,Feb 18 2023 16: +0,1676736000
10.951,5,Feb 18 2023 17: +0,1676739600
11.181,2,Feb 18 2023 18: +0,1676743200
10.665,5,Feb 18 2023 19: +0,1676746800
11.109,7,Feb 18 2023 20: +0,1676750400
9.581,3,Feb 18 2023 21: +0,1676754000
10.936,4,Feb 18 2023 22: +0,1676757600
11.31,1,Feb 18 2023 23: +0,1676761200
9.646,2,Feb 19 2023 00: +0,1676764800
10.058,1,Feb 19 2023 01: +0,1676768400
9.931,1,Feb 19 2023 03: +0,1676775600
10.441,1,Feb 19 2023 04: +0,1676779200
9.332,1,Feb 19 2023 06: +0,1676786400
10.364,1,Feb 19 2023 07: +0,1676790000
9.504,1,Feb 19 2023 08: +0,1676793600
10.646,2,Feb 19 2023 09: +0,1676797200
10.936,5,Feb 19 2023 10: +0,1676800800
8.76,2,Feb 19 2023 11: +0,1676804400
10.696,5,Feb 19 2023 12: +0,1676808000
10.859,7,Feb 19 2023 13: +0,1676811600
11.156,8,Feb 19 2023 14: +0,1676815200
10.555,3,Feb 19 2023 15: +0,1676818800
10.644,7,Feb 19 2023 16: +0,1676822400
10.809,5,Feb 19 2023 17: +0,1676826000
11.481,8,Feb 19 2023 18: +0,1676829600
11.894,1,Feb 19 2023 19: +0,1676833200
9.699,4,Feb 19 2023 20: +0,1676836800
11.627,4,Feb 19 2023 21: +0,1676840400
9.71,1,Feb 19 2023 22: +0,1676844000
10.057,2,Feb 19 2023 23: +0,1676847600
9.754,2,Feb 20 2023 00: +0,1676851200
9.099,1,Feb 20 2023 03: +0,1676862000
10.915,3,Feb 20 2023 05: +0,1676869200
11.109,1,Feb 20 2023 06: +0,1676872800
10.22,2,Feb 20 2023 07: +0,1676876400
10.311,2,Feb 20 2023 09: +0,1676883600
10.121,1,Feb 20 2023 10: +0,1676887200
10.903,3,Feb 20 2023 11: +0,1676890800
10.554,3,Feb 20 2023 12: +0,1676894400
11.575,3,Feb 20 2023 13: +0,1676898000
10.568,4,Feb 20 2023 14: +0,1676901600
10.464,2,Feb 20 2023 15: +0,1676905200
11.393,4,Feb 20 2023 16: +0,1676908800
11.478,3,Feb 20 2023 17: +0,1676912400
11.544,5,Feb 20 2023 18: +0,1676916000
10.39,1,Feb 20 2023 19: +0,1676919600
10.996,4,Feb 20 2023 20: +0,1676923200
10.824,2,Feb 20 2023 21: +0,1676926800
10.291,2,Feb 20 2023 22: +0,1676930400
10.489,2,Feb 20 2023 23: +0,1676934000
10.41,2,Feb 21 2023 00: +0,1676937600
10.442,3,Feb 21 2023 05: +0,1676955600
10.759,1,Feb 21 2023 06: +0,1676959200
10.563,1,Feb 21 2023 07: +0,1676962800
11.022,1,Feb 21 2023 08: +0,1676966400
11.087,1,Feb 21 2023 09: +0,1676970000
10.972,2,Feb 21 2023 11: +0,1676977200
10.603,3,Feb 21 2023 12: +0,1676980800
9.835,1,Feb 21 2023 13: +0,1676984400
10.034,1,Feb 21 2023 14: +0,1676988000
10.121,5,Feb 21 2023 15: +0,1676991600
10.534,5,Feb 21 2023 16: +0,1676995200
10.646,4,Feb 21 2023 17: +0,1676998800
10.879,2,Feb 21 2023 18: +0,1677002400
10.52,2,Feb 21 2023 19: +0,1677006000
10.001,5,Feb 21 2023 20: +0,1677009600
11.204,2,Feb 21 2023 21: +0,1677013200
9.777,1,Feb 21 2023 22: +0,1677016800
11.329,3,Feb 21 2023 23: +0,1677020400
10.809,2,Feb 22 2023 05: +0,1677042000
9.777,1,Feb 22 2023 07: +0,1677049200
10.817,2,Feb 22 2023 08: +0,1677052800
9.777,1,Feb 22 2023 09: +0,1677056400
11.188,2,Feb 22 2023 10: +0,1677060000
11.318,2,Feb 22 2023 11: +0,1677063600
11.32,1,Feb 22 2023 12: +0,1677067200
9.996,4,Feb 22 2023 13: +0,1677070800
9.982,2,Feb 22 2023 14: +0,1677074400
10.987,3,Feb 22 2023 15: +0,1677078000
10.555,1,Feb 22 2023 16: +0,1677081600
11.241,3,Feb 22 2023 17: +0,1677085200
10.567,3,Feb 22 2023 18: +0,1677088800
11.31,3,Feb 22 2023 19: +0,1677092400
10.552,3,Feb 22 2023 20: +0,1677096000
11.134,8,Feb 22 2023 21: +0,1677099600
9.499,4,Feb 22 2023 22: +0,1677103200
9.737,3,Feb 22 2023 23: +0,1677106800
10.332,3,Feb 23 2023 00: +0,1677110400
10.134,2,Feb 23 2023 01: +0,1677114000
10.058,1,Feb 23 2023 03: +0,1677121200
10.88,2,Feb 23 2023 04: +0,1677124800
11.172,2,Feb 23 2023 05: +0,1677128400
11.148,2,Feb 23 2023 07: +0,1677135600
9.981,1,Feb 23 2023 08: +0,1677139200
10.459,2,Feb 23 2023 09: +0,1677142800
10.055,3,Feb 23 2023 10: +0,1677146400
10.627,5,Feb 23 2023 11: +0,1677150000
10.439,3,Feb 23 2023 12: +0,1677153600
11.052,1,Feb 23 2023 13: +0,1677157200
11.263,1,Feb 23 2023 14: +0,1677160800
9.747,2,Feb 23 2023 15: +0,1677164400
10.091,4,Feb 23 2023 16: +0,1677168000
9.874,4,Feb 23 2023 17: +0,1677171600
10.92,4,Feb 23 2023 18: +0,1677175200
10.826,5,Feb 23 2023 19: +0,1677178800
9.603,3,Feb 23 2023 20: +0,1677182400
10.127,4,Feb 23 2023 21: +0,1677186000
10.618,1,Feb 23 2023 22: +0,1677189600
10.002,4,Feb 23 2023 23: +0,1677193200
10.427,1,Feb 24 2023 00: +0,1677196800
9.479,1,Feb 24 2023 02: +0,1677204000
10.215,1,Feb 24 2023 03: +0,1677207600
9.326,2,Feb 24 2023 06: +0,1677218400
10.049,3,Feb 24 2023 07: +0,1677222000
9.835,2,Feb 24 2023 08: +0,1677225600
9.971,1,Feb 24 2023 10: +0,1677232800
9.512,3,Feb 24 2023 11: +0,1677236400
9.996,3,Feb 24 2023 12: +0,1677240000
10.432,3,Feb 24 2023 13: +0,1677243600
10.422,5,Feb 24 2023 14: +0,1677247200
9.904,3,Feb 24 2023 15: +0,1677250800
9.787,4,Feb 24 2023 16: +0,1677254400
11.073,5,Feb 24 2023 17: +0,1677258000
10.918,3,Feb 24 2023 18: +0,1677261600
11.023,4,Feb 24 2023 19: +0,1677265200
10.52,4,Feb 24 2023 20: +0,1677268800
10.762,4,Feb 24 2023 21: +0,1677272400
10.624,2,Feb 24 2023 22: +0,1677276000
10.347,3,Feb 25 2023 00: +0,1677283200
10.903,2,Feb 25 2023 01: +0,1677286800
10.245,1,Feb 25 2023 04: +0,1677297600
10.348,1,Feb 25 2023 05: +0,1677301200
10.134,2,Feb 25 2023 06: +0,1677304800
10.935,1,Feb 25 2023 07: +0,1677308400
9.748,1,Feb 25 2023 08: +0,1677312000
10.543,1,Feb 25 2023 09: +0,1677315600
10.5,3,Feb 25 2023 10: +0,1677319200
10.932,2,Feb 25 2023 11: +0,1677322800
10.287,2,Feb 25 2023 12: +0,1677326400
9.874,2,Feb 25 2023 14: +0,1677333600
10.597,6,Feb 25 2023 15: +0,1677337200
10.826,5,Feb 25 2023 16: +0,1677340800
10.919,6,Feb 25 2023 17: +0,1677344400
11.076,3,Feb 25 2023 18: +0,1677348000
11.159,3,Feb 25 2023 19: +0,1677351600
9.554,1,Feb 25 2023 20: +0,1677355200
9.582,5,Feb 25 2023 21: +0,1677358800
10.997,2,Feb 25 2023 22: +0,1677362400
11.192,1,Feb 25 2023 23: +0,1677366000
10.374,5,Feb 26 2023 00: +0,1677369600
11.191,1,Feb 26 2023 01: +0,1677373200
9.512,1,Feb 26 2023 05: +0,1677387600
9.673,3,Feb 26 2023 09: +0,1677402000
10.482,2,Feb 26 2023 10: +0,1677405600
10.579,2,Feb 26 2023 11: +0,1677409200
10.865,8,Feb 26 2023 12: +0,1677412800
10.381,3,Feb 26 2023 13: +0,1677416400
10.295,2,Feb 26 2023 14: +0,1677420000
11.019,3,Feb 26 2023 15: +0,1677423600
9.661,3,Feb 26 2023 16: +0,1677427200
10.566,3,Feb 26 2023 17: +0,1677430800
10.37,4,Feb 26 2023 18: +0,1677434400
10.326,3,Feb 26 2023 19: +0,1677438000
10.976,5,Feb 26 2023 20: +0,1677441600
10.653,3,Feb 26 2023 21: +0,1677445200
10.877,4,Feb 26 2023 22: +0,1677448800
10.352,2,Feb 26 2023 23: +0,1677452400
10.079,2,Feb 27 2023 00: +0,1677456000
11.044,1,Feb 27 2023 01: +0,1677459600
9.51,1,Feb 27 2023 02: +0,1677463200
10.651,1,Feb 27 2023 05: +0,1677474000
9.24,1,Feb 27 2023 06: +0,1677477600
11.068,3,Feb 27 2023 09: +0,1677488400
11.067,1,Feb 27 2023 10: +0,1677492000
10.975,2,Feb 27 2023 11: +0,1677495600
11.07,3,Feb 27 2023 12: +0,1677499200
10.001,3,Feb 27 2023 14: +0,1677506400
9.999,5,Feb 27 2023 15: +0,1677510000
10.599,4,Feb 27 2023 16: +0,1677513600
10.892,4,Feb 27 2023 17: +0,1677517200
11.075,5,Feb 27 2023 19: +0,1677524400
11.215,7,Feb 27 2023 20: +0,1677528000
10.453,4,Feb 27 2023 21: +0,1677531600
11.286,3,Feb 27 2023 22: +0,1677535200
11.228,1,Feb 27 2023 23: +0,1677538800
10.399,2,Feb 28 2023 00: +0,1677542400
11.235,1,Feb 28 2023 01: +0,1677546000
10.795,1,Feb 28 2023 03: +0,1677553200
9.397,1,Feb 28 2023 05: +0,1677560400
10.536,3,Feb 28 2023 06: +0,1677564000
10.421,2,Feb 28 2023 08: +0,1677571200
9.583,2,Feb 28 2023 09: +0,1677574800
10.515,5,Feb 28 2023 10: +0,1677578400
9.744,5,Feb 28 2023 11: +0,1677582000
10.599,2,Feb 28 2023 12: +0,1677585600
10.852,6,Feb 28 2023 13: +0,1677589200
11.07,3,Feb 28 2023 14: +0,1677592800
10.033,1,Feb 28 2023 15: +0,1677596400
10.835,1,Feb 28 2023 16: +0,1677600000
10.195,4,Feb 28 2023 17: +0,1677603600
10.844,4,Feb 28 2023 18: +0,1677607200
10.747,4,Feb 28 2023 19: +0,1677610800
10.763,4,Feb 28 2023 20: +0,1677614400
9.863,2,Feb 28 2023 21: +0,1677618000
9.473,2,Feb 28 2023 22: +0,1677621600
10.151,1,Mar 01 2023 00: +0,1677628800
9.512,1,Mar 01 2023 01: +0,1677632400
10.374,3,Mar 01 2023 02: +0,1677636000
10.451,2,Mar 01 2023 04: +0,1677643200
9.868,1,Mar 01 2023 05: +0,1677646800
11.212,1,Mar 01 2023 06: +0,1677650400
10.402,2,Mar 01 2023 07: +0,1677654000
10.452,2,Mar 01 2023 08: +0,1677657600
10.467,3,Mar 01 2023 09: +0,1677661200
10.677,1,Mar 01 2023 10: +0,1677664800
11.237,1,Mar 01 2023 11: +0,1677668400
11.143,2,Mar 01 2023 12: +0,1677672000
10.08,5,Mar 01 2023 13: +0,1677675600
10.753,1,Mar 01 2023 14: +0,1677679200
10.715,1,Mar 01 2023 15: +0,1677682800
10.919,5,Mar 01 2023 16: +0,1677686400
11.066,2,Mar 01 2023 17: +0,1677690000
11.242,3,Mar 01 2023 18: +0,1677693600
10.115,5,Mar 01 2023 19: +0,1677697200
11.004,3,Mar 01 2023 20: +0,1677700800
10.034,5,Mar 01 2023 21: +0,1677704400
10.977,4,Mar 01 2023 22: +0,1677708000
11.215,3,Mar 01 2023 23: +0,1677711600
10.52,2,Mar 02 2023 01: +0,1677718800
10.058,1,Mar 02 2023 03: +0,1677726000
11.22,2,Mar 02 2023 04: +0,1677729600
10.058,3,Mar 02 2023 08: +0,1677744000
10.863,2,Mar 02 2023 09: +0,1677747600
10.78,2,Mar 02 2023 10: +0,1677751200
11.312,2,Mar 02 2023 11: +0,1677754800
11.253,3,Mar 02 2023 12: +0,1677758400
10.925,4,Mar 02 2023 13: +0,1677762000
11.41,4,Mar 02 2023 14: +0,1677765600
11.409,5,Mar 02 2023 15: +0,1677769200
10.598,6,Mar 02 2023 16: +0,1677772800
10.083,3,Mar 02 2023 17: +0,1677776400
10.892,8,Mar 02 2023 18: +0,1677780000
10.529,6,Mar 02 2023 19: +0,1677783600
10.589,3,Mar 02 2023 20: +0,1677787200
11.668,2,Mar 02 2023 21: +0,1677790800
11.174,5,Mar 02 2023 22: +0,1677794400
10.596,2,Mar 02 2023 23: +0,1677798000
10.866,2,Mar 03 2023 00: +0,1677801600
10.141,1,Mar 03 2023 02: +0,1677808800
10.529,1,Mar 03 2023 04: +0,1677816000
11.044,1,Mar 03 2023 06: +0,1677823200
9.315,1,Mar 03 2023 07: +0,1677826800
11.411,3,Mar 03 2023 08: +0,1677830400
11.189,1,Mar 03 2023 10: +0,1677837600
11.614,2,Mar 03 2023 11: +0,1677841200
10.174,1,Mar 03 2023 12: +0,1677844800
11.529,4,Mar 03 2023 13: +0,1677848400
11.107,3,Mar 03 2023 14: +0,1677852000
10.895,1,Mar 03 2023 15: +0,1677855600
11.424,7,Mar 03 2023 16: +0,1677859200
11.604,8,Mar 03 2023 17: +0,1677862800
11.664,5,Mar 03 2023 18: +0,1677866400
10.505,3,Mar 03 2023 19: +0,1677870000
11.203,5,Mar 03 2023 21: +0,1677877200
11.301,4,Mar 03 2023 22: +0,1677880800
10.792,5,Mar 03 2023 23: +0,1677884400
10.93,2,Mar 04 2023 00: +0,1677888000
11.847,1,Mar 04 2023 03: +0,1677898800
10.141,1,Mar 04 2023 04: +0,1677902400
10.141,1,Mar 04 2023 06: +0,1677909600
10.828,2,Mar 04 2023 07: +0,1677913200
10.944,1,Mar 04 2023 08: +0,1677916800
11.604,1,Mar 04 2023 09: +0,1677920400
10.671,2,Mar 04 2023 10: +0,1677924000
11.269,3,Mar 04 2023 11: +0,1677927600
11.163,2,Mar 04 2023 12: +0,1677931200
10.794,4,Mar 04 2023 13: +0,1677934800
11.345,2,Mar 04 2023 14: +0,1677938400
11.546,5,Mar 04 2023 15: +0,1677942000
12.488,2,Mar 04 2023 16: +0,1677945600
11.471,6,Mar 04 2023 18: +0,1677952800
11.183,5,Mar 04 2023 19: +0,1677956400
11.492,7,Mar 04 2023 20: +0,1677960000
11.356,5,Mar 04 2023 21: +0,1677963600
11.175,3,Mar 04 2023 22: +0,1677967200
11.969,4,Mar 04 2023 23: +0,1677970800
12.263,1,Mar 05 2023 00: +0,1677974400
12.303,2,Mar 05 2023 01: +0,1677978000
12.377,1,Mar 05 2023 02: +0,1677981600
10.224,1,Mar 05 2023 04: +0,1677988800
10.92,2,Mar 05 2023 06: +0,1677996000
12.328,1,Mar 05 2023 08: +0,1678003200
12.614,1,Mar 05 2023 09: +0,1678006800
11.157,3,Mar 05 2023 11: +0,1678014000
12.072,5,Mar 05 2023 12: +0,1678017600
11.845,2,Mar 05 2023 13: +0,1678021200
10.619,7,Mar 05 2023 14: +0,1678024800
11.67,4,Mar 05 2023 15: +0,1678028400
11.314,4,Mar 05 2023 16: +0,1678032000
11.481,3,Mar 05 2023 17: +0,1678035600
11.868,7,Mar 05 2023 18: +0,1678039200
12.184,2,Mar 05 2023 19: +0,1678042800
11.701,7,Mar 05 2023 20: +0,1678046400
11.85,5,Mar 05 2023 21: +0,1678050000
11.834,1,Mar 05 2023 22: +0,1678053600
12.305,1,Mar 05 2023 23: +0,1678057200
11.418,1,Mar 06 2023 04: +0,1678075200
11.395,2,Mar 06 2023 07: +0,1678086000
10.325,2,Mar 06 2023 09: +0,1678093200
12.034,1,Mar 06 2023 10: +0,1678096800
11.492,3,Mar 06 2023 11: +0,1678100400
11.982,1,Mar 06 2023 12: +0,1678104000
11.676,3,Mar 06 2023 14: +0,1678111200
11.656,5,Mar 06 2023 15: +0,1678114800
11.581,5,Mar 06 2023 16: +0,1678118400
11.875,6,Mar 06 2023 17: +0,1678122000
11.858,5,Mar 06 2023 18: +0,1678125600
10.525,5,Mar 06 2023 19: +0,1678129200
10.697,5,Mar 06 2023 20: +0,1678132800
10.711,2,Mar 06 2023 21: +0,1678136400
10.206,3,Mar 06 2023 22: +0,1678140000
10.959,2,Mar 06 2023 23: +0,1678143600
11.027,2,Mar 07 2023 03: +0,1678158000
10.217,3,Mar 07 2023 04: +0,1678161600
10.873,2,Mar 07 2023 05: +0,1678165200
11.029,3,Mar 07 2023 08: +0,1678176000
11.157,2,Mar 07 2023 09: +0,1678179600
10.116,1,Mar 07 2023 10: +0,1678183200
11.05,2,Mar 07 2023 11: +0,1678186800
11.465,3,Mar 07 2023 13: +0,1678194000
11.833,1,Mar 07 2023 14: +0,1678197600
11.572,7,Mar 07 2023 15: +0,1678201200
10.248,1,Mar 07 2023 16: +0,1678204800
11.202,6,Mar 07 2023 17: +0,1678208400
11.84,3,Mar 07 2023 18: +0,1678212000
11.333,4,Mar 07 2023 19: +0,1678215600
11.448,4,Mar 07 2023 20: +0,1678219200
11.901,4,Mar 07 2023 21: +0,1678222800
11.167,2,Mar 07 2023 22: +0,1678226400
10.911,3,Mar 07 2023 23: +0,1678230000
11.295,1,Mar 08 2023 00: +0,1678233600
10.965,2,Mar 08 2023 01: +0,1678237200
10.133,2,Mar 08 2023 04: +0,1678248000
10.911,1,Mar 08 2023 05: +0,1678251600
11.225,1,Mar 08 2023 06: +0,1678255200
10.806,2,Mar 08 2023 08: +0,1678262400
10.125,3,Mar 08 2023 09: +0,1678266000
11.531,2,Mar 08 2023 10: +0,1678269600
11.443,3,Mar 08 2023 11: +0,1678273200
11.372,4,Mar 08 2023 12: +0,1678276800
11.568,1,Mar 08 2023 13: +0,1678280400
11.497,6,Mar 08 2023 14: +0,1678284000
10.919,3,Mar 08 2023 15: +0,1678287600
11.422,2,Mar 08 2023 16: +0,1678291200
11.297,6,Mar 08 2023 17: +0,1678294800
11.305,5,Mar 08 2023 18: +0,1678298400
10.715,6,Mar 08 2023 19: +0,1678302000
11.644,5,Mar 08 2023 20: +0,1678305600
10.526,2,Mar 08 2023 21: +0,1678309200
10.147,3,Mar 08 2023 22: +0,1678312800
10.075,4,Mar 08 2023 23: +0,1678316400
11.716,1,Mar 09 2023 00: +0,1678320000
10.221,1,Mar 09 2023 01: +0,1678323600
11.845,1,Mar 09 2023 02: +0,1678327200
11.733,1,Mar 09 2023 03: +0,1678330800
11.299,1,Mar 09 2023 06: +0,1678341600
10.975,2,Mar 09 2023 07: +0,1678345200
11.738,1,Mar 09 2023 08: +0,1678348800
11.176,1,Mar 09 2023 10: +0,1678356000
11.402,1,Mar 09 2023 11: +0,1678359600
11.319,6,Mar 09 2023 12: +0,1678363200
11.634,3,Mar 09 2023 13: +0,1678366800
11.615,3,Mar 09 2023 14: +0,1678370400
10.886,2,Mar 09 2023 15: +0,1678374000
11.603,3,Mar 09 2023 16: +0,1678377600
11.634,1,Mar 09 2023 17: +0,1678381200
11.713,6,Mar 09 2023 18: +0,1678384800
11.022,5,Mar 09 2023 19: +0,1678388400
11.864,1,Mar 09 2023 20: +0,1678392000
11.647,1,Mar 09 2023 21: +0,1678395600
10.197,2,Mar 09 2023 22: +0,1678399200
11.622,3,Mar 09 2023 23: +0,1678402800
10.116,1,Mar 10 2023 02: +0,1678413600
9.512,1,Mar 10 2023 04: +0,1678420800
10.107,1,Mar 10 2023 09: +0,1678438800
11.275,3,Mar 10 2023 10: +0,1678442400
10.559,2,Mar 10 2023 11: +0,1678446000
11.238,2,Mar 10 2023 12: +0,1678449600
11.109,2,Mar 10 2023 13: +0,1678453200
11.415,5,Mar 10 2023 14: +0,1678456800
11.202,4,Mar 10 2023 15: +0,1678460400
10.685,2,Mar 10 2023 16: +0,1678464000
10.04,4,Mar 10 2023 17: +0,1678467600
10.371,6,Mar 10 2023 18: +0,1678471200
11.389,7,Mar 10 2023 19: +0,1678474800
11.644,1,Mar 10 2023 20: +0,1678478400
10.935,5,Mar 10 2023 21: +0,1678482000
10.808,2,Mar 10 2023 22: +0,1678485600
11.202,2,Mar 10 2023 23: +0,1678489200
11.216,2,Mar 11 2023 00: +0,1678492800
10.838,2,Mar 11 2023 01: +0,1678496400
10.034,2,Mar 11 2023 04: +0,1678507200
10.865,4,Mar 11 2023 05: +0,1678510800
11.643,3,Mar 11 2023 06: +0,1678514400
10.778,1,Mar 11 2023 07: +0,1678518000
10.778,5,Mar 11 2023 08: +0,1678521600
11.047,2,Mar 11 2023 09: +0,1678525200
11.643,1,Mar 11 2023 11: +0,1678532400
10.7,6,Mar 11 2023 12: +0,1678536000
10.85,7,Mar 11 2023 13: +0,1678539600
10.736,2,Mar 11 2023 14: +0,1678543200
10.09,3,Mar 11 2023 15: +0,1678546800
10.428,2,Mar 11 2023 16: +0,1678550400
10.072,1,Mar 11 2023 17: +0,1678554000
11.269,4,Mar 11 2023 19: +0,1678561200
11.343,2,Mar 11 2023 20: +0,1678564800
10.618,3,Mar 11 2023 21: +0,1678568400
10.628,5,Mar 11 2023 22: +0,1678572000
10.825,3,Mar 11 2023 23: +0,1678575600
10.832,3,Mar 12 2023 01: +0,1678582800
11.542,2,Mar 12 2023 02: +0,1678586400
10.988,3,Mar 12 2023 04: +0,1678593600
9.934,1,Mar 12 2023 05: +0,1678597200
9.099,1,Mar 12 2023 06: +0,1678600800
10.162,2,Mar 12 2023 07: +0,1678604400
10.102,1,Mar 12 2023 08: +0,1678608000
10.79,2,Mar 12 2023 09: +0,1678611600
9.924,3,Mar 12 2023 10: +0,1678615200
10.211,2,Mar 12 2023 11: +0,1678618800
10.845,7,Mar 12 2023 12: +0,1678622400
11.535,1,Mar 12 2023 13: +0,1678626000
9.931,7,Mar 12 2023 14: +0,1678629600
10.845,5,Mar 12 2023 15: +0,1678633200
11.393,6,Mar 12 2023 16: +0,1678636800
11.321,3,Mar 12 2023 17: +0,1678640400
11.53,5,Mar 12 2023 18: +0,1678644000
11.03,2,Mar 12 2023 19: +0,1678647600
11.486,6,Mar 12 2023 20: +0,1678651200
10.12,2,Mar 12 2023 21: +0,1678654800
9.931,4,Mar 12 2023 22: +0,1678658400
11.34,6,Mar 12 2023 23: +0,1678662000
10.749,2,Mar 13 2023 00: +0,1678665600
11.613,3,Mar 13 2023 02: +0,1678672800
11.628,2,Mar 13 2023 05: +0,1678683600
9.934,1,Mar 13 2023 06: +0,1678687200
10.601,1,Mar 13 2023 08: +0,1678694400
11.107,4,Mar 13 2023 10: +0,1678701600
10.826,2,Mar 13 2023 11: +0,1678705200
10.777,1,Mar 13 2023 12: +0,1678708800
10.79,2,Mar 13 2023 13: +0,1678712400
10.768,3,Mar 13 2023 14: +0,1678716000
9.744,3,Mar 13 2023 15: +0,1678719600
10.777,6,Mar 13 2023 16: +0,1678723200
11.481,5,Mar 13 2023 17: +0,1678726800
11.603,6,Mar 13 2023 18: +0,1678730400
11.224,5,Mar 13 2023 19: +0,1678734000
11.651,3,Mar 13 2023 20: +0,1678737600
11.738,4,Mar 13 2023 21: +0,1678741200
11.13,2,Mar 13 2023 22: +0,1678744800
9.9,1,Mar 13 2023 23: +0,1678748400
10.69,2,Mar 14 2023 03: +0,1678762800
9.94,1,Mar 14 2023 04: +0,1678766400
10.97,2,Mar 14 2023 05: +0,1678770000
11.429,1,Mar 14 2023 07: +0,1678777200
11.524,2,Mar 14 2023 08: +0,1678780800
10.992,4,Mar 14 2023 11: +0,1678791600
11.628,3,Mar 14 2023 12: +0,1678795200
10.007,1,Mar 14 2023 13: +0,1678798800
10.016,5,Mar 14 2023 14: +0,1678802400
11.59,3,Mar 14 2023 15: +0,1678806000
11.578,2,Mar 14 2023 16: +0,1678809600
11.616,3,Mar 14 2023 17: +0,1678813200
11.015,1,Mar 14 2023 18: +0,1678816800
10.021,3,Mar 14 2023 19: +0,1678820400
10.066,7,Mar 14 2023 20: +0,1678824000
10.088,2,Mar 14 2023 21: +0,1678827600
11.55,4,Mar 14 2023 22: +0,1678831200
11.43,2,Mar 14 2023 23: +0,1678834800
11.429,1,Mar 15 2023 00: +0,1678838400
11.464,1,Mar 15 2023 01: +0,1678842000
11.571,1,Mar 15 2023 02: +0,1678845600
11.147,1,Mar 15 2023 04: +0,1678852800
10.79,1,Mar 15 2023 06: +0,1678860000
10.712,2,Mar 15 2023 09: +0,1678870800
11.558,2,Mar 15 2023 10: +0,1678874400
11.484,3,Mar 15 2023 11: +0,1678878000
11.34,2,Mar 15 2023 12: +0,1678881600
11.131,2,Mar 15 2023 13: +0,1678885200
10.069,4,Mar 15 2023 14: +0,1678888800
10.175,2,Mar 15 2023 15: +0,1678892400
11.19,7,Mar 15 2023 16: +0,1678896000
11.086,5,Mar 15 2023 17: +0,1678899600
10.764,6,Mar 15 2023 18: +0,1678903200
11.667,6,Mar 15 2023 19: +0,1678906800
11.597,4,Mar 15 2023 20: +0,1678910400
10.326,6,Mar 15 2023 21: +0,1678914000
11.014,1,Mar 15 2023 22: +0,1678917600
9.972,2,Mar 15 2023 23: +0,1678921200
11.361,1,Mar 16 2023 00: +0,1678924800
11.53,1,Mar 16 2023 01: +0,1678928400
11.628,1,Mar 16 2023 03: +0,1678935600
10.616,2,Mar 16 2023 04: +0,1678939200
11.297,1,Mar 16 2023 06: +0,1678946400
11.303,1,Mar 16 2023 07: +0,1678950000
10.261,1,Mar 16 2023 09: +0,1678957200
10.623,2,Mar 16 2023 10: +0,1678960800
11.131,1,Mar 16 2023 11: +0,1678964400
11.297,6,Mar 16 2023 12: +0,1678968000
10.639,4,Mar 16 2023 13: +0,1678971600
9.953,2,Mar 16 2023 14: +0,1678975200
11.332,6,Mar 16 2023 15: +0,1678978800
11.571,3,Mar 16 2023 16: +0,1678982400
11.345,4,Mar 16 2023 18: +0,1678989600
11.207,9,Mar 16 2023 19: +0,1678993200
10.511,3,Mar 16 2023 20: +0,1678996800
9.953,5,Mar 16 2023 21: +0,1679000400
10.111,3,Mar 16 2023 22: +0,1679004000
11.026,6,Mar 16 2023 23: +0,1679007600
11.232,1,Mar 17 2023 01: +0,1679014800
11.585,1,Mar 17 2023 02: +0,1679018400
11.632,1,Mar 17 2023 03: +0,1679022000
9.943,1,Mar 17 2023 04: +0,1679025600
11.465,1,Mar 17 2023 05: +0,1679029200
9.951,1,Mar 17 2023 06: +0,1679032800
9.945,3,Mar 17 2023 07: +0,1679036400
10.703,2,Mar 17 2023 08: +0,1679040000
11.427,1,Mar 17 2023 09: +0,1679043600
10.666,2,Mar 17 2023 10: +0,1679047200
11.428,3,Mar 17 2023 11: +0,1679050800
10.78,2,Mar 17 2023 12: +0,1679054400
10.482,5,Mar 17 2023 13: +0,1679058000
10.032,3,Mar 17 2023 14: +0,1679061600
10.936,5,Mar 17 2023 15: +0,1679065200
10.728,8,Mar 17 2023 16: +0,1679068800
10.429,4,Mar 17 2023 17: +0,1679072400
11.072,2,Mar 17 2023 18: +0,1679076000
11.17,4,Mar 17 2023 19: +0,1679079600
10.613,3,Mar 17 2023 20: +0,1679083200
11.397,8,Mar 17 2023 21: +0,1679086800
10.899,6,Mar 17 2023 22: +0,1679090400
10.564,4,Mar 17 2023 23: +0,1679094000
11.754,1,Mar 18 2023 00: +0,1679097600
9.975,1,Mar 18 2023 02: +0,1679104800
9.817,2,Mar 18 2023 03: +0,1679108400
9.916,2,Mar 18 2023 04: +0,1679112000
9.873,2,Mar 18 2023 05: +0,1679115600
10.19,2,Mar 18 2023 06: +0,1679119200
10.761,3,Mar 18 2023 07: +0,1679122800
10.774,2,Mar 18 2023 09: +0,1679130000
10.956,3,Mar 18 2023 10: +0,1679133600
11.22,1,Mar 18 2023 11: +0,1679137200
11.22,1,Mar 18 2023 12: +0,1679140800
11.22,6,Mar 18 2023 13: +0,1679144400
10.636,2,Mar 18 2023 14: +0,1679148000
10.85,2,Mar 18 2023 15: +0,1679151600
10.781,2,Mar 18 2023 16: +0,1679155200
10.682,4,Mar 18 2023 17: +0,1679158800
10.533,3,Mar 18 2023 18: +0,1679162400
10.062,5,Mar 18 2023 19: +0,1679166000
10.062,3,Mar 18 2023 20: +0,1679169600
10.371,2,Mar 18 2023 21: +0,1679173200
9.807,7,Mar 18 2023 22: +0,1679176800
11.069,2,Mar 18 2023 23: +0,1679180400
10.056,3,Mar 19 2023 00: +0,1679184000
9.629,2,Mar 19 2023 01: +0,1679187600
9.89,2,Mar 19 2023 03: +0,1679194800
9.388,1,Mar 19 2023 04: +0,1679198400
10.702,1,Mar 19 2023 05: +0,1679202000
9.739,1,Mar 19 2023 08: +0,1679212800
10.057,1,Mar 19 2023 09: +0,1679216400
10.207,4,Mar 19 2023 10: +0,1679220000
9.894,4,Mar 19 2023 11: +0,1679223600
10.957,3,Mar 19 2023 12: +0,1679227200
10.855,7,Mar 19 2023 13: +0,1679230800
11.237,4,Mar 19 2023 14: +0,1679234400
10.472,6,Mar 19 2023 15: +0,1679238000
11.299,4,Mar 19 2023 16: +0,1679241600
10.772,4,Mar 19 2023 17: +0,1679245200
11.303,7,Mar 19 2023 18: +0,1679248800
11.287,7,Mar 19 2023 19: +0,1679252400
10.587,4,Mar 19 2023 20: +0,1679256000
10.82,3,Mar 19 2023 21: +0,1679259600
11.302,3,Mar 19 2023 22: +0,1679263200
11.326,2,Mar 19 2023 23: +0,1679266800
11.355,1,Mar 20 2023 00: +0,1679270400
10.864,2,Mar 20 2023 02: +0,1679277600
10.123,2,Mar 20 2023 04: +0,1679284800
10.428,2,Mar 20 2023 09: +0,1679302800
10.94,2,Mar 20 2023 11: +0,1679310000
9.969,3,Mar 20 2023 13: +0,1679317200
10.677,7,Mar 20 2023 14: +0,1679320800
11.155,3,Mar 20 2023 15: +0,1679324400
10.747,6,Mar 20 2023 16: +0,1679328000
10.439,1,Mar 20 2023 17: +0,1679331600
10.054,6,Mar 20 2023 18: +0,1679335200
10.956,5,Mar 20 2023 19: +0,1679338800
10.057,7,Mar 20 2023 20: +0,1679342400
10.655,4,Mar 20 2023 21: +0,1679346000
10.103,1,Mar 20 2023 22: +0,1679349600
9.869,2,Mar 20 2023 23: +0,1679353200
9.976,1,Mar 21 2023 00: +0,1679356800
9.742,1,Mar 21 2023 01: +0,1679360400
10.194,1,Mar 21 2023 02: +0,1679364000
10.745,3,Mar 21 2023 03: +0,1679367600
9.371,1,Mar 21 2023 04: +0,1679371200
10.546,1,Mar 21 2023 07: +0,1679382000
9.747,1,Mar 21 2023 09: +0,1679389200
10.8,1,Mar 21 2023 11: +0,1679396400
9.978,4,Mar 21 2023 12: +0,1679400000
9.755,2,Mar 21 2023 13: +0,1679403600
10.8,3,Mar 21 2023 14: +0,1679407200
10.922,4,Mar 21 2023 15: +0,1679410800
10.573,5,Mar 21 2023 16: +0,1679414400
10.763,6,Mar 21 2023 17: +0,1679418000
10.967,5,Mar 21 2023 18: +0,1679421600
10.635,3,Mar 21 2023 19: +0,1679425200
10.892,8,Mar 21 2023 20: +0,1679428800
10.206,2,Mar 21 2023 21: +0,1679432400
10.327,2,Mar 21 2023 22: +0,1679436000
9.753,1,Mar 21 2023 23: +0,1679439600
8.812,1,Mar 22 2023 00: +0,1679443200
9.812,1,Mar 22 2023 01: +0,1679446800
10.344,3,Mar 22 2023 02: +0,1679450400
9.739,1,Mar 22 2023 03: +0,1679454000
9.755,1,Mar 22 2023 04: +0,1679457600
9.783,1,Mar 22 2023 05: +0,1679461200
10.133,2,Mar 22 2023 06: +0,1679464800
11.235,1,Mar 22 2023 07: +0,1679468400
9.747,1,Mar 22 2023 09: +0,1679475600
9.918,4,Mar 22 2023 10: +0,1679479200
9.755,1,Mar 22 2023 11: +0,1679482800
10.382,3,Mar 22 2023 12: +0,1679486400
10.249,3,Mar 22 2023 14: +0,1679493600
10.55,3,Mar 22 2023 15: +0,1679497200
11.177,5,Mar 22 2023 16: +0,1679500800
11.011,7,Mar 22 2023 17: +0,1679504400
11.011,3,Mar 22 2023 18: +0,1679508000
11.147,8,Mar 22 2023 19: +0,1679511600
10.632,6,Mar 22 2023 20: +0,1679515200
10.542,8,Mar 22 2023 21: +0,1679518800
10.304,6,Mar 22 2023 22: +0,1679522400
10.759,5,Mar 22 2023 23: +0,1679526000
11.311,1,Mar 23 2023 00: +0,1679529600
10.427,2,Mar 23 2023 01: +0,1679533200
10.908,3,Mar 23 2023 02: +0,1679536800
11.22,1,Mar 23 2023 03: +0,1679540400
11.262,3,Mar 23 2023 04: +0,1679544000
11.312,3,Mar 23 2023 05: +0,1679547600
9.788,1,Mar 23 2023 06: +0,1679551200
10.433,4,Mar 23 2023 07: +0,1679554800
11.388,1,Mar 23 2023 08: +0,1679558400
11.28,3,Mar 23 2023 09: +0,1679562000
11.281,4,Mar 23 2023 10: +0,1679565600
11.291,5,Mar 23 2023 11: +0,1679569200
10.484,4,Mar 23 2023 13: +0,1679576400
11.074,7,Mar 23 2023 14: +0,1679580000
10.131,5,Mar 23 2023 15: +0,1679583600
11.128,6,Mar 23 2023 16: +0,1679587200
11.356,3,Mar 23 2023 17: +0,1679590800
10.983,4,Mar 23 2023 18: +0,1679594400
11.062,8,Mar 23 2023 19: +0,1679598000
11.405,3,Mar 23 2023 20: +0,1679601600
11.171,7,Mar 23 2023 21: +0,1679605200
11.465,2,Mar 23 2023 22: +0,1679608800
11.286,3,Mar 23 2023 23: +0,1679612400
11.293,1,Mar 24 2023 00: +0,1679616000
11.344,3,Mar 24 2023 01: +0,1679619600
11.006,2,Mar 24 2023 03: +0,1679626800
11.08,2,Mar 24 2023 04: +0,1679630400
11.458,2,Mar 24 2023 05: +0,1679634000
11.142,3,Mar 24 2023 06: +0,1679637600
11.484,4,Mar 24 2023 07: +0,1679641200
11.528,5,Mar 24 2023 09: +0,1679648400
11.545,1,Mar 24 2023 10: +0,1679652000
10.907,3,Mar 24 2023 11: +0,1679655600
11.2,5,Mar 24 2023 12: +0,1679659200
11.581,3,Mar 24 2023 13: +0,1679662800
11.158,7,Mar 24 2023 14: +0,1679666400
11.59,3,Mar 24 2023 15: +0,1679670000
11.472,3,Mar 24 2023 16: +0,1679673600
10.944,8,Mar 24 2023 17: +0,1679677200
11.397,12,Mar 24 2023 18: +0,1679680800
11.564,6,Mar 24 2023 19: +0,1679684400
11.673,6,Mar 24 2023 20: +0,1679688000
11.866,8,Mar 24 2023 21: +0,1679691600
11.735,2,Mar 24 2023 22: +0,1679695200
11.009,5,Mar 24 2023 23: +0,1679698800
11.719,4,Mar 25 2023 00: +0,1679702400
11.35,3,Mar 25 2023 01: +0,1679706000
11.587,3,Mar 25 2023 02: +0,1679709600
11.481,1,Mar 25 2023 03: +0,1679713200
12.094,3,Mar 25 2023 04: +0,1679716800
12.111,5,Mar 25 2023 05: +0,1679720400
11.662,3,Mar 25 2023 06: +0,1679724000
10.286,1,Mar 25 2023 07: +0,1679727600
11.768,2,Mar 25 2023 08: +0,1679731200
12.222,3,Mar 25 2023 09: +0,1679734800
11.756,6,Mar 25 2023 10: +0,1679738400
11.068,5,Mar 25 2023 11: +0,1679742000
12.496,3,Mar 25 2023 12: +0,1679745600
10.609,5,Mar 25 2023 13: +0,1679749200
11.632,3,Mar 25 2023 14: +0,1679752800
11.669,7,Mar 25 2023 15: +0,1679756400
12.346,7,Mar 25 2023 16: +0,1679760000
11.832,4,Mar 25 2023 17: +0,1679763600
12.457,6,Mar 25 2023 18: +0,1679767200
12.563,4,Mar 25 2023 19: +0,1679770800
12.68,3,Mar 25 2023 20: +0,1679774400
12.01,7,Mar 25 2023 21: +0,1679778000
12.197,4,Mar 25 2023 22: +0,1679781600
11.958,3,Mar 25 2023 23: +0,1679785200
12.299,3,Mar 26 2023 00: +0,1679788800
12.299,3,Mar 26 2023 01: +0,1679792400
12.205,2,Mar 26 2023 02: +0,1679792400
12.942,1,Mar 26 2023 04: +0,1679799600
12.73,1,Mar 26 2023 05: +0,1679803200
13.009,2,Mar 26 2023 06: +0,1679806800
12.946,3,Mar 26 2023 07: +0,1679810400
13.088,2,Mar 26 2023 08: +0,1679814000
13.141,5,Mar 26 2023 09: +0,1679817600
12.2,5,Mar 26 2023 10: +0,1679821200
11.435,4,Mar 26 2023 11: +0,1679824800
12.831,8,Mar 26 2023 12: +0,1679828400
12.489,2,Mar 26 2023 14: +0,1679835600
13.047,9,Mar 26 2023 15: +0,1679839200
11.524,3,Mar 26 2023 16: +0,1679842800
10.356,1,Mar 26 2023 17: +0,1679846400
12.003,6,Mar 26 2023 18: +0,1679850000
11.408,3,Mar 26 2023 19: +0,1679853600
11.455,2,Mar 26 2023 20: +0,1679857200
11.685,2,Mar 26 2023 21: +0,1679860800
12.686,4,Mar 26 2023 22: +0,1679864400
13.219,2,Mar 26 2023 23: +0,1679868000
13.671,1,Mar 27 2023 01: +0,1679875200
11.257,3,Mar 27 2023 02: +0,1679878800
12.563,4,Mar 27 2023 03: +0,1679882400
13.002,3,Mar 27 2023 06: +0,1679893200
13.54,6,Mar 27 2023 08: +0,1679900400
11.464,4,Mar 27 2023 09: +0,1679904000
11.851,4,Mar 27 2023 10: +0,1679907600
13.518,3,Mar 27 2023 11: +0,1679911200
13.525,3,Mar 27 2023 12: +0,1679914800
12.009,2,Mar 27 2023 13: +0,1679918400
11.322,5,Mar 27 2023 14: +0,1679922000
12.424,6,Mar 27 2023 15: +0,1679925600
13.113,9,Mar 27 2023 16: +0,1679929200
12.161,6,Mar 27 2023 17: +0,1679932800
12.325,4,Mar 27 2023 18: +0,1679936400
12.293,3,Mar 27 2023 19: +0,1679940000
12.69,7,Mar 27 2023 20: +0,1679943600
12.994,6,Mar 27 2023 21: +0,1679947200
13.133,5,Mar 27 2023 22: +0,1679950800
12.195,3,Mar 27 2023 23: +0,1679954400
12.485,5,Mar 28 2023 00: +0,1679958000
12.465,1,Mar 28 2023 03: +0,1679968800
12.236,1,Mar 28 2023 06: +0,1679979600
12.486,4,Mar 28 2023 07: +0,1679983200
12.643,1,Mar 28 2023 08: +0,1679986800
11.87,4,Mar 28 2023 09: +0,1679990400
12.242,3,Mar 28 2023 11: +0,1679997600
12.831,6,Mar 28 2023 12: +0,1680001200
13.043,3,Mar 28 2023 13: +0,1680004800
12.976,4,Mar 28 2023 14: +0,1680008400
11.547,8,Mar 28 2023 15: +0,1680012000
12.241,6,Mar 28 2023 16: +0,1680015600
12.899,3,Mar 28 2023 17: +0,1680019200
12.465,3,Mar 28 2023 18: +0,1680022800
12.601,5,Mar 28 2023 19: +0,1680026400
12.603,7,Mar 28 2023 20: +0,1680030000
12.551,5,Mar 28 2023 21: +0,1680033600
11.336,3,Mar 28 2023 22: +0,1680037200
11.156,3,Mar 28 2023 23: +0,1680040800
12.031,4,Mar 29 2023 01: +0,1680048000
12.132,1,Mar 29 2023 02: +0,1680051600
12.336,1,Mar 29 2023 03: +0,1680055200
12.12,2,Mar 29 2023 08: +0,1680073200
12.146,2,Mar 29 2023 09: +0,1680076800
11.933,2,Mar 29 2023 10: +0,1680080400
12.264,7,Mar 29 2023 11: +0,1680084000
12.239,3,Mar 29 2023 12: +0,1680087600
12.179,3,Mar 29 2023 13: +0,1680091200
12.458,5,Mar 29 2023 14: +0,1680094800
11.196,4,Mar 29 2023 15: +0,1680098400
11.454,12,Mar 29 2023 16: +0,1680102000
11.974,7,Mar 29 2023 17: +0,1680105600
11.181,4,Mar 29 2023 18: +0,1680109200
12.763,6,Mar 29 2023 19: +0,1680112800
12.843,4,Mar 29 2023 20: +0,1680116400
12.874,6,Mar 29 2023 21: +0,1680120000
12.86,3,Mar 29 2023 22: +0,1680123600
12.3,2,Mar 29 2023 23: +0,1680127200
11.885,2,Mar 30 2023 00: +0,1680130800
13.242,1,Mar 30 2023 01: +0,1680134400
12.934,1,Mar 30 2023 02: +0,1680138000
10.541,1,Mar 30 2023 03: +0,1680141600
11.827,1,Mar 30 2023 04: +0,1680145200
10.84,3,Mar 30 2023 07: +0,1680156000
12.136,1,Mar 30 2023 08: +0,1680159600
12.656,5,Mar 30 2023 10: +0,1680166800
12.885,3,Mar 30 2023 11: +0,1680170400
12.148,2,Mar 30 2023 12: +0,1680174000
11.859,4,Mar 30 2023 14: +0,1680181200
12.271,3,Mar 30 2023 15: +0,1680184800
11.753,6,Mar 30 2023 16: +0,1680188400
12.129,8,Mar 30 2023 17: +0,1680192000
11.739,10,Mar 30 2023 18: +0,1680195600
12.634,1,Mar 30 2023 20: +0,1680202800
12.638,3,Mar 30 2023 22: +0,1680210000
12.439,4,Mar 30 2023 23: +0,1680213600
12.901,3,Mar 31 2023 01: +0,1680220800
13.015,7,Mar 31 2023 02: +0,1680224400
12.088,2,Mar 31 2023 04: +0,1680231600
12.926,3,Mar 31 2023 05: +0,1680235200
12.433,4,Mar 31 2023 06: +0,1680238800
12.929,6,Mar 31 2023 09: +0,1680249600
13.009,5,Mar 31 2023 10: +0,1680253200
12.446,4,Mar 31 2023 11: +0,1680256800
13.015,6,Mar 31 2023 12: +0,1680260400
12.367,3,Mar 31 2023 13: +0,1680264000
13.259,1,Mar 31 2023 14: +0,1680267600
12.869,1,Mar 31 2023 16: +0,1680274800
12.941,7,Mar 31 2023 17: +0,1680278400
12.935,6,Mar 31 2023 19: +0,1680285600
13.182,2,Mar 31 2023 20: +0,1680289200
12.491,3,Mar 31 2023 21: +0,1680292800
13.216,4,Mar 31 2023 22: +0,1680296400
13.325,2,Mar 31 2023 23: +0,1680300000
13.336,2,Apr 01 2023 00: +0,1680303600
13.035,2,Apr 01 2023 01: +0,1680307200
12.342,2,Apr 01 2023 02: +0,1680310800
11.444,5,Apr 01 2023 03: +0,1680314400
11.229,5,Apr 01 2023 04: +0,1680318000
13.169,5,Apr 01 2023 07: +0,1680328800
13.015,3,Apr 01 2023 08: +0,1680332400
13.118,6,Apr 01 2023 10: +0,1680339600
12.572,8,Apr 01 2023 11: +0,1680343200
13.138,5,Apr 01 2023 12: +0,1680346800
13.364,6,Apr 01 2023 13: +0,1680350400
13.047,7,Apr 01 2023 17: +0,1680364800
13.502,6,Apr 01 2023 18: +0,1680368400
13.719,5,Apr 01 2023 19: +0,1680372000
13.173,1,Apr 01 2023 20: +0,1680375600
13.749,1,Apr 01 2023 21: +0,1680379200
13.291,8,Apr 01 2023 22: +0,1680382800
11.397,1,Apr 01 2023 23: +0,1680386400
11.414,1,Apr 02 2023 00: +0,1680390000
11.427,1,Apr 02 2023 01: +0,1680393600
10.929,1,Apr 02 2023 02: +0,1680397200
12.997,1,Apr 02 2023 03: +0,1680400800
12.146,2,Apr 02 2023 04: +0,1680404400
12.741,2,Apr 02 2023 06: +0,1680411600
11.796,2,Apr 02 2023 08: +0,1680418800
13.288,6,Apr 02 2023 09: +0,1680422400
12.3,4,Apr 02 2023 10: +0,1680426000
12.232,3,Apr 02 2023 11: +0,1680429600
11.681,8,Apr 02 2023 12: +0,1680433200
13.103,4,Apr 02 2023 13: +0,1680436800
13.291,3,Apr 02 2023 14: +0,1680440400
15.28,1,Apr 02 2023 15: +0,1680444000
13.317,5,Apr 02 2023 16: +0,1680447600
13.192,5,Apr 02 2023 17: +0,1680451200
12.13,9,Apr 02 2023 18: +0,1680454800
13.138,9,Apr 02 2023 19: +0,1680458400
12.436,4,Apr 02 2023 20: +0,1680462000
13.01,9,Apr 02 2023 21: +0,1680465600
12.878,2,Apr 02 2023 22: +0,1680469200
13.294,3,Apr 02 2023 23: +0,1680472800
11.415,4,Apr 03 2023 00: +0,1680476400
10.38,1,Apr 03 2023 01: +0,1680480000
12.54,2,Apr 03 2023 02: +0,1680483600
13.301,1,Apr 03 2023 03: +0,1680487200
13.324,4,Apr 03 2023 04: +0,1680490800
13.192,3,Apr 03 2023 05: +0,1680494400
13.163,4,Apr 03 2023 06: +0,1680498000
13.338,3,Apr 03 2023 07: +0,1680501600
13.399,2,Apr 03 2023 08: +0,1680505200
13.35,1,Apr 03 2023 09: +0,1680508800
13.524,3,Apr 03 2023 10: +0,1680512400
11.877,2,Apr 03 2023 11: +0,1680516000
13.548,1,Apr 03 2023 12: +0,1680519600
12.356,4,Apr 03 2023 13: +0,1680523200
11.785,1,Apr 03 2023 14: +0,1680526800
13.416,3,Apr 03 2023 15: +0,1680530400
13.062,3,Apr 03 2023 16: +0,1680534000
12.344,8,Apr 03 2023 17: +0,1680537600
13.514,8,Apr 03 2023 18: +0,1680541200
13.294,6,Apr 03 2023 19: +0,1680544800
13.229,9,Apr 03 2023 20: +0,1680548400
13.319,2,Apr 03 2023 21: +0,1680552000
12.757,4,Apr 03 2023 23: +0,1680559200
13.27,3,Apr 04 2023 00: +0,1680562800
12.787,2,Apr 04 2023 01: +0,1680566400
11.439,1,Apr 04 2023 02: +0,1680570000
12.421,2,Apr 04 2023 04: +0,1680577200
11.317,1,Apr 04 2023 05: +0,1680580800
12.569,1,Apr 04 2023 07: +0,1680588000
12.651,3,Apr 04 2023 08: +0,1680591600
12.694,2,Apr 04 2023 09: +0,1680595200
12.99,3,Apr 04 2023 10: +0,1680598800
12.459,3,Apr 04 2023 11: +0,1680602400
11.167,3,Apr 04 2023 12: +0,1680606000
13.161,6,Apr 04 2023 13: +0,1680609600
12.86,2,Apr 04 2023 14: +0,1680613200
11.644,1,Apr 04 2023 16: +0,1680620400
13.239,7,Apr 04 2023 17: +0,1680624000
13.034,3,Apr 04 2023 18: +0,1680627600
12.874,9,Apr 04 2023 19: +0,1680631200
13.252,5,Apr 04 2023 20: +0,1680634800
12.742,10,Apr 04 2023 21: +0,1680638400
12.415,6,Apr 04 2023 22: +0,1680642000
12.386,3,Apr 05 2023 00: +0,1680649200
12.039,1,Apr 05 2023 01: +0,1680652800
12.454,1,Apr 05 2023 02: +0,1680656400
12.681,1,Apr 05 2023 03: +0,1680660000
12.731,1,Apr 05 2023 04: +0,1680663600
12.512,2,Apr 05 2023 05: +0,1680667200
11.695,2,Apr 05 2023 06: +0,1680670800
12.334,5,Apr 05 2023 08: +0,1680678000
12.533,4,Apr 05 2023 09: +0,1680681600
12.571,2,Apr 05 2023 10: +0,1680685200
13.056,2,Apr 05 2023 11: +0,1680688800
13.414,5,Apr 05 2023 12: +0,1680692400
13.088,3,Apr 05 2023 13: +0,1680696000
13.113,2,Apr 05 2023 14: +0,1680699600
13.152,1,Apr 05 2023 15: +0,1680703200
12.515,9,Apr 05 2023 16: +0,1680706800
12.543,8,Apr 05 2023 18: +0,1680714000
12.531,4,Apr 05 2023 19: +0,1680717600
13.56,7,Apr 05 2023 20: +0,1680721200
13.575,5,Apr 05 2023 21: +0,1680724800
12.024,6,Apr 05 2023 22: +0,1680728400
13.291,3,Apr 05 2023 23: +0,1680732000
13.558,5,Apr 06 2023 00: +0,1680735600
12.021,4,Apr 06 2023 01: +0,1680739200
11.417,1,Apr 06 2023 02: +0,1680742800
12.491,2,Apr 06 2023 05: +0,1680753600
12.243,1,Apr 06 2023 07: +0,1680760800
11.392,1,Apr 06 2023 09: +0,1680768000
11.403,7,Apr 06 2023 10: +0,1680771600
12.911,4,Apr 06 2023 11: +0,1680775200
13.387,7,Apr 06 2023 12: +0,1680778800
13.517,2,Apr 06 2023 13: +0,1680782400
13.386,5,Apr 06 2023 16: +0,1680793200
12.842,8,Apr 06 2023 17: +0,1680796800
13.47,3,Apr 06 2023 18: +0,1680800400
13.055,5,Apr 06 2023 19: +0,1680804000
13.496,9,Apr 06 2023 20: +0,1680807600
11.315,7,Apr 06 2023 21: +0,1680811200
13.155,3,Apr 06 2023 22: +0,1680814800
11.722,3,Apr 06 2023 23: +0,1680818400
12.887,3,Apr 07 2023 01: +0,1680825600
12.365,4,Apr 07 2023 02: +0,1680829200
11.57,3,Apr 07 2023 03: +0,1680832800
12.569,2,Apr 07 2023 04: +0,1680836400
11.414,2,Apr 07 2023 05: +0,1680840000
13.582,3,Apr 07 2023 07: +0,1680847200
12.342,2,Apr 07 2023 08: +0,1680850800
13.24,6,Apr 07 2023 09: +0,1680854400
13.585,7,Apr 07 2023 10: +0,1680858000
13.086,2,Apr 07 2023 11: +0,1680861600
13.505,3,Apr 07 2023 12: +0,1680865200
12.407,1,Apr 07 2023 13: +0,1680868800
13.638,4,Apr 07 2023 15: +0,1680876000
12.628,2,Apr 07 2023 17: +0,1680883200
13.691,8,Apr 07 2023 18: +0,1680886800
12.715,8,Apr 07 2023 19: +0,1680890400
12.318,6,Apr 07 2023 20: +0,1680894000
13.517,4,Apr 07 2023 21: +0,1680897600
12.54,5,Apr 07 2023 22: +0,1680901200
13.365,6,Apr 07 2023 23: +0,1680904800
13.109,4,Apr 08 2023 01: +0,1680912000
13.596,1,Apr 08 2023 02: +0,1680915600
11.613,1,Apr 08 2023 03: +0,1680919200
10.543,1,Apr 08 2023 04: +0,1680922800
12.525,1,Apr 08 2023 05: +0,1680926400
12.909,3,Apr 08 2023 06: +0,1680930000
12.974,1,Apr 08 2023 07: +0,1680933600
12.984,5,Apr 08 2023 08: +0,1680937200
11.257,2,Apr 08 2023 09: +0,1680940800
12.725,3,Apr 08 2023 10: +0,1680944400
13.203,2,Apr 08 2023 11: +0,1680948000
13.243,3,Apr 08 2023 12: +0,1680951600
13.248,1,Apr 08 2023 14: +0,1680958800
13.24,1,Apr 08 2023 16: +0,1680966000
13.382,2,Apr 08 2023 17: +0,1680969600
13.518,4,Apr 08 2023 18: +0,1680973200
13.663,5,Apr 08 2023 19: +0,1680976800
13.053,5,Apr 08 2023 20: +0,1680980400
13.074,8,Apr 08 2023 21: +0,1680984000
13.113,6,Apr 08 2023 22: +0,1680987600
12.917,3,Apr 08 2023 23: +0,1680991200
13.691,3,Apr 09 2023 00: +0,1680994800
11.693,1,Apr 09 2023 02: +0,1681002000
13.113,1,Apr 09 2023 07: +0,1681020000
12.761,3,Apr 09 2023 08: +0,1681023600
12.695,2,Apr 09 2023 09: +0,1681027200
13.169,5,Apr 09 2023 10: +0,1681030800
13.138,5,Apr 09 2023 11: +0,1681034400
13.213,4,Apr 09 2023 12: +0,1681038000
13.215,1,Apr 09 2023 14: +0,1681045200
11.861,2,Apr 09 2023 16: +0,1681052400
13.348,9,Apr 09 2023 17: +0,1681056000
13.624,11,Apr 09 2023 18: +0,1681059600
13.707,7,Apr 09 2023 19: +0,1681063200
13.133,8,Apr 09 2023 20: +0,1681066800
13.576,4,Apr 09 2023 21: +0,1681070400
13.011,10,Apr 09 2023 22: +0,1681074000
12.903,1,Apr 09 2023 23: +0,1681077600
13.91,1,Apr 10 2023 01: +0,1681084800
11.165,2,Apr 10 2023 05: +0,1681099200
13.911,1,Apr 10 2023 06: +0,1681102800
13.691,1,Apr 10 2023 07: +0,1681106400
13.704,2,Apr 10 2023 09: +0,1681113600
13.013,3,Apr 10 2023 11: +0,1681120800
13.22,6,Apr 10 2023 12: +0,1681124400
13.502,3,Apr 10 2023 13: +0,1681128000
11.831,5,Apr 10 2023 17: +0,1681142400
12.993,10,Apr 10 2023 18: +0,1681146000
13.333,5,Apr 10 2023 19: +0,1681149600
13.506,7,Apr 10 2023 20: +0,1681153200
12.551,2,Apr 10 2023 21: +0,1681156800
12.686,2,Apr 10 2023 23: +0,1681164000
13.524,4,Apr 11 2023 00: +0,1681167600
12.268,2,Apr 11 2023 01: +0,1681171200
11.96,2,Apr 11 2023 02: +0,1681174800
12.607,2,Apr 11 2023 03: +0,1681178400
13.235,1,Apr 11 2023 04: +0,1681182000
12.817,2,Apr 11 2023 05: +0,1681185600
11.365,1,Apr 11 2023 07: +0,1681192800
11.662,2,Apr 11 2023 09: +0,1681200000
13.5,3,Apr 11 2023 10: +0,1681203600
13.325,8,Apr 11 2023 11: +0,1681207200
13.503,3,Apr 11 2023 12: +0,1681210800
12.679,3,Apr 11 2023 13: +0,1681214400
13.591,1,Apr 11 2023 14: +0,1681218000
11.76,2,Apr 11 2023 16: +0,1681225200
12.94,9,Apr 11 2023 17: +0,1681228800
13.468,5,Apr 11 2023 18: +0,1681232400
13.291,9,Apr 11 2023 19: +0,1681236000
13.371,2,Apr 11 2023 20: +0,1681239600
13.529,6,Apr 11 2023 21: +0,1681243200
12.003,3,Apr 11 2023 22: +0,1681246800
11.827,4,Apr 11 2023 23: +0,1681250400
12.617,2,Apr 12 2023 00: +0,1681254000
11.135,1,Apr 12 2023 02: +0,1681261200
13.543,1,Apr 12 2023 04: +0,1681268400
13.554,1,Apr 12 2023 05: +0,1681272000
13.357,3,Apr 12 2023 06: +0,1681275600
13.55,4,Apr 12 2023 07: +0,1681279200
11.735,1,Apr 12 2023 08: +0,1681282800
13.272,3,Apr 12 2023 09: +0,1681286400
13.952,2,Apr 12 2023 10: +0,1681290000
11.683,2,Apr 12 2023 11: +0,1681293600
13.546,2,Apr 12 2023 12: +0,1681297200
11.727,1,Apr 12 2023 13: +0,1681300800
12.807,3,Apr 12 2023 16: +0,1681311600
13.444,5,Apr 12 2023 17: +0,1681315200
12.705,7,Apr 12 2023 18: +0,1681318800
13.366,7,Apr 12 2023 19: +0,1681322400
13.536,12,Apr 12 2023 20: +0,1681326000
11.827,4,Apr 12 2023 22: +0,1681333200
12.269,2,Apr 12 2023 23: +0,1681336800
12.471,5,Apr 13 2023 00: +0,1681340400
12.173,1,Apr 13 2023 01: +0,1681344000
12.855,2,Apr 13 2023 02: +0,1681347600
13.16,2,Apr 13 2023 05: +0,1681358400
12.302,2,Apr 13 2023 06: +0,1681362000
13.131,4,Apr 13 2023 08: +0,1681369200
12.511,3,Apr 13 2023 10: +0,1681376400
11.663,1,Apr 13 2023 11: +0,1681380000
13.077,4,Apr 13 2023 12: +0,1681383600
13.472,4,Apr 13 2023 13: +0,1681387200
13.953,2,Apr 13 2023 14: +0,1681390800
14.062,1,Apr 13 2023 17: +0,1681401600
12.333,3,Apr 13 2023 18: +0,1681405200
12.699,4,Apr 13 2023 19: +0,1681408800
12.953,2,Apr 13 2023 20: +0,1681412400
13.24,4,Apr 13 2023 21: +0,1681416000
12.393,4,Apr 13 2023 22: +0,1681419600
13.733,5,Apr 13 2023 23: +0,1681423200
12.341,2,Apr 14 2023 00: +0,1681426800
12.927,5,Apr 14 2023 01: +0,1681430400
11.187,2,Apr 14 2023 02: +0,1681434000
12.028,1,Apr 14 2023 03: +0,1681437600
13.869,2,Apr 14 2023 05: +0,1681444800
13.554,2,Apr 14 2023 06: +0,1681448400
13.515,3,Apr 14 2023 07: +0,1681452000
13.833,2,Apr 14 2023 08: +0,1681455600
13.008,2,Apr 14 2023 09: +0,1681459200
13.87,2,Apr 14 2023 10: +0,1681462800
13.863,3,Apr 14 2023 11: +0,1681466400
12.705,1,Apr 14 2023 12: +0,1681470000
13.734,1,Apr 14 2023 13: +0,1681473600
13.871,1,Apr 14 2023 15: +0,1681480800
13.868,3,Apr 14 2023 17: +0,1681488000
13.532,3,Apr 14 2023 18: +0,1681491600
13.919,4,Apr 14 2023 19: +0,1681495200
13.414,9,Apr 14 2023 20: +0,1681498800
13.491,3,Apr 14 2023 21: +0,1681502400
13.921,7,Apr 14 2023 22: +0,1681506000
14.167,9,Apr 14 2023 23: +0,1681509600
13.863,5,Apr 15 2023 00: +0,1681513200
13.653,2,Apr 15 2023 01: +0,1681516800
13.281,3,Apr 15 2023 02: +0,1681520400
14.103,3,Apr 15 2023 03: +0,1681524000
13.48,4,Apr 15 2023 04: +0,1681527600
12.805,1,Apr 15 2023 05: +0,1681531200
12.693,1,Apr 15 2023 06: +0,1681534800
13.132,4,Apr 15 2023 07: +0,1681538400
12.441,3,Apr 15 2023 08: +0,1681542000
14.052,7,Apr 15 2023 09: +0,1681545600
14.178,3,Apr 15 2023 10: +0,1681549200
14.665,6,Apr 15 2023 11: +0,1681552800
14.674,1,Apr 15 2023 12: +0,1681556400
14.534,2,Apr 15 2023 13: +0,1681560000
14.702,1,Apr 15 2023 15: +0,1681567200
13.958,2,Apr 15 2023 17: +0,1681574400
16.073,4,Apr 15 2023 18: +0,1681578000
15.204,1,Apr 15 2023 19: +0,1681581600
14.146,2,Apr 15 2023 20: +0,1681585200
14.393,3,Apr 15 2023 21: +0,1681588800
14.627,7,Apr 15 2023 22: +0,1681592400
14.626,3,Apr 15 2023 23: +0,1681596000
15.083,8,Apr 16 2023 00: +0,1681599600
13.69,2,Apr 16 2023 01: +0,1681603200
14.191,5,Apr 16 2023 02: +0,1681606800
14.459,2,Apr 16 2023 03: +0,1681610400
15.026,2,Apr 16 2023 04: +0,1681614000
12.623,1,Apr 16 2023 05: +0,1681617600
14.617,3,Apr 16 2023 06: +0,1681621200
15.023,5,Apr 16 2023 07: +0,1681624800
15.055,3,Apr 16 2023 08: +0,1681628400
15.171,4,Apr 16 2023 09: +0,1681632000
15.005,2,Apr 16 2023 10: +0,1681635600
15.341,2,Apr 16 2023 11: +0,1681639200
15.255,1,Apr 16 2023 12: +0,1681642800
15.406,2,Apr 16 2023 13: +0,1681646400
16.622,1,Apr 16 2023 14: +0,1681650000
15.519,3,Apr 16 2023 16: +0,1681657200
15.91,4,Apr 16 2023 17: +0,1681660800
15.162,2,Apr 16 2023 18: +0,1681664400
15.873,3,Apr 16 2023 19: +0,1681668000
15.206,5,Apr 16 2023 20: +0,1681671600
15.646,4,Apr 16 2023 21: +0,1681675200
15.145,3,Apr 16 2023 22: +0,1681678800
15.383,8,Apr 16 2023 23: +0,1681682400
16.064,3,Apr 17 2023 00: +0,1681686000
15.639,1,Apr 17 2023 01: +0,1681689600
14.306,2,Apr 17 2023 04: +0,1681700400
15.059,1,Apr 17 2023 06: +0,1681707600
15.054,1,Apr 17 2023 07: +0,1681711200
14.054,1,Apr 17 2023 08: +0,1681714800
14.951,2,Apr 17 2023 09: +0,1681718400
15.668,2,Apr 17 2023 10: +0,1681722000
15.185,4,Apr 17 2023 11: +0,1681725600
15.257,6,Apr 17 2023 12: +0,1681729200
15.278,4,Apr 17 2023 13: +0,1681732800
15.573,2,Apr 17 2023 14: +0,1681736400
15.351,1,Apr 17 2023 15: +0,1681740000
15.619,1,Apr 17 2023 16: +0,1681743600
15.382,4,Apr 17 2023 17: +0,1681747200
14.596,3,Apr 17 2023 18: +0,1681750800
15.076,6,Apr 17 2023 19: +0,1681754400
14.411,11,Apr 17 2023 20: +0,1681758000
13.399,7,Apr 17 2023 21: +0,1681761600
14.659,3,Apr 17 2023 22: +0,1681765200
14.095,1,Apr 17 2023 23: +0,1681768800
13.99,2,Apr 18 2023 00: +0,1681772400
14.052,4,Apr 18 2023 01: +0,1681776000
14.295,4,Apr 18 2023 02: +0,1681779600
14.008,3,Apr 18 2023 03: +0,1681783200
14.086,2,Apr 18 2023 06: +0,1681794000
14.702,1,Apr 18 2023 07: +0,1681797600
14.573,6,Apr 18 2023 08: +0,1681801200
14.165,1,Apr 18 2023 09: +0,1681804800
15.194,4,Apr 18 2023 10: +0,1681808400
15.573,2,Apr 18 2023 11: +0,1681812000
15.257,3,Apr 18 2023 12: +0,1681815600
15.343,2,Apr 18 2023 13: +0,1681819200
15.464,2,Apr 18 2023 15: +0,1681826400
14.459,8,Apr 18 2023 17: +0,1681833600
15.075,4,Apr 18 2023 18: +0,1681837200
15.435,5,Apr 18 2023 19: +0,1681840800
15.69,6,Apr 18 2023 20: +0,1681844400
14.398,6,Apr 18 2023 21: +0,1681848000
14.599,6,Apr 18 2023 22: +0,1681851600
16.192,2,Apr 18 2023 23: +0,1681855200
13.706,2,Apr 19 2023 00: +0,1681858800
14.695,2,Apr 19 2023 01: +0,1681862400
13.865,2,Apr 19 2023 02: +0,1681866000
13.09,2,Apr 19 2023 03: +0,1681869600
14.5,2,Apr 19 2023 04: +0,1681873200
13.348,1,Apr 19 2023 05: +0,1681876800
15.645,1,Apr 19 2023 06: +0,1681880400
14.719,1,Apr 19 2023 07: +0,1681884000
15.139,4,Apr 19 2023 08: +0,1681887600
15.146,3,Apr 19 2023 09: +0,1681891200
14.647,4,Apr 19 2023 10: +0,1681894800
14.709,4,Apr 19 2023 11: +0,1681898400
14.111,2,Apr 19 2023 12: +0,1681902000
12.266,1,Apr 19 2023 13: +0,1681905600
15.064,2,Apr 19 2023 14: +0,1681909200
15.39,6,Apr 19 2023 15: +0,1681912800
16.206,1,Apr 19 2023 16: +0,1681916400
15.579,1,Apr 19 2023 17: +0,1681920000
15.204,5,Apr 19 2023 18: +0,1681923600
15.125,2,Apr 19 2023 19: +0,1681927200
14.193,6,Apr 19 2023 20: +0,1681930800
15.208,5,Apr 19 2023 21: +0,1681934400
15.663,5,Apr 19 2023 22: +0,1681938000
16.111,2,Apr 19 2023 23: +0,1681941600
15.734,3,Apr 20 2023 00: +0,1681945200
15.982,5,Apr 20 2023 01: +0,1681948800
16.306,1,Apr 20 2023 02: +0,1681952400
15.679,3,Apr 20 2023 03: +0,1681956000
15.206,3,Apr 20 2023 05: +0,1681963200
15.994,1,Apr 20 2023 06: +0,1681966800
15.578,3,Apr 20 2023 07: +0,1681970400
14.013,1,Apr 20 2023 08: +0,1681974000
15.507,2,Apr 20 2023 09: +0,1681977600
14.787,4,Apr 20 2023 10: +0,1681981200
15.996,4,Apr 20 2023 11: +0,1681984800
15.192,2,Apr 20 2023 12: +0,1681988400
15.679,5,Apr 20 2023 13: +0,1681992000
15.777,5,Apr 20 2023 14: +0,1681995600
15.4,3,Apr 20 2023 15: +0,1681999200
15.802,2,Apr 20 2023 16: +0,1682002800
15.943,4,Apr 20 2023 17: +0,1682006400
15.605,4,Apr 20 2023 18: +0,1682010000
15.571,3,Apr 20 2023 19: +0,1682013600
14.404,2,Apr 20 2023 20: +0,1682017200
14.51,5,Apr 20 2023 21: +0,1682020800
16.392,6,Apr 20 2023 22: +0,1682024400
14.619,5,Apr 20 2023 23: +0,1682028000
15.853,1,Apr 21 2023 00: +0,1682031600
15.406,1,Apr 21 2023 01: +0,1682035200
15.329,1,Apr 21 2023 02: +0,1682038800
15.335,2,Apr 21 2023 03: +0,1682042400
14.133,1,Apr 21 2023 05: +0,1682049600
13.774,1,Apr 21 2023 08: +0,1682060400
15.61,1,Apr 21 2023 09: +0,1682064000
15.173,3,Apr 21 2023 10: +0,1682067600
15.175,1,Apr 21 2023 11: +0,1682071200
13.786,3,Apr 21 2023 12: +0,1682074800
15.69,2,Apr 21 2023 13: +0,1682078400
15.36,3,Apr 21 2023 14: +0,1682082000
14.918,3,Apr 21 2023 15: +0,1682085600
15.94,7,Apr 21 2023 16: +0,1682089200
15.445,7,Apr 21 2023 17: +0,1682092800
15.599,4,Apr 21 2023 18: +0,1682096400
15.965,8,Apr 21 2023 19: +0,1682100000
14.208,4,Apr 21 2023 20: +0,1682103600
16.015,2,Apr 21 2023 21: +0,1682107200
15.028,2,Apr 21 2023 22: +0,1682110800
14.144,3,Apr 21 2023 23: +0,1682114400
13.573,3,Apr 22 2023 00: +0,1682118000
14.551,4,Apr 22 2023 01: +0,1682121600
15.502,1,Apr 22 2023 04: +0,1682132400
15.508,1,Apr 22 2023 05: +0,1682136000
15.475,2,Apr 22 2023 06: +0,1682139600
15.342,3,Apr 22 2023 07: +0,1682143200
15.506,1,Apr 22 2023 09: +0,1682150400
14.825,3,Apr 22 2023 10: +0,1682154000
13.83,1,Apr 22 2023 11: +0,1682157600
14.521,6,Apr 22 2023 12: +0,1682161200
15.422,2,Apr 22 2023 13: +0,1682164800
14.208,2,Apr 22 2023 14: +0,1682168400
14.856,1,Apr 22 2023 15: +0,1682172000
14.93,5,Apr 22 2023 16: +0,1682175600
15.484,5,Apr 22 2023 17: +0,1682179200
15.241,4,Apr 22 2023 18: +0,1682182800
15.553,9,Apr 22 2023 19: +0,1682186400
16.419,6,Apr 22 2023 20: +0,1682190000
14.942,5,Apr 22 2023 21: +0,1682193600
15.942,8,Apr 22 2023 22: +0,1682197200
16.376,3,Apr 22 2023 23: +0,1682200800
14.971,4,Apr 23 2023 00: +0,1682204400
14.484,2,Apr 23 2023 01: +0,1682208000
13.535,1,Apr 23 2023 03: +0,1682215200
15.358,3,Apr 23 2023 04: +0,1682218800
13.743,1,Apr 23 2023 06: +0,1682226000
13.615,1,Apr 23 2023 08: +0,1682233200
14.144,3,Apr 23 2023 09: +0,1682236800
16.247,1,Apr 23 2023 10: +0,1682240400
15.924,2,Apr 23 2023 11: +0,1682244000
16.082,5,Apr 23 2023 12: +0,1682247600
15.155,3,Apr 23 2023 13: +0,1682251200
15.682,4,Apr 23 2023 14: +0,1682254800
14.719,2,Apr 23 2023 15: +0,1682258400
13.972,4,Apr 23 2023 16: +0,1682262000
14.635,6,Apr 23 2023 17: +0,1682265600
16.212,6,Apr 23 2023 18: +0,1682269200
15.15,3,Apr 23 2023 19: +0,1682272800
14.587,4,Apr 23 2023 20: +0,1682276400
14.451,4,Apr 23 2023 21: +0,1682280000
14.18,2,Apr 23 2023 22: +0,1682283600
14.134,2,Apr 23 2023 23: +0,1682287200
14.596,1,Apr 24 2023 00: +0,1682290800
13.799,1,Apr 24 2023 01: +0,1682294400
13.699,4,Apr 24 2023 02: +0,1682298000
14.399,3,Apr 24 2023 03: +0,1682301600
14.599,1,Apr 24 2023 04: +0,1682305200
13.728,1,Apr 24 2023 05: +0,1682308800
15.83,1,Apr 24 2023 06: +0,1682312400
15.607,2,Apr 24 2023 07: +0,1682316000
14.12,1,Apr 24 2023 09: +0,1682323200
14.508,1,Apr 24 2023 10: +0,1682326800
13.749,1,Apr 24 2023 11: +0,1682330400
13.651,2,Apr 24 2023 12: +0,1682334000
15.358,2,Apr 24 2023 13: +0,1682337600
15.428,2,Apr 24 2023 14: +0,1682341200
15.179,3,Apr 24 2023 15: +0,1682344800
15.606,3,Apr 24 2023 16: +0,1682348400
14.835,6,Apr 24 2023 18: +0,1682355600
14.413,5,Apr 24 2023 19: +0,1682359200
13.623,5,Apr 24 2023 20: +0,1682362800
14.607,5,Apr 24 2023 21: +0,1682366400
14.645,5,Apr 24 2023 22: +0,1682370000
13.435,3,Apr 25 2023 00: +0,1682377200
13.343,2,Apr 25 2023 01: +0,1682380800
13.336,2,Apr 25 2023 02: +0,1682384400
13.36,3,Apr 25 2023 03: +0,1682388000
13.244,2,Apr 25 2023 04: +0,1682391600
12.535,4,Apr 25 2023 06: +0,1682398800
12.81,6,Apr 25 2023 07: +0,1682402400
12.941,2,Apr 25 2023 08: +0,1682406000
13.858,5,Apr 25 2023 09: +0,1682409600
12.316,4,Apr 25 2023 10: +0,1682413200
12.923,6,Apr 25 2023 11: +0,1682416800
13.441,4,Apr 25 2023 12: +0,1682420400
12.034,5,Apr 25 2023 13: +0,1682424000
11.94,8,Apr 25 2023 14: +0,1682427600
12.858,4,Apr 25 2023 15: +0,1682431200
13.79,4,Apr 25 2023 16: +0,1682434800
14.084,5,Apr 25 2023 17: +0,1682438400
12.76,9,Apr 25 2023 18: +0,1682442000
12.725,3,Apr 25 2023 19: +0,1682445600
13.412,7,Apr 25 2023 20: +0,1682449200
13.982,5,Apr 25 2023 21: +0,1682452800
11.911,3,Apr 25 2023 22: +0,1682456400
11.199,1,Apr 25 2023 23: +0,1682460000
13.02,2,Apr 26 2023 00: +0,1682463600
11.765,1,Apr 26 2023 02: +0,1682470800
11.447,2,Apr 26 2023 03: +0,1682474400
14.239,1,Apr 26 2023 04: +0,1682478000
11.783,1,Apr 26 2023 06: +0,1682485200
11.751,1,Apr 26 2023 07: +0,1682488800
11.751,1,Apr 26 2023 08: +0,1682492400
13.096,2,Apr 26 2023 09: +0,1682496000
13.713,4,Apr 26 2023 10: +0,1682499600
13.66,4,Apr 26 2023 11: +0,1682503200
13.718,7,Apr 26 2023 12: +0,1682506800
13.262,3,Apr 26 2023 13: +0,1682510400
12.946,3,Apr 26 2023 14: +0,1682514000
11.777,6,Apr 26 2023 15: +0,1682517600
12.396,6,Apr 26 2023 16: +0,1682521200
11.817,4,Apr 26 2023 17: +0,1682524800
13.817,5,Apr 26 2023 18: +0,1682528400
14.033,9,Apr 26 2023 19: +0,1682532000
14.032,4,Apr 26 2023 20: +0,1682535600
13.574,5,Apr 26 2023 21: +0,1682539200
13.747,1,Apr 26 2023 22: +0,1682542800
13.357,2,Apr 26 2023 23: +0,1682546400
12.398,2,Apr 27 2023 00: +0,1682550000
14.001,1,Apr 27 2023 01: +0,1682553600
14.002,1,Apr 27 2023 02: +0,1682557200
13.051,1,Apr 27 2023 03: +0,1682560800
12.878,1,Apr 27 2023 04: +0,1682564400
14.001,1,Apr 27 2023 05: +0,1682568000
13.549,1,Apr 27 2023 07: +0,1682575200
13.384,2,Apr 27 2023 08: +0,1682578800
13.07,2,Apr 27 2023 09: +0,1682582400
12.937,1,Apr 27 2023 10: +0,1682586000
12.307,4,Apr 27 2023 11: +0,1682589600
13.591,3,Apr 27 2023 12: +0,1682593200
11.883,2,Apr 27 2023 13: +0,1682596800
12.762,4,Apr 27 2023 14: +0,1682600400
11.319,3,Apr 27 2023 15: +0,1682604000
12.664,5,Apr 27 2023 16: +0,1682607600
13.495,6,Apr 27 2023 17: +0,1682611200
12.228,9,Apr 27 2023 18: +0,1682614800
12.982,5,Apr 27 2023 19: +0,1682618400
12.101,6,Apr 27 2023 20: +0,1682622000
11.88,6,Apr 27 2023 21: +0,1682625600
13.275,2,Apr 27 2023 22: +0,1682629200
13.322,2,Apr 28 2023 00: +0,1682636400
11.747,1,Apr 28 2023 01: +0,1682640000
11.821,3,Apr 28 2023 03: +0,1682647200
13.488,2,Apr 28 2023 04: +0,1682650800
13.566,2,Apr 28 2023 07: +0,1682661600
13.688,1,Apr 28 2023 08: +0,1682665200
11.617,1,Apr 28 2023 10: +0,1682672400
11.594,4,Apr 28 2023 11: +0,1682676000
12.151,3,Apr 28 2023 12: +0,1682679600
12.874,4,Apr 28 2023 13: +0,1682683200
13.237,1,Apr 28 2023 14: +0,1682686800
13.642,5,Apr 28 2023 15: +0,1682690400
12.879,1,Apr 28 2023 16: +0,1682694000
13.455,3,Apr 28 2023 17: +0,1682697600
13.324,4,Apr 28 2023 18: +0,1682701200
13.701,3,Apr 28 2023 19: +0,1682704800
13.782,9,Apr 28 2023 20: +0,1682708400
12.359,6,Apr 28 2023 21: +0,1682712000
13.635,2,Apr 28 2023 22: +0,1682715600
11.531,1,Apr 28 2023 23: +0,1682719200
13.783,1,Apr 29 2023 00: +0,1682722800
12.305,2,Apr 29 2023 01: +0,1682726400
11.754,1,Apr 29 2023 02: +0,1682730000
11.663,3,Apr 29 2023 03: +0,1682733600
13.233,1,Apr 29 2023 04: +0,1682737200
13.698,1,Apr 29 2023 05: +0,1682740800
11.719,3,Apr 29 2023 07: +0,1682748000
12.409,1,Apr 29 2023 08: +0,1682751600
12.133,4,Apr 29 2023 09: +0,1682755200
13.964,7,Apr 29 2023 10: +0,1682758800
13.634,1,Apr 29 2023 12: +0,1682766000
13.128,4,Apr 29 2023 13: +0,1682769600
13.35,2,Apr 29 2023 14: +0,1682773200
13.66,5,Apr 29 2023 15: +0,1682776800
13.961,3,Apr 29 2023 16: +0,1682780400
13.798,3,Apr 29 2023 17: +0,1682784000
13.953,4,Apr 29 2023 18: +0,1682787600
13.965,6,Apr 29 2023 19: +0,1682791200
12.104,8,Apr 29 2023 20: +0,1682794800
11.917,5,Apr 29 2023 21: +0,1682798400
13.929,6,Apr 29 2023 22: +0,1682802000
13.439,4,Apr 29 2023 23: +0,1682805600
13.158,1,Apr 30 2023 00: +0,1682809200
12.271,2,Apr 30 2023 02: +0,1682816400
10.415,1,Apr 30 2023 03: +0,1682820000
12.264,1,Apr 30 2023 05: +0,1682827200
11.878,2,Apr 30 2023 06: +0,1682830800
12.493,3,Apr 30 2023 07: +0,1682834400
13.212,4,Apr 30 2023 08: +0,1682838000
12.711,1,Apr 30 2023 09: +0,1682841600
12.072,2,Apr 30 2023 10: +0,1682845200
12.412,4,Apr 30 2023 11: +0,1682848800
13.5,9,Apr 30 2023 12: +0,1682852400
13.68,2,Apr 30 2023 13: +0,1682856000
12.328,1,Apr 30 2023 14: +0,1682859600
13.193,3,Apr 30 2023 15: +0,1682863200
12.891,6,Apr 30 2023 16: +0,1682866800
12.378,4,Apr 30 2023 17: +0,1682870400
12.576,6,Apr 30 2023 18: +0,1682874000
12.811,4,Apr 30 2023 19: +0,1682877600
13.816,5,Apr 30 2023 20: +0,1682881200
12.49,3,Apr 30 2023 21: +0,1682884800
12.797,3,Apr 30 2023 22: +0,1682888400
12.41,5,May 01 2023 00: +0,1682895600
13.325,1,May 01 2023 01: +0,1682899200
11.839,3,May 01 2023 02: +0,1682902800
11.039,1,May 01 2023 03: +0,1682906400
12.649,4,May 01 2023 05: +0,1682913600
13.359,1,May 01 2023 06: +0,1682917200
13.421,3,May 01 2023 07: +0,1682920800
13.19,3,May 01 2023 08: +0,1682924400
13.193,3,May 01 2023 09: +0,1682928000
13.352,2,May 01 2023 10: +0,1682931600
13.613,2,May 01 2023 11: +0,1682935200
12.734,3,May 01 2023 12: +0,1682938800
12.73,5,May 01 2023 13: +0,1682942400
13.202,5,May 01 2023 14: +0,1682946000
13.637,3,May 01 2023 15: +0,1682949600
13.353,4,May 01 2023 16: +0,1682953200
13.402,4,May 01 2023 17: +0,1682956800
11.955,2,May 01 2023 18: +0,1682960400
13.061,5,May 01 2023 19: +0,1682964000
12.7,3,May 01 2023 20: +0,1682967600
12.549,5,May 01 2023 21: +0,1682971200
13.467,4,May 01 2023 22: +0,1682974800
11.523,2,May 01 2023 23: +0,1682978400
13.809,2,May 02 2023 00: +0,1682982000
13.815,1,May 02 2023 02: +0,1682989200
11.908,1,May 02 2023 05: +0,1683000000
13.293,1,May 02 2023 07: +0,1683007200
10.944,1,May 02 2023 08: +0,1683010800
11.738,2,May 02 2023 09: +0,1683014400
12.041,4,May 02 2023 10: +0,1683018000
12.026,4,May 02 2023 11: +0,1683021600
12.876,2,May 02 2023 13: +0,1683028800
12.328,2,May 02 2023 14: +0,1683032400
13.053,6,May 02 2023 15: +0,1683036000
12.913,5,May 02 2023 17: +0,1683043200
13.705,3,May 02 2023 18: +0,1683046800
12.095,6,May 02 2023 19: +0,1683050400
11.821,4,May 02 2023 20: +0,1683054000
11.482,3,May 02 2023 21: +0,1683057600
12.93,1,May 02 2023 22: +0,1683061200
11.462,1,May 03 2023 00: +0,1683068400
12.685,1,May 03 2023 01: +0,1683072000
12.196,2,May 03 2023 04: +0,1683082800
12.399,1,May 03 2023 05: +0,1683086400
11.442,1,May 03 2023 06: +0,1683090000
12.014,3,May 03 2023 08: +0,1683097200
13.21,3,May 03 2023 10: +0,1683104400
12.021,1,May 03 2023 11: +0,1683108000
13.242,4,May 03 2023 12: +0,1683111600
13.157,3,May 03 2023 13: +0,1683115200
13.585,1,May 03 2023 14: +0,1683118800
12.703,3,May 03 2023 15: +0,1683122400
13.073,6,May 03 2023 16: +0,1683126000
13.521,1,May 03 2023 17: +0,1683129600
12.916,8,May 03 2023 19: +0,1683136800
13.525,3,May 03 2023 20: +0,1683140400
13.454,2,May 03 2023 21: +0,1683144000
12.884,1,May 03 2023 22: +0,1683147600
12.333,1,May 03 2023 23: +0,1683151200
13.008,2,May 04 2023 00: +0,1683154800
12.031,1,May 04 2023 03: +0,1683165600
12.031,1,May 04 2023 04: +0,1683169200
13.135,3,May 04 2023 05: +0,1683172800
12.031,1,May 04 2023 06: +0,1683176400
11.999,1,May 04 2023 08: +0,1683183600
12.926,1,May 04 2023 09: +0,1683187200
12.988,1,May 04 2023 10: +0,1683190800
12.012,2,May 04 2023 11: +0,1683194400
13.092,4,May 04 2023 12: +0,1683198000
13.076,2,May 04 2023 13: +0,1683201600
12.253,2,May 04 2023 14: +0,1683205200
13.079,5,May 04 2023 15: +0,1683208800
12.221,6,May 04 2023 17: +0,1683216000
13.344,6,May 04 2023 18: +0,1683219600
12.761,2,May 04 2023 19: +0,1683223200
12.3,1,May 04 2023 20: +0,1683226800
13.51,3,May 04 2023 21: +0,1683230400
12.626,2,May 04 2023 22: +0,1683234000
12.836,1,May 04 2023 23: +0,1683237600
12.524,2,May 05 2023 00: +0,1683241200
11.031,2,May 05 2023 01: +0,1683244800
12.699,2,May 05 2023 02: +0,1683248400
11.014,3,May 05 2023 03: +0,1683252000
12.748,1,May 05 2023 04: +0,1683255600
11.73,2,May 05 2023 05: +0,1683259200
12.652,5,May 05 2023 06: +0,1683262800
11.03,1,May 05 2023 07: +0,1683266400
11.765,4,May 05 2023 08: +0,1683270000
11.316,3,May 05 2023 09: +0,1683273600
12.152,4,May 05 2023 10: +0,1683277200
11.726,6,May 05 2023 11: +0,1683280800
10.783,5,May 05 2023 12: +0,1683284400
11.632,5,May 05 2023 13: +0,1683288000
12.232,7,May 05 2023 14: +0,1683291600
10.776,1,May 05 2023 15: +0,1683295200
11.563,8,May 05 2023 16: +0,1683298800
11.086,4,May 05 2023 17: +0,1683302400
11.133,4,May 05 2023 18: +0,1683306000
12.202,5,May 05 2023 19: +0,1683309600
12.224,2,May 05 2023 20: +0,1683313200
11.697,6,May 05 2023 21: +0,1683316800
12.145,6,May 05 2023 22: +0,1683320400
11.683,2,May 05 2023 23: +0,1683324000
11.613,5,May 06 2023 00: +0,1683327600
10.511,3,May 06 2023 01: +0,1683331200
10.954,5,May 06 2023 02: +0,1683334800
12.757,4,May 06 2023 03: +0,1683338400
12.839,2,May 06 2023 04: +0,1683342000
12.841,1,May 06 2023 05: +0,1683345600
12.986,2,May 06 2023 06: +0,1683349200
12.126,2,May 06 2023 07: +0,1683352800
10.861,1,May 06 2023 08: +0,1683356400
12.241,3,May 06 2023 09: +0,1683360000
11.107,3,May 06 2023 10: +0,1683363600
11.107,4,May 06 2023 11: +0,1683367200
12.321,1,May 06 2023 12: +0,1683370800
12.014,2,May 06 2023 13: +0,1683374400
12.039,2,May 06 2023 14: +0,1683378000
11.845,2,May 06 2023 15: +0,1683381600
12.225,5,May 06 2023 16: +0,1683385200
12.324,5,May 06 2023 17: +0,1683388800
11.827,5,May 06 2023 18: +0,1683392400
12.587,4,May 06 2023 19: +0,1683396000
12.835,6,May 06 2023 20: +0,1683399600
11.832,2,May 06 2023 21: +0,1683403200
12.407,6,May 06 2023 22: +0,1683406800
12.868,2,May 06 2023 23: +0,1683410400
12.733,2,May 07 2023 00: +0,1683414000
11.531,2,May 07 2023 01: +0,1683417600
10.296,1,May 07 2023 02: +0,1683421200
11.42,2,May 07 2023 03: +0,1683424800
11.119,2,May 07 2023 04: +0,1683428400
10.273,1,May 07 2023 05: +0,1683432000
11.686,2,May 07 2023 06: +0,1683435600
12.05,1,May 07 2023 07: +0,1683439200
11.685,4,May 07 2023 08: +0,1683442800
12.474,2,May 07 2023 09: +0,1683446400
11.97,2,May 07 2023 10: +0,1683450000
12.258,5,May 07 2023 11: +0,1683453600
11.448,3,May 07 2023 12: +0,1683457200
11.83,4,May 07 2023 13: +0,1683460800
12.377,6,May 07 2023 14: +0,1683464400
12.462,6,May 07 2023 15: +0,1683468000
11.713,3,May 07 2023 16: +0,1683471600
11.885,4,May 07 2023 17: +0,1683475200
12.499,5,May 07 2023 18: +0,1683478800
11.302,6,May 07 2023 19: +0,1683482400
12.416,4,May 07 2023 20: +0,1683486000
11.538,1,May 07 2023 21: +0,1683489600
11.225,3,May 07 2023 22: +0,1683493200
13.002,3,May 07 2023 23: +0,1683496800
9.453,1,May 08 2023 00: +0,1683500400
13.008,1,May 08 2023 03: +0,1683511200
9.545,1,May 08 2023 04: +0,1683514800
11.214,1,May 08 2023 05: +0,1683518400
11.301,1,May 08 2023 07: +0,1683525600
12.492,1,May 08 2023 09: +0,1683532800
12.437,3,May 08 2023 10: +0,1683536400
12.585,3,May 08 2023 11: +0,1683540000
11.914,1,May 08 2023 12: +0,1683543600
12.689,6,May 08 2023 13: +0,1683547200
12.243,2,May 08 2023 14: +0,1683550800
11.736,1,May 08 2023 15: +0,1683554400
12.169,4,May 08 2023 16: +0,1683558000
12.0,3,May 08 2023 17: +0,1683561600
11.564,4,May 08 2023 18: +0,1683565200
11.951,3,May 08 2023 19: +0,1683568800
12.175,3,May 08 2023 20: +0,1683572400
10.763,6,May 08 2023 21: +0,1683576000
10.882,4,May 08 2023 22: +0,1683579600
11.975,3,May 08 2023 23: +0,1683583200
11.868,1,May 09 2023 00: +0,1683586800
10.525,1,May 09 2023 01: +0,1683590400
11.872,4,May 09 2023 03: +0,1683597600
11.405,1,May 09 2023 05: +0,1683604800
10.779,1,May 09 2023 06: +0,1683608400
10.698,2,May 09 2023 07: +0,1683612000
11.13,4,May 09 2023 08: +0,1683615600
11.868,3,May 09 2023 09: +0,1683619200
10.779,1,May 09 2023 10: +0,1683622800
11.617,4,May 09 2023 11: +0,1683626400
12.246,4,May 09 2023 12: +0,1683630000
12.521,3,May 09 2023 13: +0,1683633600
12.145,3,May 09 2023 14: +0,1683637200
12.043,5,May 09 2023 15: +0,1683640800
11.612,3,May 09 2023 16: +0,1683644400
11.823,3,May 09 2023 17: +0,1683648000
11.483,5,May 09 2023 18: +0,1683651600
12.084,5,May 09 2023 19: +0,1683655200
12.454,2,May 09 2023 20: +0,1683658800
11.516,3,May 09 2023 21: +0,1683662400
10.882,5,May 09 2023 22: +0,1683666000
10.002,1,May 09 2023 23: +0,1683669600
12.614,1,May 10 2023 01: +0,1683676800
10.985,2,May 10 2023 02: +0,1683680400
12.463,1,May 10 2023 06: +0,1683694800
12.193,1,May 10 2023 08: +0,1683702000
11.992,2,May 10 2023 09: +0,1683705600
12.088,4,May 10 2023 10: +0,1683709200
12.427,3,May 10 2023 11: +0,1683712800
11.429,1,May 10 2023 12: +0,1683716400
11.21,3,May 10 2023 13: +0,1683720000
12.425,4,May 10 2023 14: +0,1683723600
10.921,1,May 10 2023 15: +0,1683727200
11.93,3,May 10 2023 16: +0,1683730800
10.937,3,May 10 2023 17: +0,1683734400
11.183,2,May 10 2023 18: +0,1683738000
11.718,5,May 10 2023 19: +0,1683741600
11.69,4,May 10 2023 20: +0,1683745200
11.511,2,May 10 2023 21: +0,1683748800
11.942,3,May 10 2023 22: +0,1683752400
11.916,3,May 10 2023 23: +0,1683756000
12.42,5,May 11 2023 00: +0,1683759600
12.356,1,May 11 2023 03: +0,1683770400
9.995,1,May 11 2023 04: +0,1683774000
9.905,1,May 11 2023 05: +0,1683777600
11.019,1,May 11 2023 07: +0,1683784800
11.824,3,May 11 2023 08: +0,1683788400
10.92,1,May 11 2023 09: +0,1683792000
11.245,4,May 11 2023 10: +0,1683795600
12.337,5,May 11 2023 12: +0,1683802800
12.441,3,May 11 2023 13: +0,1683806400
12.58,5,May 11 2023 14: +0,1683810000
12.007,4,May 11 2023 15: +0,1683813600
11.026,3,May 11 2023 16: +0,1683817200
12.523,1,May 11 2023 17: +0,1683820800
12.728,1,May 11 2023 18: +0,1683824400
12.73,6,May 11 2023 19: +0,1683828000
12.254,3,May 11 2023 20: +0,1683831600
12.239,5,May 11 2023 21: +0,1683835200
11.559,2,May 11 2023 22: +0,1683838800
12.389,2,May 11 2023 23: +0,1683842400
11.15,1,May 12 2023 00: +0,1683846000
11.15,1,May 12 2023 01: +0,1683849600
12.647,3,May 12 2023 03: +0,1683856800
11.303,2,May 12 2023 04: +0,1683860400
12.535,1,May 12 2023 05: +0,1683864000
12.325,1,May 12 2023 06: +0,1683867600
11.086,1,May 12 2023 07: +0,1683871200
31.209,1,May 12 2023 08: +0,1683874800
12.012,1,May 12 2023 10: +0,1683882000
10.734,1,May 12 2023 11: +0,1683885600
12.263,1,May 12 2023 12: +0,1683889200
11.969,5,May 12 2023 13: +0,1683892800
12.224,5,May 12 2023 14: +0,1683896400
11.526,2,May 12 2023 15: +0,1683900000
11.624,2,May 12 2023 16: +0,1683903600
11.641,5,May 12 2023 17: +0,1683907200
11.963,4,May 12 2023 18: +0,1683910800
11.566,5,May 12 2023 19: +0,1683914400
12.422,2,May 12 2023 20: +0,1683918000
12.011,3,May 12 2023 21: +0,1683921600
11.006,3,May 12 2023 22: +0,1683925200
11.032,4,May 12 2023 23: +0,1683928800
12.006,1,May 13 2023 00: +0,1683932400
11.497,2,May 13 2023 01: +0,1683936000
12.013,1,May 13 2023 02: +0,1683939600
10.293,2,May 13 2023 03: +0,1683943200
11.67,1,May 13 2023 04: +0,1683946800
11.379,2,May 13 2023 06: +0,1683954000
11.752,1,May 13 2023 07: +0,1683957600
11.633,5,May 13 2023 09: +0,1683964800
12.231,6,May 13 2023 10: +0,1683968400
10.01,3,May 13 2023 11: +0,1683972000
12.243,1,May 13 2023 12: +0,1683975600
11.266,3,May 13 2023 13: +0,1683979200
12.086,1,May 13 2023 14: +0,1683982800
11.891,4,May 13 2023 15: +0,1683986400
10.998,3,May 13 2023 16: +0,1683990000
11.753,6,May 13 2023 17: +0,1683993600
12.243,3,May 13 2023 18: +0,1683997200
12.581,2,May 13 2023 19: +0,1684000800
12.24,3,May 13 2023 20: +0,1684004400
12.243,2,May 13 2023 21: +0,1684008000
12.24,1,May 13 2023 22: +0,1684011600
12.187,3,May 13 2023 23: +0,1684015200
11.73,3,May 14 2023 00: +0,1684018800
11.049,2,May 14 2023 01: +0,1684022400
10.886,1,May 14 2023 02: +0,1684026000
11.609,2,May 14 2023 06: +0,1684040400
11.708,1,May 14 2023 07: +0,1684044000
11.504,5,May 14 2023 09: +0,1684051200
11.64,4,May 14 2023 10: +0,1684054800
10.972,1,May 14 2023 11: +0,1684058400
11.047,5,May 14 2023 12: +0,1684062000
11.488,3,May 14 2023 13: +0,1684065600
11.7,5,May 14 2023 14: +0,1684069200
11.8,4,May 14 2023 15: +0,1684072800
10.539,3,May 14 2023 16: +0,1684076400
10.528,6,May 14 2023 17: +0,1684080000
11.311,9,May 14 2023 18: +0,1684083600
11.931,5,May 14 2023 19: +0,1684087200
10.417,1,May 14 2023 20: +0,1684090800
11.397,4,May 14 2023 21: +0,1684094400
11.05,2,May 14 2023 22: +0,1684098000
12.038,2,May 14 2023 23: +0,1684101600
10.363,1,May 15 2023 02: +0,1684112400
10.354,1,May 15 2023 03: +0,1684116000
10.421,1,May 15 2023 04: +0,1684119600
11.897,1,May 15 2023 05: +0,1684123200
11.251,1,May 15 2023 07: +0,1684130400
11.51,1,May 15 2023 08: +0,1684134000
11.765,1,May 15 2023 09: +0,1684137600
10.359,1,May 15 2023 10: +0,1684141200
11.121,2,May 15 2023 11: +0,1684144800
11.117,4,May 15 2023 12: +0,1684148400
11.191,5,May 15 2023 13: +0,1684152000
10.307,5,May 15 2023 14: +0,1684155600
11.558,3,May 15 2023 15: +0,1684159200
11.706,7,May 15 2023 16: +0,1684162800
11.94,5,May 15 2023 17: +0,1684166400
11.777,4,May 15 2023 18: +0,1684170000
11.487,6,May 15 2023 19: +0,1684173600
11.005,5,May 15 2023 20: +0,1684177200
11.801,2,May 15 2023 21: +0,1684180800
11.798,3,May 15 2023 22: +0,1684184400
11.931,2,May 15 2023 23: +0,1684188000
10.207,1,May 16 2023 00: +0,1684191600
11.562,1,May 16 2023 01: +0,1684195200
11.035,1,May 16 2023 04: +0,1684206000
11.194,1,May 16 2023 05: +0,1684209600
11.753,1,May 16 2023 06: +0,1684213200
10.179,1,May 16 2023 07: +0,1684216800
10.839,2,May 16 2023 10: +0,1684227600
11.533,3,May 16 2023 11: +0,1684231200
11.54,3,May 16 2023 12: +0,1684234800
10.546,1,May 16 2023 13: +0,1684238400
11.117,5,May 16 2023 14: +0,1684242000
11.808,3,May 16 2023 15: +0,1684245600
11.827,3,May 16 2023 16: +0,1684249200
11.546,5,May 16 2023 17: +0,1684252800
11.494,7,May 16 2023 18: +0,1684256400
11.256,6,May 16 2023 19: +0,1684260000
12.03,7,May 16 2023 20: +0,1684263600
11.95,1,May 16 2023 21: +0,1684267200
11.647,1,May 16 2023 22: +0,1684270800
10.212,1,May 16 2023 23: +0,1684274400
10.137,3,May 17 2023 00: +0,1684278000
9.675,3,May 17 2023 02: +0,1684285200
9.593,1,May 17 2023 03: +0,1684288800
11.198,1,May 17 2023 04: +0,1684292400
10.177,1,May 17 2023 05: +0,1684296000
9.961,3,May 17 2023 06: +0,1684299600
11.206,1,May 17 2023 07: +0,1684303200
11.215,1,May 17 2023 08: +0,1684306800
10.611,2,May 17 2023 09: +0,1684310400
10.81,5,May 17 2023 10: +0,1684314000
10.305,3,May 17 2023 11: +0,1684317600
10.576,4,May 17 2023 12: +0,1684321200
10.919,4,May 17 2023 13: +0,1684324800
11.819,7,May 17 2023 14: +0,1684328400
11.931,6,May 17 2023 15: +0,1684332000
11.001,1,May 17 2023 16: +0,1684335600
11.816,4,May 17 2023 17: +0,1684339200
11.636,5,May 17 2023 18: +0,1684342800
11.634,5,May 17 2023 19: +0,1684346400
11.288,6,May 17 2023 20: +0,1684350000
11.861,1,May 17 2023 22: +0,1684357200
10.596,1,May 18 2023 01: +0,1684368000
10.596,1,May 18 2023 02: +0,1684371600
10.435,2,May 18 2023 05: +0,1684382400
10.86,2,May 18 2023 06: +0,1684386000
10.974,2,May 18 2023 07: +0,1684389600
10.492,2,May 18 2023 08: +0,1684393200
10.972,3,May 18 2023 09: +0,1684396800
10.975,1,May 18 2023 10: +0,1684400400
10.596,3,May 18 2023 11: +0,1684404000
9.344,1,May 18 2023 12: +0,1684407600
10.785,5,May 18 2023 13: +0,1684411200
10.975,3,May 18 2023 14: +0,1684414800
11.094,3,May 18 2023 15: +0,1684418400
11.365,1,May 18 2023 16: +0,1684422000
11.307,4,May 18 2023 17: +0,1684425600
11.016,4,May 18 2023 18: +0,1684429200
10.873,3,May 18 2023 19: +0,1684432800
11.077,4,May 18 2023 20: +0,1684436400
11.737,9,May 18 2023 21: +0,1684440000
11.131,2,May 18 2023 22: +0,1684443600
11.07,2,May 18 2023 23: +0,1684447200
11.729,2,May 19 2023 00: +0,1684450800
11.818,1,May 19 2023 01: +0,1684454400
10.468,1,May 19 2023 02: +0,1684458000
10.129,1,May 19 2023 03: +0,1684461600
11.547,1,May 19 2023 04: +0,1684465200
10.882,1,May 19 2023 05: +0,1684468800
11.886,2,May 19 2023 06: +0,1684472400
11.037,3,May 19 2023 07: +0,1684476000
10.159,3,May 19 2023 09: +0,1684483200
10.137,1,May 19 2023 10: +0,1684486800
11.725,4,May 19 2023 11: +0,1684490400
11.38,7,May 19 2023 12: +0,1684494000
11.807,6,May 19 2023 13: +0,1684497600
10.146,3,May 19 2023 14: +0,1684501200
11.561,3,May 19 2023 15: +0,1684504800
11.422,4,May 19 2023 16: +0,1684508400
10.841,4,May 19 2023 17: +0,1684512000
11.474,4,May 19 2023 18: +0,1684515600
11.451,5,May 19 2023 19: +0,1684519200
11.636,5,May 19 2023 20: +0,1684522800
11.801,6,May 19 2023 21: +0,1684526400
11.833,3,May 19 2023 22: +0,1684530000
10.444,3,May 19 2023 23: +0,1684533600
11.252,1,May 20 2023 00: +0,1684537200
10.01,1,May 20 2023 01: +0,1684540800
11.654,3,May 20 2023 02: +0,1684544400
11.006,2,May 20 2023 03: +0,1684548000
10.656,2,May 20 2023 04: +0,1684551600
11.36,2,May 20 2023 06: +0,1684558800
11.38,1,May 20 2023 07: +0,1684562400
11.476,2,May 20 2023 08: +0,1684566000
10.485,8,May 20 2023 09: +0,1684569600
11.721,4,May 20 2023 10: +0,1684573200
10.958,3,May 20 2023 11: +0,1684576800
11.734,3,May 20 2023 12: +0,1684580400
11.072,2,May 20 2023 13: +0,1684584000
11.499,4,May 20 2023 14: +0,1684587600
11.145,2,May 20 2023 15: +0,1684591200
11.345,5,May 20 2023 16: +0,1684594800
10.458,1,May 20 2023 17: +0,1684598400
11.301,4,May 20 2023 18: +0,1684602000
11.46,5,May 20 2023 19: +0,1684605600
11.639,6,May 20 2023 20: +0,1684609200
10.107,5,May 20 2023 21: +0,1684612800
10.091,3,May 20 2023 22: +0,1684616400
11.125,4,May 20 2023 23: +0,1684620000
9.851,2,May 21 2023 00: +0,1684623600
11.061,1,May 21 2023 01: +0,1684627200
10.05,1,May 21 2023 02: +0,1684630800
11.046,2,May 21 2023 04: +0,1684638000
9.293,2,May 21 2023 05: +0,1684641600
10.442,1,May 21 2023 06: +0,1684645200
11.622,4,May 21 2023 07: +0,1684648800
11.644,2,May 21 2023 08: +0,1684652400
11.063,7,May 21 2023 10: +0,1684659600
11.518,3,May 21 2023 11: +0,1684663200
10.083,2,May 21 2023 12: +0,1684666800
10.793,2,May 21 2023 13: +0,1684670400
11.618,3,May 21 2023 14: +0,1684674000
11.62,5,May 21 2023 15: +0,1684677600
11.628,3,May 21 2023 16: +0,1684681200
9.197,2,May 21 2023 17: +0,1684684800
11.584,6,May 21 2023 18: +0,1684688400
10.192,3,May 21 2023 19: +0,1684692000
10.97,1,May 21 2023 20: +0,1684695600
11.458,5,May 21 2023 21: +0,1684699200
9.014,2,May 21 2023 22: +0,1684702800
9.998,1,May 21 2023 23: +0,1684706400
11.269,3,May 22 2023 00: +0,1684710000
11.525,1,May 22 2023 01: +0,1684713600
11.481,1,May 22 2023 02: +0,1684717200
10.746,2,May 22 2023 05: +0,1684728000
11.957,2,May 22 2023 07: +0,1684735200
10.734,2,May 22 2023 09: +0,1684742400
11.534,6,May 22 2023 10: +0,1684746000
11.44,6,May 22 2023 12: +0,1684753200
10.75,2,May 22 2023 13: +0,1684756800
10.405,3,May 22 2023 14: +0,1684760400
10.451,3,May 22 2023 15: +0,1684764000
11.098,3,May 22 2023 16: +0,1684767600
11.621,6,May 22 2023 17: +0,1684771200
11.603,3,May 22 2023 18: +0,1684774800
11.017,5,May 22 2023 19: +0,1684778400
11.096,2,May 22 2023 20: +0,1684782000
11.046,3,May 22 2023 21: +0,1684785600
10.929,3,May 22 2023 22: +0,1684789200
9.305,1,May 23 2023 01: +0,1684800000
9.908,1,May 23 2023 02: +0,1684803600
9.998,1,May 23 2023 03: +0,1684807200
11.267,1,May 23 2023 04: +0,1684810800
11.135,1,May 23 2023 05: +0,1684814400
8.061,2,May 23 2023 07: +0,1684821600
10.559,2,May 23 2023 08: +0,1684825200
11.159,2,May 23 2023 09: +0,1684828800
10.988,3,May 23 2023 11: +0,1684836000
10.636,4,May 23 2023 12: +0,1684839600
11.029,2,May 23 2023 13: +0,1684843200
11.439,3,May 23 2023 14: +0,1684846800
11.036,4,May 23 2023 15: +0,1684850400
11.45,4,May 23 2023 16: +0,1684854000
10.89,7,May 23 2023 17: +0,1684857600
10.23,4,May 23 2023 18: +0,1684861200
11.174,7,May 23 2023 19: +0,1684864800
11.43,5,May 23 2023 20: +0,1684868400
11.451,11,May 23 2023 21: +0,1684872000
11.033,2,May 23 2023 22: +0,1684875600
11.526,1,May 23 2023 23: +0,1684879200
11.526,1,May 24 2023 03: +0,1684893600
9.845,3,May 24 2023 04: +0,1684897200
9.854,1,May 24 2023 05: +0,1684900800
11.517,1,May 24 2023 06: +0,1684904400
11.526,1,May 24 2023 07: +0,1684908000
11.514,6,May 24 2023 08: +0,1684911600
11.5,1,May 24 2023 09: +0,1684915200
11.529,1,May 24 2023 10: +0,1684918800
11.511,1,May 24 2023 11: +0,1684922400
11.58,2,May 24 2023 12: +0,1684926000
10.473,2,May 24 2023 13: +0,1684929600
11.321,4,May 24 2023 14: +0,1684933200
11.035,1,May 24 2023 15: +0,1684936800
11.514,4,May 24 2023 16: +0,1684940400
11.516,4,May 24 2023 17: +0,1684944000
11.255,5,May 24 2023 18: +0,1684947600
11.078,3,May 24 2023 19: +0,1684951200
10.584,4,May 24 2023 20: +0,1684954800
11.229,6,May 24 2023 21: +0,1684958400
11.518,4,May 24 2023 22: +0,1684962000
10.069,1,May 24 2023 23: +0,1684965600
10.467,1,May 25 2023 00: +0,1684969200
9.962,1,May 25 2023 01: +0,1684972800
10.719,2,May 25 2023 03: +0,1684980000
9.958,1,May 25 2023 04: +0,1684983600
11.535,1,May 25 2023 05: +0,1684987200
11.187,2,May 25 2023 06: +0,1684990800
11.53,2,May 25 2023 07: +0,1684994400
11.428,2,May 25 2023 08: +0,1684998000
11.333,4,May 25 2023 10: +0,1685005200
11.329,2,May 25 2023 11: +0,1685008800
11.503,3,May 25 2023 12: +0,1685012400
10.938,4,May 25 2023 13: +0,1685016000
11.531,4,May 25 2023 14: +0,1685019600
11.326,3,May 25 2023 15: +0,1685023200
11.381,3,May 25 2023 16: +0,1685026800
11.245,5,May 25 2023 17: +0,1685030400
11.173,6,May 25 2023 18: +0,1685034000
10.416,6,May 25 2023 19: +0,1685037600
11.41,4,May 25 2023 20: +0,1685041200
10.977,3,May 25 2023 21: +0,1685044800
10.444,4,May 25 2023 22: +0,1685048400
11.305,5,May 25 2023 23: +0,1685052000
10.759,2,May 26 2023 02: +0,1685062800
10.833,2,May 26 2023 06: +0,1685077200
10.237,1,May 26 2023 07: +0,1685080800
11.563,2,May 26 2023 09: +0,1685088000
11.326,1,May 26 2023 10: +0,1685091600
11.447,3,May 26 2023 11: +0,1685095200
11.012,4,May 26 2023 12: +0,1685098800
11.488,4,May 26 2023 13: +0,1685102400
11.492,4,May 26 2023 14: +0,1685106000
11.134,7,May 26 2023 15: +0,1685109600
11.489,7,May 26 2023 16: +0,1685113200
11.316,5,May 26 2023 17: +0,1685116800
11.452,4,May 26 2023 19: +0,1685124000
10.643,4,May 26 2023 20: +0,1685127600
10.075,3,May 26 2023 21: +0,1685131200
10.337,1,May 26 2023 22: +0,1685134800
10.169,2,May 26 2023 23: +0,1685138400
10.055,3,May 27 2023 00: +0,1685142000
9.973,1,May 27 2023 02: +0,1685149200
10.125,1,May 27 2023 03: +0,1685152800
10.18,1,May 27 2023 05: +0,1685160000
10.085,3,May 27 2023 06: +0,1685163600
10.919,2,May 27 2023 08: +0,1685170800
11.017,4,May 27 2023 09: +0,1685174400
10.531,3,May 27 2023 10: +0,1685178000
11.006,4,May 27 2023 11: +0,1685181600
11.365,2,May 27 2023 12: +0,1685185200
11.115,4,May 27 2023 13: +0,1685188800
11.276,2,May 27 2023 14: +0,1685192400
10.732,2,May 27 2023 15: +0,1685196000
11.42,4,May 27 2023 16: +0,1685199600
10.589,5,May 27 2023 17: +0,1685203200
11.579,6,May 27 2023 18: +0,1685206800
11.591,4,May 27 2023 19: +0,1685210400
10.692,2,May 27 2023 20: +0,1685214000
11.596,5,May 27 2023 21: +0,1685217600
11.257,3,May 27 2023 22: +0,1685221200
11.596,3,May 27 2023 23: +0,1685224800
11.596,1,May 28 2023 00: +0,1685228400
10.083,3,May 28 2023 01: +0,1685232000
10.791,2,May 28 2023 02: +0,1685235600
11.687,1,May 28 2023 03: +0,1685239200
11.609,3,May 28 2023 04: +0,1685242800
10.261,1,May 28 2023 05: +0,1685246400
11.192,1,May 28 2023 06: +0,1685250000
11.463,4,May 28 2023 07: +0,1685253600
11.07,1,May 28 2023 08: +0,1685257200
10.862,2,May 28 2023 09: +0,1685260800
10.795,5,May 28 2023 10: +0,1685264400
10.091,4,May 28 2023 11: +0,1685268000
11.655,6,May 28 2023 12: +0,1685271600
11.194,4,May 28 2023 13: +0,1685275200
10.67,2,May 28 2023 14: +0,1685278800
11.502,1,May 28 2023 15: +0,1685282400
11.029,1,May 28 2023 16: +0,1685286000
11.034,8,May 28 2023 17: +0,1685289600
10.578,4,May 28 2023 18: +0,1685293200
11.279,3,May 28 2023 19: +0,1685296800
10.931,4,May 28 2023 20: +0,1685300400
11.238,5,May 28 2023 21: +0,1685304000
10.062,3,May 28 2023 22: +0,1685307600
9.983,1,May 28 2023 23: +0,1685311200
11.457,3,May 29 2023 02: +0,1685322000
9.449,2,May 29 2023 05: +0,1685332800
11.496,2,May 29 2023 06: +0,1685336400
11.559,1,May 29 2023 07: +0,1685340000
11.266,5,May 29 2023 08: +0,1685343600
10.79,2,May 29 2023 09: +0,1685347200
11.538,4,May 29 2023 10: +0,1685350800
11.544,3,May 29 2023 11: +0,1685354400
10.018,3,May 29 2023 13: +0,1685361600
10.98,8,May 29 2023 14: +0,1685365200
11.533,5,May 29 2023 15: +0,1685368800
11.454,6,May 29 2023 16: +0,1685372400
11.492,9,May 29 2023 17: +0,1685376000
11.58,3,May 29 2023 18: +0,1685379600
11.64,6,May 29 2023 19: +0,1685383200
11.652,6,May 29 2023 20: +0,1685386800
11.815,4,May 29 2023 22: +0,1685394000
11.87,8,May 29 2023 23: +0,1685397600
11.718,2,May 30 2023 00: +0,1685401200
12.056,1,May 30 2023 01: +0,1685404800
9.824,2,May 30 2023 03: +0,1685412000
12.114,1,May 30 2023 04: +0,1685415600
12.033,1,May 30 2023 05: +0,1685419200
10.807,1,May 30 2023 06: +0,1685422800
10.786,1,May 30 2023 08: +0,1685430000
10.856,2,May 30 2023 09: +0,1685433600
11.439,2,May 30 2023 10: +0,1685437200
11.066,1,May 30 2023 11: +0,1685440800
11.842,5,May 30 2023 12: +0,1685444400
11.973,3,May 30 2023 13: +0,1685448000
11.4,5,May 30 2023 14: +0,1685451600
11.606,6,May 30 2023 15: +0,1685455200
12.105,3,May 30 2023 16: +0,1685458800
11.48,2,May 30 2023 17: +0,1685462400
11.209,4,May 30 2023 18: +0,1685466000
12.067,9,May 30 2023 19: +0,1685469600
10.819,3,May 30 2023 20: +0,1685473200
11.558,1,May 30 2023 21: +0,1685476800
10.725,1,May 30 2023 22: +0,1685480400
11.584,1,May 30 2023 23: +0,1685484000
11.744,1,May 31 2023 01: +0,1685491200
10.37,2,May 31 2023 04: +0,1685502000
11.636,1,May 31 2023 05: +0,1685505600
10.583,2,May 31 2023 07: +0,1685512800
11.282,3,May 31 2023 08: +0,1685516400
11.529,1,May 31 2023 09: +0,1685520000
11.58,2,May 31 2023 10: +0,1685523600
11.65,1,May 31 2023 11: +0,1685527200
10.904,2,May 31 2023 12: +0,1685530800
11.656,4,May 31 2023 13: +0,1685534400
12.03,4,May 31 2023 14: +0,1685538000
12.044,1,May 31 2023 15: +0,1685541600
10.413,5,May 31 2023 16: +0,1685545200
11.483,6,May 31 2023 17: +0,1685548800
12.18,3,May 31 2023 18: +0,1685552400
11.036,4,May 31 2023 19: +0,1685556000
12.129,7,May 31 2023 20: +0,1685559600
10.455,5,May 31 2023 21: +0,1685563200
10.005,1,May 31 2023 22: +0,1685566800
10.527,1,Jun 01 2023 00: +0,1685574000
10.919,4,Jun 01 2023 01: +0,1685577600
11.644,1,Jun 01 2023 02: +0,1685581200
10.477,1,Jun 01 2023 03: +0,1685584800
11.957,1,Jun 01 2023 04: +0,1685588400
11.964,2,Jun 01 2023 05: +0,1685592000
11.407,1,Jun 01 2023 06: +0,1685595600
10.448,1,Jun 01 2023 07: +0,1685599200
11.189,2,Jun 01 2023 08: +0,1685602800
11.138,5,Jun 01 2023 09: +0,1685606400
10.48,1,Jun 01 2023 10: +0,1685610000
10.796,4,Jun 01 2023 11: +0,1685613600
11.673,2,Jun 01 2023 12: +0,1685617200
11.538,2,Jun 01 2023 13: +0,1685620800
10.305,3,Jun 01 2023 14: +0,1685624400
11.674,3,Jun 01 2023 15: +0,1685628000
10.207,3,Jun 01 2023 17: +0,1685635200
11.021,5,Jun 01 2023 18: +0,1685638800
11.068,5,Jun 01 2023 19: +0,1685642400
11.819,5,Jun 01 2023 20: +0,1685646000
11.707,5,Jun 01 2023 21: +0,1685649600
11.505,1,Jun 01 2023 22: +0,1685653200
10.283,2,Jun 01 2023 23: +0,1685656800
9.983,3,Jun 02 2023 00: +0,1685660400
11.764,1,Jun 02 2023 01: +0,1685664000
11.773,1,Jun 02 2023 02: +0,1685667600
10.358,1,Jun 02 2023 03: +0,1685671200
10.37,1,Jun 02 2023 06: +0,1685682000
11.816,2,Jun 02 2023 07: +0,1685685600
10.98,3,Jun 02 2023 08: +0,1685689200
11.612,3,Jun 02 2023 09: +0,1685692800
11.939,3,Jun 02 2023 10: +0,1685696400
10.446,3,Jun 02 2023 11: +0,1685700000
10.326,1,Jun 02 2023 12: +0,1685703600
10.691,4,Jun 02 2023 13: +0,1685707200
11.654,1,Jun 02 2023 14: +0,1685710800
10.649,3,Jun 02 2023 15: +0,1685714400
11.849,5,Jun 02 2023 16: +0,1685718000
11.94,5,Jun 02 2023 17: +0,1685721600
11.862,1,Jun 02 2023 18: +0,1685725200
11.727,6,Jun 02 2023 19: +0,1685728800
12.102,8,Jun 02 2023 20: +0,1685732400
11.172,1,Jun 02 2023 21: +0,1685736000
11.865,4,Jun 02 2023 22: +0,1685739600
13.141,1,Jun 02 2023 23: +0,1685743200
7.884,2,Jun 03 2023 00: +0,1685746800
10.348,1,Jun 03 2023 02: +0,1685754000
10.516,1,Jun 03 2023 04: +0,1685761200
12.296,1,Jun 03 2023 05: +0,1685764800
8.594,3,Jun 03 2023 07: +0,1685772000
10.519,1,Jun 03 2023 08: +0,1685775600
11.963,3,Jun 03 2023 09: +0,1685779200
10.45,4,Jun 03 2023 10: +0,1685782800
11.56,4,Jun 03 2023 11: +0,1685786400
11.091,2,Jun 03 2023 12: +0,1685790000
10.518,5,Jun 03 2023 13: +0,1685793600
10.702,5,Jun 03 2023 14: +0,1685797200
11.667,3,Jun 03 2023 15: +0,1685800800
11.94,3,Jun 03 2023 16: +0,1685804400
10.702,1,Jun 03 2023 17: +0,1685808000
11.387,4,Jun 03 2023 18: +0,1685811600
11.449,5,Jun 03 2023 19: +0,1685815200
11.099,2,Jun 03 2023 21: +0,1685822400
10.577,1,Jun 03 2023 22: +0,1685826000
11.544,1,Jun 03 2023 23: +0,1685829600
11.685,3,Jun 04 2023 00: +0,1685833200
11.479,3,Jun 04 2023 01: +0,1685836800
10.794,3,Jun 04 2023 02: +0,1685840400
11.814,1,Jun 04 2023 03: +0,1685844000
11.889,1,Jun 04 2023 04: +0,1685847600
11.98,1,Jun 04 2023 05: +0,1685851200
12.068,3,Jun 04 2023 06: +0,1685854800
10.825,1,Jun 04 2023 07: +0,1685858400
11.607,2,Jun 04 2023 09: +0,1685865600
12.31,2,Jun 04 2023 10: +0,1685869200
12.378,4,Jun 04 2023 11: +0,1685872800
12.11,2,Jun 04 2023 12: +0,1685876400
11.198,1,Jun 04 2023 13: +0,1685880000
12.153,4,Jun 04 2023 14: +0,1685883600
12.36,2,Jun 04 2023 15: +0,1685887200
10.833,5,Jun 04 2023 16: +0,1685890800
12.156,4,Jun 04 2023 17: +0,1685894400
11.018,2,Jun 04 2023 19: +0,1685901600
11.632,4,Jun 04 2023 20: +0,1685905200
11.475,2,Jun 04 2023 21: +0,1685908800
12.125,2,Jun 04 2023 22: +0,1685912400
12.445,2,Jun 04 2023 23: +0,1685916000
12.239,1,Jun 05 2023 00: +0,1685919600
11.196,1,Jun 05 2023 02: +0,1685926800
11.251,1,Jun 05 2023 05: +0,1685937600
11.7,2,Jun 05 2023 06: +0,1685941200
10.83,1,Jun 05 2023 08: +0,1685948400
11.31,3,Jun 05 2023 09: +0,1685952000
10.844,2,Jun 05 2023 12: +0,1685962800
11.052,3,Jun 05 2023 13: +0,1685966400
11.097,1,Jun 05 2023 14: +0,1685970000
11.851,3,Jun 05 2023 15: +0,1685973600
11.913,2,Jun 05 2023 16: +0,1685977200
10.337,3,Jun 05 2023 17: +0,1685980800
11.92,6,Jun 05 2023 18: +0,1685984400
12.291,3,Jun 05 2023 19: +0,1685988000
11.233,2,Jun 05 2023 20: +0,1685991600
11.192,4,Jun 05 2023 21: +0,1685995200
11.775,2,Jun 05 2023 22: +0,1685998800
10.312,1,Jun 05 2023 23: +0,1686002400
11.326,1,Jun 06 2023 00: +0,1686006000
11.792,1,Jun 06 2023 01: +0,1686009600
10.85,1,Jun 06 2023 04: +0,1686020400
10.825,1,Jun 06 2023 05: +0,1686024000
11.365,1,Jun 06 2023 07: +0,1686031200
11.356,1,Jun 06 2023 08: +0,1686034800
11.371,1,Jun 06 2023 09: +0,1686038400
10.809,2,Jun 06 2023 10: +0,1686042000
10.359,2,Jun 06 2023 11: +0,1686045600
10.211,2,Jun 06 2023 12: +0,1686049200
10.817,3,Jun 06 2023 13: +0,1686052800
10.945,4,Jun 06 2023 14: +0,1686056400
11.066,1,Jun 06 2023 15: +0,1686060000
10.957,4,Jun 06 2023 16: +0,1686063600
11.607,4,Jun 06 2023 17: +0,1686067200
10.83,4,Jun 06 2023 18: +0,1686070800
10.859,3,Jun 06 2023 19: +0,1686074400
11.675,4,Jun 06 2023 20: +0,1686078000
11.891,3,Jun 06 2023 21: +0,1686081600
11.376,2,Jun 06 2023 22: +0,1686085200
10.628,2,Jun 06 2023 23: +0,1686088800
11.119,2,Jun 07 2023 04: +0,1686106800
11.372,1,Jun 07 2023 06: +0,1686114000
11.414,3,Jun 07 2023 07: +0,1686117600
11.913,3,Jun 07 2023 08: +0,1686121200
12.201,1,Jun 07 2023 09: +0,1686124800
11.103,1,Jun 07 2023 10: +0,1686128400
10.848,1,Jun 07 2023 11: +0,1686132000
10.569,3,Jun 07 2023 12: +0,1686135600
12.245,3,Jun 07 2023 13: +0,1686139200
11.966,3,Jun 07 2023 15: +0,1686146400
11.848,4,Jun 07 2023 16: +0,1686150000
11.964,2,Jun 07 2023 17: +0,1686153600
10.741,3,Jun 07 2023 19: +0,1686160800
11.708,5,Jun 07 2023 20: +0,1686164400
10.354,9,Jun 07 2023 21: +0,1686168000
10.089,3,Jun 07 2023 22: +0,1686171600
10.281,3,Jun 07 2023 23: +0,1686175200
10.281,1,Jun 08 2023 02: +0,1686186000
10.368,2,Jun 08 2023 03: +0,1686189600
10.291,2,Jun 08 2023 04: +0,1686193200
10.089,1,Jun 08 2023 05: +0,1686196800
10.245,2,Jun 08 2023 06: +0,1686200400
10.546,1,Jun 08 2023 08: +0,1686207600
11.643,1,Jun 08 2023 09: +0,1686211200
10.273,3,Jun 08 2023 10: +0,1686214800
10.734,5,Jun 08 2023 11: +0,1686218400
11.223,1,Jun 08 2023 12: +0,1686222000
11.325,1,Jun 08 2023 13: +0,1686225600
11.325,9,Jun 08 2023 14: +0,1686229200
10.38,1,Jun 08 2023 15: +0,1686232800
11.776,3,Jun 08 2023 16: +0,1686236400
11.161,4,Jun 08 2023 17: +0,1686240000
11.65,2,Jun 08 2023 18: +0,1686243600
12.108,6,Jun 08 2023 19: +0,1686247200
11.232,4,Jun 08 2023 20: +0,1686250800
12.23,2,Jun 08 2023 21: +0,1686254400
11.386,2,Jun 08 2023 22: +0,1686258000
10.932,1,Jun 08 2023 23: +0,1686261600
12.113,2,Jun 09 2023 00: +0,1686265200
12.185,3,Jun 09 2023 01: +0,1686268800
12.247,1,Jun 09 2023 02: +0,1686272400
9.605,1,Jun 09 2023 03: +0,1686276000
12.348,1,Jun 09 2023 04: +0,1686279600
12.081,3,Jun 09 2023 06: +0,1686286800
12.349,1,Jun 09 2023 07: +0,1686290400
11.334,2,Jun 09 2023 08: +0,1686294000
11.877,3,Jun 09 2023 09: +0,1686297600
12.17,2,Jun 09 2023 10: +0,1686301200
12.332,2,Jun 09 2023 11: +0,1686304800
10.719,1,Jun 09 2023 12: +0,1686308400
11.372,4,Jun 09 2023 13: +0,1686312000
10.549,1,Jun 09 2023 14: +0,1686315600
10.878,5,Jun 09 2023 15: +0,1686319200
12.23,3,Jun 09 2023 16: +0,1686322800
12.118,1,Jun 09 2023 17: +0,1686326400
10.474,1,Jun 09 2023 18: +0,1686330000
12.0,3,Jun 09 2023 19: +0,1686333600
11.061,2,Jun 09 2023 20: +0,1686337200
10.214,1,Jun 09 2023 21: +0,1686340800
10.695,4,Jun 09 2023 22: +0,1686344400
11.301,2,Jun 09 2023 23: +0,1686348000
11.175,2,Jun 10 2023 00: +0,1686351600
10.42,1,Jun 10 2023 02: +0,1686358800
10.85,2,Jun 10 2023 04: +0,1686366000
11.525,1,Jun 10 2023 05: +0,1686369600
11.526,1,Jun 10 2023 06: +0,1686373200
11.583,2,Jun 10 2023 08: +0,1686380400
10.52,2,Jun 10 2023 09: +0,1686384000
11.461,1,Jun 10 2023 10: +0,1686387600
10.627,2,Jun 10 2023 11: +0,1686391200
11.408,2,Jun 10 2023 12: +0,1686394800
10.496,5,Jun 10 2023 13: +0,1686398400
10.512,3,Jun 10 2023 14: +0,1686402000
11.401,4,Jun 10 2023 15: +0,1686405600
11.471,4,Jun 10 2023 16: +0,1686409200
11.529,5,Jun 10 2023 17: +0,1686412800
10.882,2,Jun 10 2023 18: +0,1686416400
10.323,3,Jun 10 2023 19: +0,1686420000
11.631,3,Jun 10 2023 20: +0,1686423600
11.853,4,Jun 10 2023 21: +0,1686427200
11.902,3,Jun 10 2023 22: +0,1686430800
11.732,2,Jun 10 2023 23: +0,1686434400
10.454,2,Jun 11 2023 00: +0,1686438000
10.822,1,Jun 11 2023 03: +0,1686448800
10.423,1,Jun 11 2023 05: +0,1686456000
11.386,1,Jun 11 2023 06: +0,1686459600
11.401,1,Jun 11 2023 07: +0,1686463200
10.304,2,Jun 11 2023 08: +0,1686466800
11.125,3,Jun 11 2023 09: +0,1686470400
11.393,3,Jun 11 2023 10: +0,1686474000
10.34,4,Jun 11 2023 11: +0,1686477600
11.56,4,Jun 11 2023 12: +0,1686481200
10.303,1,Jun 11 2023 13: +0,1686484800
11.173,2,Jun 11 2023 14: +0,1686488400
11.746,4,Jun 11 2023 15: +0,1686492000
11.541,1,Jun 11 2023 16: +0,1686495600
11.593,2,Jun 11 2023 17: +0,1686499200
11.789,3,Jun 11 2023 18: +0,1686502800
11.751,2,Jun 11 2023 19: +0,1686506400
11.721,2,Jun 11 2023 20: +0,1686510000
11.946,5,Jun 11 2023 21: +0,1686513600
9.071,1,Jun 11 2023 22: +0,1686517200
10.873,4,Jun 11 2023 23: +0,1686520800
10.277,1,Jun 12 2023 00: +0,1686524400
11.918,1,Jun 12 2023 02: +0,1686531600
9.994,2,Jun 12 2023 03: +0,1686535200
11.098,2,Jun 12 2023 04: +0,1686538800
10.254,1,Jun 12 2023 05: +0,1686542400
11.568,2,Jun 12 2023 06: +0,1686546000
11.821,1,Jun 12 2023 08: +0,1686553200
9.891,1,Jun 12 2023 10: +0,1686560400
10.938,1,Jun 12 2023 12: +0,1686567600
11.374,4,Jun 12 2023 13: +0,1686571200
10.285,3,Jun 12 2023 14: +0,1686574800
10.27,5,Jun 12 2023 15: +0,1686578400
10.277,5,Jun 12 2023 16: +0,1686582000
10.737,7,Jun 12 2023 17: +0,1686585600
10.757,6,Jun 12 2023 18: +0,1686589200
10.676,3,Jun 12 2023 19: +0,1686592800
11.188,7,Jun 12 2023 20: +0,1686596400
9.874,3,Jun 12 2023 21: +0,1686600000
11.46,5,Jun 12 2023 22: +0,1686603600
11.716,1,Jun 12 2023 23: +0,1686607200
10.99,2,Jun 13 2023 01: +0,1686614400
10.136,1,Jun 13 2023 03: +0,1686621600
11.582,1,Jun 13 2023 04: +0,1686625200
11.181,1,Jun 13 2023 08: +0,1686639600
10.478,3,Jun 13 2023 09: +0,1686643200
10.195,3,Jun 13 2023 10: +0,1686646800
11.232,1,Jun 13 2023 11: +0,1686650400
11.302,4,Jun 13 2023 13: +0,1686657600
11.688,2,Jun 13 2023 14: +0,1686661200
10.805,3,Jun 13 2023 15: +0,1686664800
11.69,2,Jun 13 2023 16: +0,1686668400
10.78,5,Jun 13 2023 17: +0,1686672000
10.911,2,Jun 13 2023 18: +0,1686675600
11.313,4,Jun 13 2023 19: +0,1686679200
11.394,4,Jun 13 2023 20: +0,1686682800
11.392,2,Jun 13 2023 21: +0,1686686400
11.57,4,Jun 13 2023 23: +0,1686693600
10.222,2,Jun 14 2023 00: +0,1686697200
9.181,1,Jun 14 2023 01: +0,1686700800
11.647,1,Jun 14 2023 02: +0,1686704400
11.532,1,Jun 14 2023 03: +0,1686708000
10.914,2,Jun 14 2023 04: +0,1686711600
10.191,1,Jun 14 2023 06: +0,1686718800
11.195,2,Jun 14 2023 07: +0,1686722400
11.108,2,Jun 14 2023 09: +0,1686729600
11.494,4,Jun 14 2023 10: +0,1686733200
11.242,2,Jun 14 2023 11: +0,1686736800
10.128,1,Jun 14 2023 12: +0,1686740400
11.836,3,Jun 14 2023 13: +0,1686744000
11.346,4,Jun 14 2023 14: +0,1686747600
10.141,2,Jun 14 2023 15: +0,1686751200
10.109,2,Jun 14 2023 16: +0,1686754800
10.476,2,Jun 14 2023 17: +0,1686758400
9.764,4,Jun 14 2023 18: +0,1686762000
10.86,6,Jun 14 2023 19: +0,1686765600
10.586,4,Jun 14 2023 20: +0,1686769200
10.701,4,Jun 14 2023 21: +0,1686772800
10.873,4,Jun 14 2023 22: +0,1686776400
11.321,1,Jun 14 2023 23: +0,1686780000
10.15,2,Jun 15 2023 00: +0,1686783600
10.061,2,Jun 15 2023 01: +0,1686787200
11.369,4,Jun 15 2023 02: +0,1686790800
11.461,1,Jun 15 2023 03: +0,1686794400
9.691,3,Jun 15 2023 04: +0,1686798000
9.071,1,Jun 15 2023 05: +0,1686801600
11.637,1,Jun 15 2023 06: +0,1686805200
11.52,1,Jun 15 2023 07: +0,1686808800
9.598,3,Jun 15 2023 09: +0,1686816000
10.73,3,Jun 15 2023 10: +0,1686819600
11.023,5,Jun 15 2023 11: +0,1686823200
11.308,2,Jun 15 2023 12: +0,1686826800
10.621,3,Jun 15 2023 13: +0,1686830400
10.514,2,Jun 15 2023 14: +0,1686834000
10.903,7,Jun 15 2023 15: +0,1686837600
10.929,3,Jun 15 2023 16: +0,1686841200
10.624,1,Jun 15 2023 17: +0,1686844800
11.421,1,Jun 15 2023 18: +0,1686848400
10.556,2,Jun 15 2023 19: +0,1686852000
9.893,5,Jun 15 2023 20: +0,1686855600
11.24,3,Jun 15 2023 21: +0,1686859200
11.146,6,Jun 15 2023 22: +0,1686862800
10.977,4,Jun 15 2023 23: +0,1686866400
11.328,1,Jun 16 2023 01: +0,1686873600
11.203,1,Jun 16 2023 02: +0,1686877200
12.721,2,Jun 16 2023 05: +0,1686888000
11.173,2,Jun 16 2023 06: +0,1686891600
11.294,2,Jun 16 2023 07: +0,1686895200
11.033,1,Jun 16 2023 08: +0,1686898800
11.24,3,Jun 16 2023 09: +0,1686902400
11.135,4,Jun 16 2023 10: +0,1686906000
11.365,3,Jun 16 2023 11: +0,1686909600
10.385,2,Jun 16 2023 12: +0,1686913200
11.348,2,Jun 16 2023 13: +0,1686916800
11.348,4,Jun 16 2023 14: +0,1686920400
9.699,2,Jun 16 2023 15: +0,1686924000
11.286,3,Jun 16 2023 16: +0,1686927600
11.277,5,Jun 16 2023 17: +0,1686931200
11.364,4,Jun 16 2023 18: +0,1686934800
9.937,3,Jun 16 2023 19: +0,1686938400
11.25,6,Jun 16 2023 20: +0,1686942000
9.856,2,Jun 16 2023 21: +0,1686945600
11.134,4,Jun 16 2023 22: +0,1686949200
10.14,1,Jun 16 2023 23: +0,1686952800
11.314,2,Jun 17 2023 00: +0,1686956400
9.659,2,Jun 17 2023 01: +0,1686960000
8.073,1,Jun 17 2023 02: +0,1686963600
11.31,1,Jun 17 2023 03: +0,1686967200
11.381,2,Jun 17 2023 04: +0,1686970800
11.197,1,Jun 17 2023 05: +0,1686974400
11.332,2,Jun 17 2023 06: +0,1686978000
11.464,1,Jun 17 2023 09: +0,1686988800
9.937,1,Jun 17 2023 10: +0,1686992400
10.756,3,Jun 17 2023 11: +0,1686996000
10.935,3,Jun 17 2023 12: +0,1686999600
11.161,4,Jun 17 2023 13: +0,1687003200
11.39,2,Jun 17 2023 14: +0,1687006800
11.329,3,Jun 17 2023 15: +0,1687010400
11.404,4,Jun 17 2023 16: +0,1687014000
10.662,1,Jun 17 2023 17: +0,1687017600
10.935,3,Jun 17 2023 18: +0,1687021200
11.247,5,Jun 17 2023 19: +0,1687024800
11.264,2,Jun 17 2023 20: +0,1687028400
11.413,3,Jun 17 2023 22: +0,1687035600
9.9,2,Jun 17 2023 23: +0,1687039200
11.511,1,Jun 18 2023 00: +0,1687042800
11.597,2,Jun 18 2023 01: +0,1687046400
11.422,1,Jun 18 2023 02: +0,1687050000
11.513,1,Jun 18 2023 05: +0,1687060800
11.504,2,Jun 18 2023 06: +0,1687064400
10.294,4,Jun 18 2023 08: +0,1687071600
11.485,1,Jun 18 2023 09: +0,1687075200
11.084,4,Jun 18 2023 11: +0,1687082400
9.937,3,Jun 18 2023 12: +0,1687086000
11.033,1,Jun 18 2023 13: +0,1687089600
11.173,1,Jun 18 2023 14: +0,1687093200
9.817,3,Jun 18 2023 15: +0,1687096800
9.968,10,Jun 18 2023 16: +0,1687100400
9.93,1,Jun 18 2023 17: +0,1687104000
10.207,4,Jun 18 2023 18: +0,1687107600
11.15,4,Jun 18 2023 19: +0,1687111200
11.191,7,Jun 18 2023 20: +0,1687114800
10.525,2,Jun 18 2023 21: +0,1687118400
9.958,5,Jun 18 2023 22: +0,1687122000
9.817,1,Jun 18 2023 23: +0,1687125600
11.222,2,Jun 19 2023 01: +0,1687132800
11.225,1,Jun 19 2023 06: +0,1687150800
11.201,2,Jun 19 2023 08: +0,1687158000
10.849,2,Jun 19 2023 11: +0,1687168800
10.182,3,Jun 19 2023 12: +0,1687172400
10.224,4,Jun 19 2023 13: +0,1687176000
10.663,1,Jun 19 2023 14: +0,1687179600
9.914,1,Jun 19 2023 15: +0,1687183200
10.539,9,Jun 19 2023 17: +0,1687190400
10.769,3,Jun 19 2023 18: +0,1687194000
10.916,6,Jun 19 2023 19: +0,1687197600
10.568,5,Jun 19 2023 20: +0,1687201200
10.751,4,Jun 19 2023 21: +0,1687204800
10.799,1,Jun 19 2023 22: +0,1687208400
9.303,1,Jun 19 2023 23: +0,1687212000
8.612,1,Jun 20 2023 01: +0,1687219200
10.339,1,Jun 20 2023 02: +0,1687222800
10.851,1,Jun 20 2023 03: +0,1687226400
10.352,2,Jun 20 2023 04: +0,1687230000
10.844,1,Jun 20 2023 05: +0,1687233600
10.864,1,Jun 20 2023 08: +0,1687244400
10.388,2,Jun 20 2023 09: +0,1687248000
10.757,1,Jun 20 2023 11: +0,1687255200
9.903,1,Jun 20 2023 13: +0,1687262400
10.312,2,Jun 20 2023 14: +0,1687266000
10.423,2,Jun 20 2023 15: +0,1687269600
11.007,3,Jun 20 2023 16: +0,1687273200
10.964,1,Jun 20 2023 17: +0,1687276800
10.436,2,Jun 20 2023 18: +0,1687280400
10.987,2,Jun 20 2023 19: +0,1687284000
10.997,4,Jun 20 2023 20: +0,1687287600
10.986,4,Jun 20 2023 21: +0,1687291200
9.796,2,Jun 20 2023 22: +0,1687294800
10.836,1,Jun 20 2023 23: +0,1687298400
10.876,3,Jun 21 2023 00: +0,1687302000
9.592,1,Jun 21 2023 01: +0,1687305600
10.067,2,Jun 21 2023 03: +0,1687312800
10.666,1,Jun 21 2023 07: +0,1687327200
10.843,1,Jun 21 2023 08: +0,1687330800
10.898,2,Jun 21 2023 09: +0,1687334400
10.655,4,Jun 21 2023 10: +0,1687338000
11.068,2,Jun 21 2023 11: +0,1687341600
11.013,2,Jun 21 2023 12: +0,1687345200
10.518,4,Jun 21 2023 13: +0,1687348800
10.493,2,Jun 21 2023 14: +0,1687352400
9.734,3,Jun 21 2023 15: +0,1687356000
9.636,4,Jun 21 2023 16: +0,1687359600
10.995,6,Jun 21 2023 17: +0,1687363200
10.961,4,Jun 21 2023 18: +0,1687366800
9.608,1,Jun 21 2023 19: +0,1687370400
11.363,3,Jun 21 2023 20: +0,1687374000
11.381,4,Jun 21 2023 21: +0,1687377600
11.101,3,Jun 21 2023 22: +0,1687381200
10.232,2,Jun 21 2023 23: +0,1687384800
11.174,1,Jun 22 2023 00: +0,1687388400
9.597,1,Jun 22 2023 01: +0,1687392000
9.601,1,Jun 22 2023 02: +0,1687395600
9.954,1,Jun 22 2023 05: +0,1687406400
10.088,3,Jun 22 2023 06: +0,1687410000
11.281,3,Jun 22 2023 07: +0,1687413600
10.964,2,Jun 22 2023 09: +0,1687420800
11.337,2,Jun 22 2023 10: +0,1687424400
11.231,2,Jun 22 2023 11: +0,1687428000
11.284,1,Jun 22 2023 12: +0,1687431600
11.11,2,Jun 22 2023 13: +0,1687435200
10.46,2,Jun 22 2023 14: +0,1687438800
11.091,2,Jun 22 2023 15: +0,1687442400
11.269,3,Jun 22 2023 16: +0,1687446000
10.932,4,Jun 22 2023 17: +0,1687449600
10.329,7,Jun 22 2023 18: +0,1687453200
10.422,2,Jun 22 2023 19: +0,1687456800
10.362,5,Jun 22 2023 21: +0,1687464000
10.289,2,Jun 22 2023 22: +0,1687467600
10.879,2,Jun 22 2023 23: +0,1687471200
11.065,1,Jun 23 2023 00: +0,1687474800
9.92,1,Jun 23 2023 01: +0,1687478400
11.495,1,Jun 23 2023 02: +0,1687482000
9.402,2,Jun 23 2023 04: +0,1687489200
9.781,2,Jun 23 2023 06: +0,1687496400
10.614,1,Jun 23 2023 07: +0,1687500000
10.18,2,Jun 23 2023 08: +0,1687503600
9.866,6,Jun 23 2023 09: +0,1687507200
10.318,2,Jun 23 2023 10: +0,1687510800
9.611,1,Jun 23 2023 11: +0,1687514400
9.602,7,Jun 23 2023 12: +0,1687518000
10.226,4,Jun 23 2023 13: +0,1687521600
9.585,10,Jun 23 2023 14: +0,1687525200
10.307,4,Jun 23 2023 15: +0,1687528800
10.978,4,Jun 23 2023 16: +0,1687532400
9.557,5,Jun 23 2023 17: +0,1687536000
10.616,4,Jun 23 2023 18: +0,1687539600
9.344,3,Jun 23 2023 19: +0,1687543200
10.215,2,Jun 23 2023 20: +0,1687546800
10.192,7,Jun 23 2023 21: +0,1687550400
9.841,2,Jun 23 2023 22: +0,1687554000
9.705,3,Jun 23 2023 23: +0,1687557600
10.287,1,Jun 24 2023 00: +0,1687561200
9.394,2,Jun 24 2023 01: +0,1687564800
10.943,1,Jun 24 2023 02: +0,1687568400
9.493,1,Jun 24 2023 03: +0,1687572000
9.495,3,Jun 24 2023 04: +0,1687575600
8.74,1,Jun 24 2023 05: +0,1687579200
9.539,3,Jun 24 2023 06: +0,1687582800
9.839,1,Jun 24 2023 07: +0,1687586400
9.628,4,Jun 24 2023 08: +0,1687590000
9.825,2,Jun 24 2023 09: +0,1687593600
9.438,3,Jun 24 2023 10: +0,1687597200
10.51,2,Jun 24 2023 11: +0,1687600800
9.785,3,Jun 24 2023 12: +0,1687604400
10.915,3,Jun 24 2023 13: +0,1687608000
9.961,2,Jun 24 2023 14: +0,1687611600
9.785,1,Jun 24 2023 15: +0,1687615200
9.551,2,Jun 24 2023 16: +0,1687618800
9.674,3,Jun 24 2023 17: +0,1687622400
10.491,3,Jun 24 2023 18: +0,1687626000
9.785,5,Jun 24 2023 19: +0,1687629600
9.892,2,Jun 24 2023 20: +0,1687633200
9.44,3,Jun 24 2023 21: +0,1687636800
10.409,4,Jun 24 2023 22: +0,1687640400
9.387,3,Jun 25 2023 00: +0,1687647600
10.224,1,Jun 25 2023 01: +0,1687651200
10.287,1,Jun 25 2023 02: +0,1687654800
9.694,2,Jun 25 2023 05: +0,1687665600
9.817,2,Jun 25 2023 06: +0,1687669200
9.388,2,Jun 25 2023 07: +0,1687672800
9.479,2,Jun 25 2023 08: +0,1687676400
10.245,1,Jun 25 2023 09: +0,1687680000
10.356,3,Jun 25 2023 10: +0,1687683600
9.724,2,Jun 25 2023 11: +0,1687687200
9.524,1,Jun 25 2023 12: +0,1687690800
9.571,4,Jun 25 2023 13: +0,1687694400
10.21,3,Jun 25 2023 14: +0,1687698000
9.994,2,Jun 25 2023 15: +0,1687701600
9.646,2,Jun 25 2023 16: +0,1687705200
10.068,5,Jun 25 2023 17: +0,1687708800
10.106,5,Jun 25 2023 18: +0,1687712400
10.664,3,Jun 25 2023 19: +0,1687716000
10.209,2,Jun 25 2023 20: +0,1687719600
10.484,4,Jun 25 2023 21: +0,1687723200
9.362,3,Jun 25 2023 22: +0,1687726800
8.14,1,Jun 26 2023 00: +0,1687734000
8.754,2,Jun 26 2023 01: +0,1687737600
9.213,1,Jun 26 2023 03: +0,1687744800
9.362,1,Jun 26 2023 04: +0,1687748400
9.377,1,Jun 26 2023 06: +0,1687755600
9.362,1,Jun 26 2023 07: +0,1687759200
9.841,2,Jun 26 2023 08: +0,1687762800
9.854,3,Jun 26 2023 09: +0,1687766400
9.385,1,Jun 26 2023 10: +0,1687770000
10.208,1,Jun 26 2023 11: +0,1687773600
10.271,2,Jun 26 2023 12: +0,1687777200
10.214,6,Jun 26 2023 13: +0,1687780800
9.599,4,Jun 26 2023 14: +0,1687784400
10.38,4,Jun 26 2023 15: +0,1687788000
10.614,2,Jun 26 2023 16: +0,1687791600
10.282,3,Jun 26 2023 17: +0,1687795200
10.33,2,Jun 26 2023 19: +0,1687802400
10.299,4,Jun 26 2023 20: +0,1687806000
10.383,6,Jun 26 2023 21: +0,1687809600
10.229,2,Jun 26 2023 22: +0,1687813200
9.204,2,Jun 26 2023 23: +0,1687816800
9.677,3,Jun 27 2023 00: +0,1687820400
9.1,2,Jun 27 2023 01: +0,1687824000
9.504,2,Jun 27 2023 02: +0,1687827600
10.056,1,Jun 27 2023 05: +0,1687838400
9.217,1,Jun 27 2023 07: +0,1687845600
10.256,2,Jun 27 2023 09: +0,1687852800
9.107,3,Jun 27 2023 10: +0,1687856400
9.54,4,Jun 27 2023 11: +0,1687860000
9.382,3,Jun 27 2023 12: +0,1687863600
10.61,1,Jun 27 2023 13: +0,1687867200
10.61,1,Jun 27 2023 14: +0,1687870800
9.977,2,Jun 27 2023 15: +0,1687874400
9.38,1,Jun 27 2023 16: +0,1687878000
10.382,2,Jun 27 2023 17: +0,1687881600
9.516,1,Jun 27 2023 18: +0,1687885200
9.67,2,Jun 27 2023 19: +0,1687888800
9.712,2,Jun 27 2023 20: +0,1687892400
9.277,3,Jun 27 2023 21: +0,1687896000
10.315,3,Jun 27 2023 22: +0,1687899600
9.112,4,Jun 28 2023 00: +0,1687906800
10.177,2,Jun 28 2023 01: +0,1687910400
10.27,1,Jun 28 2023 03: +0,1687917600
10.257,1,Jun 28 2023 08: +0,1687935600
9.791,2,Jun 28 2023 09: +0,1687939200
9.198,2,Jun 28 2023 11: +0,1687946400
9.277,5,Jun 28 2023 12: +0,1687950000
9.289,4,Jun 28 2023 13: +0,1687953600
10.21,4,Jun 28 2023 14: +0,1687957200
9.666,2,Jun 28 2023 15: +0,1687960800
10.242,1,Jun 28 2023 16: +0,1687964400
9.416,4,Jun 28 2023 17: +0,1687968000
9.114,3,Jun 28 2023 18: +0,1687971600
9.133,3,Jun 28 2023 19: +0,1687975200
9.81,3,Jun 28 2023 20: +0,1687978800
9.065,3,Jun 28 2023 22: +0,1687986000
8.991,4,Jun 28 2023 23: +0,1687989600
8.878,2,Jun 29 2023 02: +0,1688000400
8.803,2,Jun 29 2023 04: +0,1688007600
9.153,2,Jun 29 2023 05: +0,1688011200
9.082,1,Jun 29 2023 07: +0,1688018400
9.493,1,Jun 29 2023 08: +0,1688022000
9.501,3,Jun 29 2023 09: +0,1688025600
9.511,3,Jun 29 2023 10: +0,1688029200
8.973,2,Jun 29 2023 11: +0,1688032800
9.137,2,Jun 29 2023 12: +0,1688036400
8.741,4,Jun 29 2023 13: +0,1688040000
9.624,2,Jun 29 2023 14: +0,1688043600
8.711,5,Jun 29 2023 15: +0,1688047200
9.754,3,Jun 29 2023 16: +0,1688050800
9.364,4,Jun 29 2023 17: +0,1688054400
9.956,7,Jun 29 2023 18: +0,1688058000
8.708,3,Jun 29 2023 19: +0,1688061600
8.957,2,Jun 29 2023 20: +0,1688065200
8.878,4,Jun 29 2023 21: +0,1688068800
9.391,4,Jun 29 2023 22: +0,1688072400
9.204,4,Jun 29 2023 23: +0,1688076000
9.867,1,Jun 30 2023 00: +0,1688079600
8.349,1,Jun 30 2023 03: +0,1688090400
8.826,2,Jun 30 2023 04: +0,1688094000
8.654,4,Jun 30 2023 06: +0,1688101200
8.809,2,Jun 30 2023 07: +0,1688104800
8.634,3,Jun 30 2023 08: +0,1688108400
8.916,4,Jun 30 2023 09: +0,1688112000
9.015,2,Jun 30 2023 10: +0,1688115600
9.846,3,Jun 30 2023 11: +0,1688119200
8.902,2,Jun 30 2023 12: +0,1688122800
9.909,1,Jun 30 2023 13: +0,1688126400
9.428,3,Jun 30 2023 14: +0,1688130000
9.579,3,Jun 30 2023 15: +0,1688133600
8.532,3,Jun 30 2023 16: +0,1688137200
8.514,3,Jun 30 2023 17: +0,1688140800
9.661,6,Jun 30 2023 18: +0,1688144400
8.572,5,Jun 30 2023 19: +0,1688148000
9.756,2,Jun 30 2023 20: +0,1688151600
9.367,5,Jun 30 2023 21: +0,1688155200
9.621,2,Jun 30 2023 22: +0,1688158800
8.987,2,Jun 30 2023 23: +0,1688162400
8.507,1,Jul 01 2023 02: +0,1688173200
9.439,1,Jul 01 2023 04: +0,1688180400
8.513,1,Jul 01 2023 05: +0,1688184000
7.678,2,Jul 01 2023 06: +0,1688187600
8.609,2,Jul 01 2023 08: +0,1688194800
9.084,3,Jul 01 2023 09: +0,1688198400
8.594,2,Jul 01 2023 10: +0,1688202000
8.594,3,Jul 01 2023 11: +0,1688205600
9.059,1,Jul 01 2023 12: +0,1688209200
8.614,5,Jul 01 2023 13: +0,1688212800
8.594,3,Jul 01 2023 14: +0,1688216400
8.586,5,Jul 01 2023 15: +0,1688220000
8.594,4,Jul 01 2023 16: +0,1688223600
8.594,6,Jul 01 2023 17: +0,1688227200
8.744,3,Jul 01 2023 18: +0,1688230800
8.564,4,Jul 01 2023 19: +0,1688234400
8.485,4,Jul 01 2023 20: +0,1688238000
8.454,2,Jul 01 2023 21: +0,1688241600
8.788,2,Jul 01 2023 22: +0,1688245200
9.148,2,Jul 01 2023 23: +0,1688248800
9.111,3,Jul 02 2023 00: +0,1688252400
9.328,1,Jul 02 2023 01: +0,1688256000
8.612,2,Jul 02 2023 04: +0,1688266800
8.499,1,Jul 02 2023 05: +0,1688270400
9.222,1,Jul 02 2023 06: +0,1688274000
9.253,1,Jul 02 2023 07: +0,1688277600
9.332,1,Jul 02 2023 08: +0,1688281200
9.552,2,Jul 02 2023 09: +0,1688284800
7.358,3,Jul 02 2023 10: +0,1688288400
8.594,5,Jul 02 2023 11: +0,1688292000
8.938,2,Jul 02 2023 13: +0,1688299200
8.393,4,Jul 02 2023 14: +0,1688302800
8.768,6,Jul 02 2023 15: +0,1688306400
7.995,2,Jul 02 2023 16: +0,1688310000
8.539,4,Jul 02 2023 17: +0,1688313600
8.651,1,Jul 02 2023 18: +0,1688317200
7.708,2,Jul 02 2023 19: +0,1688320800
8.39,9,Jul 02 2023 20: +0,1688324400
8.744,3,Jul 02 2023 21: +0,1688328000
8.233,4,Jul 02 2023 23: +0,1688335200
8.352,3,Jul 03 2023 00: +0,1688338800
9.161,1,Jul 03 2023 02: +0,1688346000
8.612,1,Jul 03 2023 05: +0,1688356800
8.813,3,Jul 03 2023 06: +0,1688360400
8.278,3,Jul 03 2023 07: +0,1688364000
8.276,1,Jul 03 2023 08: +0,1688367600
8.684,2,Jul 03 2023 09: +0,1688371200
8.675,4,Jul 03 2023 11: +0,1688378400
8.44,4,Jul 03 2023 12: +0,1688382000
8.593,3,Jul 03 2023 13: +0,1688385600
8.467,6,Jul 03 2023 14: +0,1688389200
8.255,3,Jul 03 2023 16: +0,1688396400
8.557,2,Jul 03 2023 17: +0,1688400000
9.117,3,Jul 03 2023 18: +0,1688403600
8.153,6,Jul 03 2023 19: +0,1688407200
8.266,2,Jul 03 2023 20: +0,1688410800
8.157,3,Jul 03 2023 21: +0,1688414400
8.848,3,Jul 03 2023 22: +0,1688418000
9.104,1,Jul 03 2023 23: +0,1688421600
9.108,2,Jul 04 2023 00: +0,1688425200
8.337,2,Jul 04 2023 01: +0,1688428800
8.814,1,Jul 04 2023 02: +0,1688432400
9.12,2,Jul 04 2023 07: +0,1688450400
8.617,3,Jul 04 2023 08: +0,1688454000
9.258,3,Jul 04 2023 09: +0,1688457600
9.439,5,Jul 04 2023 10: +0,1688461200
9.799,1,Jul 04 2023 11: +0,1688464800
8.79,2,Jul 04 2023 12: +0,1688468400
9.488,1,Jul 04 2023 13: +0,1688472000
8.087,3,Jul 04 2023 14: +0,1688475600
7.81,2,Jul 04 2023 16: +0,1688482800
9.557,3,Jul 04 2023 17: +0,1688486400
9.569,2,Jul 04 2023 18: +0,1688490000
8.111,3,Jul 04 2023 19: +0,1688493600
9.532,3,Jul 04 2023 20: +0,1688497200
8.124,3,Jul 04 2023 21: +0,1688500800
9.579,2,Jul 04 2023 22: +0,1688504400
9.643,3,Jul 04 2023 23: +0,1688508000
9.682,1,Jul 05 2023 01: +0,1688515200
8.103,3,Jul 05 2023 05: +0,1688529600
8.924,2,Jul 05 2023 07: +0,1688536800
9.939,3,Jul 05 2023 10: +0,1688547600
9.986,2,Jul 05 2023 11: +0,1688551200
9.99,1,Jul 05 2023 13: +0,1688558400
10.131,1,Jul 05 2023 14: +0,1688562000
9.043,2,Jul 05 2023 15: +0,1688565600
8.623,5,Jul 05 2023 16: +0,1688569200
6.768,2,Jul 05 2023 17: +0,1688572800
10.045,2,Jul 05 2023 18: +0,1688576400
8.444,2,Jul 05 2023 19: +0,1688580000
8.087,1,Jul 05 2023 20: +0,1688583600
8.103,3,Jul 05 2023 21: +0,1688587200
7.939,2,Jul 05 2023 22: +0,1688590800
7.841,2,Jul 06 2023 00: +0,1688598000
7.97,2,Jul 06 2023 02: +0,1688605200
10.109,1,Jul 06 2023 04: +0,1688612400
10.102,1,Jul 06 2023 05: +0,1688616000
10.062,1,Jul 06 2023 06: +0,1688619600
7.929,1,Jul 06 2023 07: +0,1688623200
10.087,1,Jul 06 2023 08: +0,1688626800
7.937,1,Jul 06 2023 09: +0,1688630400
7.919,3,Jul 06 2023 10: +0,1688634000
10.131,2,Jul 06 2023 12: +0,1688641200
10.142,5,Jul 06 2023 13: +0,1688644800
8.491,3,Jul 06 2023 14: +0,1688648400
9.1,6,Jul 06 2023 15: +0,1688652000
8.297,5,Jul 06 2023 16: +0,1688655600
8.42,2,Jul 06 2023 17: +0,1688659200
9.06,2,Jul 06 2023 18: +0,1688662800
9.525,8,Jul 06 2023 19: +0,1688666400
8.493,2,Jul 06 2023 20: +0,1688670000
9.459,2,Jul 06 2023 21: +0,1688673600
10.258,4,Jul 06 2023 22: +0,1688677200
7.86,3,Jul 06 2023 23: +0,1688680800
9.065,2,Jul 07 2023 00: +0,1688684400
9.38,4,Jul 07 2023 02: +0,1688691600
9.791,2,Jul 07 2023 03: +0,1688695200
10.421,1,Jul 07 2023 04: +0,1688698800
7.919,1,Jul 07 2023 05: +0,1688702400
8.513,1,Jul 07 2023 07: +0,1688709600
10.492,1,Jul 07 2023 09: +0,1688716800
9.853,4,Jul 07 2023 10: +0,1688720400
10.717,3,Jul 07 2023 11: +0,1688724000
10.02,2,Jul 07 2023 12: +0,1688727600
8.027,3,Jul 07 2023 13: +0,1688731200
9.176,5,Jul 07 2023 14: +0,1688734800
9.516,2,Jul 07 2023 15: +0,1688738400
8.879,4,Jul 07 2023 16: +0,1688742000
9.317,3,Jul 07 2023 17: +0,1688745600
10.115,2,Jul 07 2023 18: +0,1688749200
10.967,5,Jul 07 2023 19: +0,1688752800
11.065,6,Jul 07 2023 20: +0,1688756400
9.737,4,Jul 07 2023 21: +0,1688760000
9.402,4,Jul 07 2023 22: +0,1688763600
9.422,1,Jul 07 2023 23: +0,1688767200
9.668,2,Jul 08 2023 00: +0,1688770800
10.687,1,Jul 08 2023 02: +0,1688778000
8.074,3,Jul 08 2023 03: +0,1688781600
8.058,1,Jul 08 2023 04: +0,1688785200
8.058,1,Jul 08 2023 05: +0,1688788800
8.062,4,Jul 08 2023 07: +0,1688796000
8.979,1,Jul 08 2023 08: +0,1688799600
9.916,2,Jul 08 2023 09: +0,1688803200
11.087,2,Jul 08 2023 10: +0,1688806800
8.324,3,Jul 08 2023 11: +0,1688810400
9.446,4,Jul 08 2023 13: +0,1688817600
9.726,2,Jul 08 2023 14: +0,1688821200
9.456,5,Jul 08 2023 15: +0,1688824800
9.508,2,Jul 08 2023 16: +0,1688828400
11.718,3,Jul 08 2023 17: +0,1688832000
11.97,2,Jul 08 2023 18: +0,1688835600
11.888,1,Jul 08 2023 19: +0,1688839200
10.003,2,Jul 08 2023 20: +0,1688842800
9.322,3,Jul 08 2023 21: +0,1688846400
12.085,3,Jul 08 2023 22: +0,1688850000
8.129,1,Jul 08 2023 23: +0,1688853600
12.39,1,Jul 09 2023 01: +0,1688860800
12.563,1,Jul 09 2023 02: +0,1688864400
7.198,1,Jul 09 2023 06: +0,1688878800
8.121,1,Jul 09 2023 07: +0,1688882400
11.176,3,Jul 09 2023 08: +0,1688886000
8.473,3,Jul 09 2023 09: +0,1688889600
10.002,2,Jul 09 2023 10: +0,1688893200
12.559,4,Jul 09 2023 11: +0,1688896800
12.383,2,Jul 09 2023 12: +0,1688900400
8.215,1,Jul 09 2023 13: +0,1688904000
10.506,2,Jul 09 2023 14: +0,1688907600
8.631,2,Jul 09 2023 15: +0,1688911200
12.906,1,Jul 09 2023 17: +0,1688918400
8.209,3,Jul 09 2023 18: +0,1688922000
10.464,4,Jul 09 2023 19: +0,1688925600
8.219,1,Jul 09 2023 20: +0,1688929200
12.906,3,Jul 09 2023 21: +0,1688932800
12.936,1,Jul 09 2023 23: +0,1688940000
13.044,3,Jul 10 2023 01: +0,1688947200
13.141,1,Jul 10 2023 07: +0,1688968800
13.091,1,Jul 10 2023 09: +0,1688976000
8.228,1,Jul 10 2023 11: +0,1688983200
8.133,3,Jul 10 2023 12: +0,1688986800
8.211,1,Jul 10 2023 13: +0,1688990400
8.241,1,Jul 10 2023 14: +0,1688994000
10.926,2,Jul 10 2023 15: +0,1688997600
13.706,2,Jul 10 2023 16: +0,1689001200
13.821,3,Jul 10 2023 17: +0,1689004800
10.983,2,Jul 10 2023 19: +0,1689012000
7.926,3,Jul 10 2023 20: +0,1689015600
14.867,1,Jul 10 2023 21: +0,1689019200
11.248,4,Jul 10 2023 22: +0,1689022800
8.393,2,Jul 11 2023 00: +0,1689030000
8.0,1,Jul 11 2023 05: +0,1689048000
9.412,1,Jul 11 2023 07: +0,1689055200
9.364,2,Jul 11 2023 08: +0,1689058800
8.478,3,Jul 11 2023 09: +0,1689062400
7.706,3,Jul 11 2023 10: +0,1689066000
9.604,1,Jul 11 2023 11: +0,1689069600
8.131,1,Jul 11 2023 12: +0,1689073200
8.122,3,Jul 11 2023 13: +0,1689076800
8.122,5,Jul 11 2023 14: +0,1689080400
8.123,5,Jul 11 2023 15: +0,1689084000
7.861,2,Jul 11 2023 16: +0,1689087600
8.249,1,Jul 11 2023 17: +0,1689091200
8.125,5,Jul 11 2023 18: +0,1689094800
9.54,5,Jul 11 2023 19: +0,1689098400
8.827,2,Jul 11 2023 20: +0,1689102000
7.798,7,Jul 11 2023 21: +0,1689105600
9.907,2,Jul 11 2023 22: +0,1689109200
9.293,2,Jul 11 2023 23: +0,1689112800
7.706,1,Jul 12 2023 00: +0,1689116400
9.248,1,Jul 12 2023 02: +0,1689123600
7.816,1,Jul 12 2023 04: +0,1689130800
7.75,1,Jul 12 2023 05: +0,1689134400
8.254,2,Jul 12 2023 07: +0,1689141600
8.404,2,Jul 12 2023 08: +0,1689145200
8.334,5,Jul 12 2023 09: +0,1689148800
7.559,4,Jul 12 2023 10: +0,1689152400
7.818,2,Jul 12 2023 11: +0,1689156000
7.847,3,Jul 12 2023 12: +0,1689159600
7.818,6,Jul 12 2023 13: +0,1689163200
8.21,6,Jul 12 2023 14: +0,1689166800
7.687,5,Jul 12 2023 15: +0,1689170400
7.681,5,Jul 12 2023 16: +0,1689174000
7.613,5,Jul 12 2023 17: +0,1689177600
7.914,2,Jul 12 2023 18: +0,1689181200
7.904,4,Jul 12 2023 19: +0,1689184800
8.045,5,Jul 12 2023 20: +0,1689188400
7.614,3,Jul 12 2023 21: +0,1689192000
7.639,5,Jul 12 2023 22: +0,1689195600
7.741,4,Jul 12 2023 23: +0,1689199200
6.974,1,Jul 13 2023 00: +0,1689202800
7.515,2,Jul 13 2023 01: +0,1689206400
7.64,3,Jul 13 2023 03: +0,1689213600
8.111,1,Jul 13 2023 05: +0,1689220800
7.156,1,Jul 13 2023 06: +0,1689224400
7.91,2,Jul 13 2023 07: +0,1689228000
8.264,4,Jul 13 2023 08: +0,1689231600
7.585,2,Jul 13 2023 09: +0,1689235200
7.7,4,Jul 13 2023 10: +0,1689238800
8.315,1,Jul 13 2023 11: +0,1689242400
7.53,3,Jul 13 2023 12: +0,1689246000
7.66,3,Jul 13 2023 13: +0,1689249600
7.698,7,Jul 13 2023 14: +0,1689253200
7.52,1,Jul 13 2023 15: +0,1689256800
7.986,3,Jul 13 2023 16: +0,1689260400
7.656,7,Jul 13 2023 17: +0,1689264000
8.769,6,Jul 13 2023 18: +0,1689267600
7.907,6,Jul 13 2023 19: +0,1689271200
7.984,1,Jul 13 2023 20: +0,1689274800
7.968,3,Jul 13 2023 21: +0,1689278400
8.027,1,Jul 13 2023 22: +0,1689282000
8.323,1,Jul 14 2023 00: +0,1689289200
8.298,1,Jul 14 2023 02: +0,1689296400
8.309,1,Jul 14 2023 04: +0,1689303600
8.8,2,Jul 14 2023 08: +0,1689318000
7.8,6,Jul 14 2023 10: +0,1689325200
8.269,2,Jul 14 2023 11: +0,1689328800
8.746,4,Jul 14 2023 12: +0,1689332400
8.272,2,Jul 14 2023 13: +0,1689336000
8.052,1,Jul 14 2023 14: +0,1689339600
8.731,1,Jul 14 2023 15: +0,1689343200
8.075,2,Jul 14 2023 16: +0,1689346800
8.402,1,Jul 14 2023 17: +0,1689350400
8.632,2,Jul 14 2023 18: +0,1689354000
8.484,2,Jul 14 2023 19: +0,1689357600
8.546,1,Jul 14 2023 20: +0,1689361200
8.771,3,Jul 14 2023 21: +0,1689364800
8.205,2,Jul 14 2023 22: +0,1689368400
7.722,5,Jul 14 2023 23: +0,1689372000
8.737,1,Jul 15 2023 00: +0,1689375600
7.494,2,Jul 15 2023 01: +0,1689379200
8.307,1,Jul 15 2023 04: +0,1689390000
8.693,1,Jul 15 2023 09: +0,1689408000
8.285,2,Jul 15 2023 10: +0,1689411600
7.737,2,Jul 15 2023 11: +0,1689415200
8.051,3,Jul 15 2023 12: +0,1689418800
8.429,2,Jul 15 2023 13: +0,1689422400
8.233,4,Jul 15 2023 14: +0,1689426000
8.293,4,Jul 15 2023 15: +0,1689429600
8.905,3,Jul 15 2023 16: +0,1689433200
8.216,1,Jul 15 2023 17: +0,1689436800
7.869,5,Jul 15 2023 18: +0,1689440400
7.783,3,Jul 15 2023 19: +0,1689444000
8.866,3,Jul 15 2023 20: +0,1689447600
8.256,2,Jul 15 2023 21: +0,1689451200
8.632,2,Jul 15 2023 22: +0,1689454800
8.211,4,Jul 15 2023 23: +0,1689458400
8.28,1,Jul 16 2023 00: +0,1689462000
7.631,1,Jul 16 2023 02: +0,1689469200
8.402,3,Jul 16 2023 05: +0,1689480000
8.442,1,Jul 16 2023 07: +0,1689487200
7.365,1,Jul 16 2023 08: +0,1689490800
8.484,1,Jul 16 2023 10: +0,1689498000
7.766,3,Jul 16 2023 11: +0,1689501600
8.057,1,Jul 16 2023 12: +0,1689505200
8.391,2,Jul 16 2023 13: +0,1689508800
8.543,3,Jul 16 2023 14: +0,1689512400
8.633,2,Jul 16 2023 15: +0,1689516000
8.524,3,Jul 16 2023 16: +0,1689519600
7.801,3,Jul 16 2023 17: +0,1689523200
8.562,1,Jul 16 2023 18: +0,1689526800
8.61,7,Jul 16 2023 19: +0,1689530400
8.386,4,Jul 16 2023 20: +0,1689534000
7.802,3,Jul 16 2023 21: +0,1689537600
8.146,2,Jul 16 2023 22: +0,1689541200
8.367,4,Jul 16 2023 23: +0,1689544800
8.596,2,Jul 17 2023 00: +0,1689548400
8.874,1,Jul 17 2023 01: +0,1689552000
7.829,1,Jul 17 2023 07: +0,1689573600
8.352,1,Jul 17 2023 08: +0,1689577200
7.932,3,Jul 17 2023 10: +0,1689584400
7.896,1,Jul 17 2023 11: +0,1689588000
8.355,3,Jul 17 2023 12: +0,1689591600
7.856,5,Jul 17 2023 13: +0,1689595200
8.419,2,Jul 17 2023 14: +0,1689598800
8.988,2,Jul 17 2023 15: +0,1689602400
8.343,3,Jul 17 2023 16: +0,1689606000
8.928,3,Jul 17 2023 17: +0,1689609600
8.998,1,Jul 17 2023 18: +0,1689613200
7.871,4,Jul 17 2023 19: +0,1689616800
8.998,1,Jul 17 2023 20: +0,1689620400
8.656,6,Jul 17 2023 21: +0,1689624000
7.789,2,Jul 17 2023 22: +0,1689627600
9.58,1,Jul 17 2023 23: +0,1689631200
7.856,3,Jul 18 2023 00: +0,1689634800
8.589,1,Jul 18 2023 01: +0,1689638400
6.895,1,Jul 18 2023 02: +0,1689642000
7.864,1,Jul 18 2023 03: +0,1689645600
7.816,2,Jul 18 2023 04: +0,1689649200
8.327,2,Jul 18 2023 05: +0,1689652800
8.331,3,Jul 18 2023 07: +0,1689660000
7.887,1,Jul 18 2023 08: +0,1689663600
7.859,2,Jul 18 2023 10: +0,1689670800
8.685,1,Jul 18 2023 11: +0,1689674400
8.701,5,Jul 18 2023 12: +0,1689678000
8.393,1,Jul 18 2023 13: +0,1689681600
7.695,2,Jul 18 2023 14: +0,1689685200
8.727,2,Jul 18 2023 15: +0,1689688800
8.734,2,Jul 18 2023 16: +0,1689692400
7.999,3,Jul 18 2023 17: +0,1689696000
7.985,4,Jul 18 2023 18: +0,1689699600
8.8,1,Jul 18 2023 19: +0,1689703200
8.005,3,Jul 18 2023 20: +0,1689706800
8.795,5,Jul 18 2023 21: +0,1689710400
8.858,4,Jul 18 2023 22: +0,1689714000
7.819,1,Jul 18 2023 23: +0,1689717600
9.004,2,Jul 19 2023 00: +0,1689721200
8.876,2,Jul 19 2023 02: +0,1689728400
8.566,3,Jul 19 2023 06: +0,1689742800
9.071,1,Jul 19 2023 07: +0,1689746400
8.427,2,Jul 19 2023 09: +0,1689753600
8.678,3,Jul 19 2023 10: +0,1689757200
8.681,1,Jul 19 2023 11: +0,1689760800
8.86,5,Jul 19 2023 12: +0,1689764400
8.888,2,Jul 19 2023 13: +0,1689768000
8.539,1,Jul 19 2023 14: +0,1689771600
8.735,6,Jul 19 2023 15: +0,1689775200
7.821,1,Jul 19 2023 16: +0,1689778800
8.025,1,Jul 19 2023 17: +0,1689782400
9.072,1,Jul 19 2023 18: +0,1689786000
8.557,2,Jul 19 2023 19: +0,1689789600
8.912,5,Jul 19 2023 20: +0,1689793200
7.813,1,Jul 19 2023 21: +0,1689796800
8.864,1,Jul 19 2023 22: +0,1689800400
7.82,1,Jul 19 2023 23: +0,1689804000
8.474,2,Jul 20 2023 00: +0,1689807600
8.354,2,Jul 20 2023 02: +0,1689814800
7.159,1,Jul 20 2023 04: +0,1689822000
8.321,3,Jul 20 2023 05: +0,1689825600
8.592,1,Jul 20 2023 06: +0,1689829200
8.085,1,Jul 20 2023 07: +0,1689832800
8.665,1,Jul 20 2023 08: +0,1689836400
8.906,1,Jul 20 2023 09: +0,1689840000
8.905,1,Jul 20 2023 10: +0,1689843600
8.909,2,Jul 20 2023 11: +0,1689847200
8.798,4,Jul 20 2023 12: +0,1689850800
8.318,3,Jul 20 2023 13: +0,1689854400
8.35,2,Jul 20 2023 14: +0,1689858000
8.505,2,Jul 20 2023 15: +0,1689861600
9.119,1,Jul 20 2023 16: +0,1689865200
9.102,2,Jul 20 2023 17: +0,1689868800
8.401,2,Jul 20 2023 18: +0,1689872400
8.119,4,Jul 20 2023 19: +0,1689876000
8.573,2,Jul 20 2023 20: +0,1689879600
7.97,2,Jul 20 2023 21: +0,1689883200
8.258,2,Jul 20 2023 22: +0,1689886800
8.492,4,Jul 20 2023 23: +0,1689890400
8.817,1,Jul 21 2023 00: +0,1689894000
7.233,1,Jul 21 2023 02: +0,1689901200
8.272,2,Jul 21 2023 06: +0,1689915600
8.266,3,Jul 21 2023 09: +0,1689926400
8.604,4,Jul 21 2023 10: +0,1689930000
8.649,1,Jul 21 2023 11: +0,1689933600
8.543,6,Jul 21 2023 12: +0,1689937200
8.875,7,Jul 21 2023 13: +0,1689940800
8.765,4,Jul 21 2023 14: +0,1689944400
8.895,4,Jul 21 2023 15: +0,1689948000
8.357,3,Jul 21 2023 16: +0,1689951600
8.522,3,Jul 21 2023 17: +0,1689955200
8.522,7,Jul 21 2023 18: +0,1689958800
8.776,5,Jul 21 2023 19: +0,1689962400
7.686,2,Jul 21 2023 21: +0,1689969600
8.569,1,Jul 21 2023 22: +0,1689973200
8.708,4,Jul 21 2023 23: +0,1689976800
8.996,1,Jul 22 2023 01: +0,1689984000
8.17,1,Jul 22 2023 03: +0,1689991200
8.265,1,Jul 22 2023 05: +0,1689998400
7.931,1,Jul 22 2023 06: +0,1690002000
8.279,1,Jul 22 2023 08: +0,1690009200
8.206,2,Jul 22 2023 09: +0,1690012800
8.764,3,Jul 22 2023 12: +0,1690023600
8.455,2,Jul 22 2023 13: +0,1690027200
8.473,3,Jul 22 2023 14: +0,1690030800
8.499,1,Jul 22 2023 15: +0,1690034400
8.404,2,Jul 22 2023 16: +0,1690038000
8.567,1,Jul 22 2023 17: +0,1690041600
8.764,2,Jul 22 2023 18: +0,1690045200
8.716,5,Jul 22 2023 19: +0,1690048800
9.065,5,Jul 22 2023 20: +0,1690052400
8.353,2,Jul 22 2023 21: +0,1690056000
9.081,4,Jul 22 2023 22: +0,1690059600
9.189,3,Jul 23 2023 00: +0,1690066800
8.316,2,Jul 23 2023 01: +0,1690070400
8.856,2,Jul 23 2023 02: +0,1690074000
8.308,1,Jul 23 2023 03: +0,1690077600
8.637,2,Jul 23 2023 04: +0,1690081200
8.308,3,Jul 23 2023 05: +0,1690084800
9.183,5,Jul 23 2023 08: +0,1690095600
8.16,1,Jul 23 2023 09: +0,1690099200
9.197,4,Jul 23 2023 10: +0,1690102800
8.167,1,Jul 23 2023 11: +0,1690106400
8.24,4,Jul 23 2023 12: +0,1690110000
9.212,4,Jul 23 2023 13: +0,1690113600
8.591,3,Jul 23 2023 14: +0,1690117200
8.426,2,Jul 23 2023 15: +0,1690120800
8.395,2,Jul 23 2023 16: +0,1690124400
8.979,5,Jul 23 2023 17: +0,1690128000
8.202,2,Jul 23 2023 18: +0,1690131600
9.132,3,Jul 23 2023 19: +0,1690135200
8.908,2,Jul 23 2023 20: +0,1690138800
8.359,6,Jul 23 2023 21: +0,1690142400
9.294,3,Jul 23 2023 22: +0,1690146000
7.961,2,Jul 23 2023 23: +0,1690149600
9.15,1,Jul 24 2023 00: +0,1690153200
8.591,1,Jul 24 2023 02: +0,1690160400
7.816,1,Jul 24 2023 03: +0,1690164000
8.235,2,Jul 24 2023 06: +0,1690174800
8.872,2,Jul 24 2023 08: +0,1690182000
8.613,2,Jul 24 2023 09: +0,1690185600
8.365,2,Jul 24 2023 10: +0,1690189200
9.008,2,Jul 24 2023 11: +0,1690192800
7.417,3,Jul 24 2023 12: +0,1690196400
8.074,3,Jul 24 2023 13: +0,1690200000
8.299,1,Jul 24 2023 14: +0,1690203600
8.387,1,Jul 24 2023 15: +0,1690207200
8.221,4,Jul 24 2023 16: +0,1690210800
8.462,2,Jul 24 2023 17: +0,1690214400
7.902,1,Jul 24 2023 18: +0,1690218000
8.749,6,Jul 24 2023 19: +0,1690221600
8.285,1,Jul 24 2023 20: +0,1690225200
8.096,2,Jul 24 2023 21: +0,1690228800
8.332,4,Jul 24 2023 22: +0,1690232400
8.872,4,Jul 24 2023 23: +0,1690236000
8.138,2,Jul 25 2023 00: +0,1690239600
8.998,1,Jul 25 2023 04: +0,1690254000
8.477,1,Jul 25 2023 06: +0,1690261200
8.035,1,Jul 25 2023 07: +0,1690264800
8.83,2,Jul 25 2023 08: +0,1690268400
8.5,2,Jul 25 2023 10: +0,1690275600
8.986,1,Jul 25 2023 11: +0,1690279200
8.993,1,Jul 25 2023 13: +0,1690286400
8.582,2,Jul 25 2023 14: +0,1690290000
7.95,5,Jul 25 2023 16: +0,1690297200
9.211,6,Jul 25 2023 17: +0,1690300800
8.561,2,Jul 25 2023 18: +0,1690304400
8.088,5,Jul 25 2023 19: +0,1690308000
8.637,3,Jul 25 2023 20: +0,1690311600
8.188,2,Jul 25 2023 21: +0,1690315200
8.299,4,Jul 25 2023 22: +0,1690318800
8.147,2,Jul 25 2023 23: +0,1690322400
8.533,3,Jul 26 2023 00: +0,1690326000
7.68,1,Jul 26 2023 02: +0,1690333200
9.005,1,Jul 26 2023 03: +0,1690336800
7.742,1,Jul 26 2023 06: +0,1690347600
8.586,5,Jul 26 2023 08: +0,1690354800
8.559,5,Jul 26 2023 09: +0,1690358400
9.005,3,Jul 26 2023 10: +0,1690362000
8.157,3,Jul 26 2023 12: +0,1690369200
8.474,3,Jul 26 2023 13: +0,1690372800
8.367,2,Jul 26 2023 14: +0,1690376400
8.791,2,Jul 26 2023 15: +0,1690380000
8.968,3,Jul 26 2023 16: +0,1690383600
8.89,1,Jul 26 2023 17: +0,1690387200
8.147,4,Jul 26 2023 18: +0,1690390800
8.45,2,Jul 26 2023 19: +0,1690394400
8.362,6,Jul 26 2023 20: +0,1690398000
8.386,4,Jul 26 2023 21: +0,1690401600
8.53,3,Jul 26 2023 22: +0,1690405200
8.432,2,Jul 26 2023 23: +0,1690408800
9.027,3,Jul 27 2023 00: +0,1690412400
7.978,3,Jul 27 2023 01: +0,1690416000
7.846,2,Jul 27 2023 02: +0,1690419600
9.251,1,Jul 27 2023 03: +0,1690423200
7.989,1,Jul 27 2023 05: +0,1690430400
8.655,3,Jul 27 2023 06: +0,1690434000
9.121,1,Jul 27 2023 07: +0,1690437600
9.13,1,Jul 27 2023 08: +0,1690441200
7.881,1,Jul 27 2023 09: +0,1690444800
8.167,2,Jul 27 2023 10: +0,1690448400
8.004,4,Jul 27 2023 11: +0,1690452000
8.637,3,Jul 27 2023 12: +0,1690455600
9.144,2,Jul 27 2023 13: +0,1690459200
8.884,3,Jul 27 2023 14: +0,1690462800
9.057,4,Jul 27 2023 15: +0,1690466400
9.18,3,Jul 27 2023 16: +0,1690470000
8.209,6,Jul 27 2023 17: +0,1690473600
7.86,4,Jul 27 2023 18: +0,1690477200
8.198,2,Jul 27 2023 19: +0,1690480800
8.212,3,Jul 27 2023 20: +0,1690484400
7.651,2,Jul 27 2023 21: +0,1690488000
8.033,2,Jul 27 2023 22: +0,1690491600
8.235,4,Jul 27 2023 23: +0,1690495200
7.852,1,Jul 28 2023 00: +0,1690498800
7.922,1,Jul 28 2023 02: +0,1690506000
7.922,1,Jul 28 2023 03: +0,1690509600
8.425,1,Jul 28 2023 06: +0,1690520400
8.716,1,Jul 28 2023 07: +0,1690524000
8.688,4,Jul 28 2023 09: +0,1690531200
8.095,5,Jul 28 2023 12: +0,1690542000
8.707,2,Jul 28 2023 13: +0,1690545600
8.579,3,Jul 28 2023 14: +0,1690549200
8.031,7,Jul 28 2023 15: +0,1690552800
8.667,1,Jul 28 2023 16: +0,1690556400
8.274,3,Jul 28 2023 17: +0,1690560000
8.106,3,Jul 28 2023 18: +0,1690563600
8.828,8,Jul 28 2023 19: +0,1690567200
9.111,2,Jul 28 2023 20: +0,1690570800
8.706,1,Jul 28 2023 21: +0,1690574400
8.027,3,Jul 28 2023 22: +0,1690578000
8.429,4,Jul 28 2023 23: +0,1690581600
8.811,2,Jul 29 2023 00: +0,1690585200
8.872,1,Jul 29 2023 02: +0,1690592400
8.003,3,Jul 29 2023 03: +0,1690596000
8.884,2,Jul 29 2023 06: +0,1690606800
8.047,1,Jul 29 2023 07: +0,1690610400
9.05,1,Jul 29 2023 08: +0,1690614000
9.05,3,Jul 29 2023 09: +0,1690617600
8.497,2,Jul 29 2023 11: +0,1690624800
8.357,4,Jul 29 2023 12: +0,1690628400
8.972,3,Jul 29 2023 13: +0,1690632000
8.685,2,Jul 29 2023 14: +0,1690635600
8.421,3,Jul 29 2023 15: +0,1690639200
8.874,5,Jul 29 2023 16: +0,1690642800
8.096,3,Jul 29 2023 17: +0,1690646400
8.706,4,Jul 29 2023 18: +0,1690650000
8.258,7,Jul 29 2023 19: +0,1690653600
8.986,5,Jul 29 2023 20: +0,1690657200
8.985,1,Jul 29 2023 21: +0,1690660800
8.138,3,Jul 29 2023 22: +0,1690664400
8.003,1,Jul 29 2023 23: +0,1690668000
9.008,2,Jul 30 2023 01: +0,1690675200
8.019,1,Jul 30 2023 04: +0,1690686000
8.348,2,Jul 30 2023 05: +0,1690689600
7.854,2,Jul 30 2023 07: +0,1690696800
8.019,3,Jul 30 2023 08: +0,1690700400
7.842,2,Jul 30 2023 09: +0,1690704000
9.017,2,Jul 30 2023 10: +0,1690707600
8.93,4,Jul 30 2023 11: +0,1690711200
9.003,7,Jul 30 2023 12: +0,1690714800
8.858,1,Jul 30 2023 13: +0,1690718400
7.972,1,Jul 30 2023 14: +0,1690722000
8.963,1,Jul 30 2023 15: +0,1690725600
8.132,3,Jul 30 2023 16: +0,1690729200
9.024,4,Jul 30 2023 17: +0,1690732800
8.401,6,Jul 30 2023 18: +0,1690736400
8.575,1,Jul 30 2023 19: +0,1690740000
8.289,4,Jul 30 2023 20: +0,1690743600
8.566,5,Jul 30 2023 21: +0,1690747200
8.735,2,Jul 30 2023 22: +0,1690750800
9.048,3,Jul 30 2023 23: +0,1690754400
8.86,4,Jul 31 2023 00: +0,1690758000
7.24,1,Jul 31 2023 01: +0,1690761600
7.782,4,Jul 31 2023 02: +0,1690765200
8.928,1,Jul 31 2023 04: +0,1690772400
8.918,1,Jul 31 2023 05: +0,1690776000
9.05,1,Jul 31 2023 07: +0,1690783200
8.971,2,Jul 31 2023 08: +0,1690786800
7.907,2,Jul 31 2023 09: +0,1690790400
8.289,2,Jul 31 2023 10: +0,1690794000
8.751,1,Jul 31 2023 11: +0,1690797600
8.789,3,Jul 31 2023 12: +0,1690801200
8.797,1,Jul 31 2023 13: +0,1690804800
7.891,4,Jul 31 2023 14: +0,1690808400
7.961,2,Jul 31 2023 16: +0,1690815600
8.515,2,Jul 31 2023 17: +0,1690819200
8.411,4,Jul 31 2023 18: +0,1690822800
8.017,4,Jul 31 2023 19: +0,1690826400
7.571,2,Jul 31 2023 20: +0,1690830000
8.447,4,Jul 31 2023 21: +0,1690833600
8.507,7,Jul 31 2023 22: +0,1690837200
7.885,2,Jul 31 2023 23: +0,1690840800
8.302,2,Aug 01 2023 00: +0,1690844400
7.844,2,Aug 01 2023 01: +0,1690848000
7.82,1,Aug 01 2023 02: +0,1690851600
8.519,1,Aug 01 2023 03: +0,1690855200
9.068,1,Aug 01 2023 05: +0,1690862400
8.52,2,Aug 01 2023 06: +0,1690866000
8.176,2,Aug 01 2023 07: +0,1690869600
8.599,3,Aug 01 2023 09: +0,1690876800
8.223,3,Aug 01 2023 10: +0,1690880400
8.822,3,Aug 01 2023 12: +0,1690887600
8.003,3,Aug 01 2023 13: +0,1690891200
8.259,3,Aug 01 2023 14: +0,1690894800
7.887,4,Aug 01 2023 15: +0,1690898400
8.295,5,Aug 01 2023 16: +0,1690902000
8.593,2,Aug 01 2023 17: +0,1690905600
8.118,2,Aug 01 2023 18: +0,1690909200
8.107,10,Aug 01 2023 19: +0,1690912800
8.608,7,Aug 01 2023 20: +0,1690916400
8.543,1,Aug 01 2023 21: +0,1690920000
7.696,1,Aug 01 2023 22: +0,1690923600
8.626,3,Aug 01 2023 23: +0,1690927200
9.046,1,Aug 02 2023 00: +0,1690930800
8.442,1,Aug 02 2023 01: +0,1690934400
8.457,2,Aug 02 2023 02: +0,1690938000
8.309,2,Aug 02 2023 03: +0,1690941600
8.054,1,Aug 02 2023 07: +0,1690956000
8.744,3,Aug 02 2023 08: +0,1690959600
8.72,1,Aug 02 2023 09: +0,1690963200
8.604,2,Aug 02 2023 10: +0,1690966800
8.12,3,Aug 02 2023 11: +0,1690970400
8.785,2,Aug 02 2023 12: +0,1690974000
8.106,3,Aug 02 2023 13: +0,1690977600
8.769,7,Aug 02 2023 14: +0,1690981200
8.442,5,Aug 02 2023 15: +0,1690984800
8.121,1,Aug 02 2023 16: +0,1690988400
8.944,13,Aug 02 2023 17: +0,1690992000
8.169,5,Aug 02 2023 18: +0,1690995600
8.735,5,Aug 02 2023 19: +0,1690999200
7.982,1,Aug 02 2023 20: +0,1691002800
8.923,6,Aug 02 2023 21: +0,1691006400
8.999,3,Aug 02 2023 22: +0,1691010000
8.01,3,Aug 03 2023 00: +0,1691017200
8.617,1,Aug 03 2023 01: +0,1691020800
7.261,2,Aug 03 2023 02: +0,1691024400
8.184,3,Aug 03 2023 03: +0,1691028000
8.316,1,Aug 03 2023 04: +0,1691031600
8.319,4,Aug 03 2023 05: +0,1691035200
8.368,4,Aug 03 2023 06: +0,1691038800
8.096,2,Aug 03 2023 07: +0,1691042400
8.448,3,Aug 03 2023 09: +0,1691049600
8.857,4,Aug 03 2023 10: +0,1691053200
9.009,5,Aug 03 2023 11: +0,1691056800
8.771,3,Aug 03 2023 12: +0,1691060400
8.316,4,Aug 03 2023 13: +0,1691064000
9.003,5,Aug 03 2023 14: +0,1691067600
8.598,4,Aug 03 2023 15: +0,1691071200
8.596,4,Aug 03 2023 17: +0,1691078400
9.005,4,Aug 03 2023 18: +0,1691082000
8.861,4,Aug 03 2023 19: +0,1691085600
8.44,2,Aug 03 2023 20: +0,1691089200
8.066,1,Aug 03 2023 21: +0,1691092800
8.995,10,Aug 03 2023 22: +0,1691096400
8.187,2,Aug 03 2023 23: +0,1691100000
8.615,1,Aug 04 2023 01: +0,1691107200
9.001,1,Aug 04 2023 03: +0,1691114400
7.929,2,Aug 04 2023 09: +0,1691136000
8.381,3,Aug 04 2023 10: +0,1691139600
8.172,3,Aug 04 2023 12: +0,1691146800
8.7,4,Aug 04 2023 13: +0,1691150400
7.992,4,Aug 04 2023 14: +0,1691154000
8.304,7,Aug 04 2023 15: +0,1691157600
8.161,3,Aug 04 2023 16: +0,1691161200
8.621,2,Aug 04 2023 17: +0,1691164800
8.994,5,Aug 04 2023 18: +0,1691168400
7.913,2,Aug 04 2023 19: +0,1691172000
8.235,3,Aug 04 2023 20: +0,1691175600
8.937,4,Aug 04 2023 21: +0,1691179200
8.364,4,Aug 04 2023 22: +0,1691182800
8.216,3,Aug 04 2023 23: +0,1691186400
8.216,1,Aug 05 2023 00: +0,1691190000
8.975,1,Aug 05 2023 02: +0,1691197200
8.626,2,Aug 05 2023 03: +0,1691200800
9.048,4,Aug 05 2023 06: +0,1691211600
9.05,1,Aug 05 2023 07: +0,1691215200
7.161,1,Aug 05 2023 09: +0,1691222400
8.987,4,Aug 05 2023 10: +0,1691226000
8.364,1,Aug 05 2023 11: +0,1691229600
9.104,3,Aug 05 2023 12: +0,1691233200
8.3,3,Aug 05 2023 13: +0,1691236800
8.788,2,Aug 05 2023 14: +0,1691240400
8.975,3,Aug 05 2023 15: +0,1691244000
8.834,4,Aug 05 2023 16: +0,1691247600
8.834,3,Aug 05 2023 17: +0,1691251200
8.372,1,Aug 05 2023 18: +0,1691254800
9.013,6,Aug 05 2023 19: +0,1691258400
9.022,4,Aug 05 2023 20: +0,1691262000
9.039,4,Aug 05 2023 21: +0,1691265600
8.246,3,Aug 05 2023 22: +0,1691269200
7.98,3,Aug 05 2023 23: +0,1691272800
9.159,3,Aug 06 2023 00: +0,1691276400
9.011,3,Aug 06 2023 02: +0,1691283600
8.373,1,Aug 06 2023 04: +0,1691290800
9.166,1,Aug 06 2023 08: +0,1691305200
9.058,1,Aug 06 2023 09: +0,1691308800
8.976,5,Aug 06 2023 10: +0,1691312400
8.474,6,Aug 06 2023 11: +0,1691316000
8.976,1,Aug 06 2023 12: +0,1691319600
8.671,2,Aug 06 2023 13: +0,1691323200
7.807,3,Aug 06 2023 14: +0,1691326800
8.502,6,Aug 06 2023 15: +0,1691330400
8.423,4,Aug 06 2023 16: +0,1691334000
8.515,3,Aug 06 2023 17: +0,1691337600
8.568,3,Aug 06 2023 18: +0,1691341200
8.928,4,Aug 06 2023 19: +0,1691344800
9.05,3,Aug 06 2023 20: +0,1691348400
8.372,1,Aug 06 2023 21: +0,1691352000
8.372,5,Aug 06 2023 22: +0,1691355600
8.432,2,Aug 07 2023 00: +0,1691362800
7.976,1,Aug 07 2023 01: +0,1691366400
8.868,2,Aug 07 2023 02: +0,1691370000
8.782,2,Aug 07 2023 03: +0,1691373600
8.445,2,Aug 07 2023 06: +0,1691384400
9.174,1,Aug 07 2023 07: +0,1691388000
7.507,1,Aug 07 2023 08: +0,1691391600
9.074,2,Aug 07 2023 09: +0,1691395200
8.662,2,Aug 07 2023 10: +0,1691398800
8.445,3,Aug 07 2023 11: +0,1691402400
8.707,3,Aug 07 2023 12: +0,1691406000
8.453,1,Aug 07 2023 13: +0,1691409600
9.174,5,Aug 07 2023 14: +0,1691413200
8.445,5,Aug 07 2023 15: +0,1691416800
7.747,2,Aug 07 2023 16: +0,1691420400
8.145,3,Aug 07 2023 17: +0,1691424000
8.529,2,Aug 07 2023 18: +0,1691427600
8.219,2,Aug 07 2023 19: +0,1691431200
8.216,5,Aug 07 2023 20: +0,1691434800
8.238,5,Aug 07 2023 21: +0,1691438400
8.083,3,Aug 07 2023 22: +0,1691442000
8.786,5,Aug 07 2023 23: +0,1691445600
9.132,1,Aug 08 2023 00: +0,1691449200
7.188,1,Aug 08 2023 01: +0,1691452800
7.616,1,Aug 08 2023 03: +0,1691460000
8.016,2,Aug 08 2023 05: +0,1691467200
8.351,3,Aug 08 2023 07: +0,1691474400
8.477,4,Aug 08 2023 09: +0,1691481600
8.814,1,Aug 08 2023 10: +0,1691485200
8.325,3,Aug 08 2023 11: +0,1691488800
8.878,4,Aug 08 2023 12: +0,1691492400
8.733,2,Aug 08 2023 13: +0,1691496000
8.589,2,Aug 08 2023 14: +0,1691499600
8.354,4,Aug 08 2023 15: +0,1691503200
8.672,3,Aug 08 2023 16: +0,1691506800
8.663,4,Aug 08 2023 17: +0,1691510400
8.386,3,Aug 08 2023 18: +0,1691514000
8.714,2,Aug 08 2023 19: +0,1691517600
8.071,5,Aug 08 2023 20: +0,1691521200
8.503,2,Aug 08 2023 21: +0,1691524800
8.229,4,Aug 08 2023 22: +0,1691528400
8.028,2,Aug 08 2023 23: +0,1691532000
8.403,1,Aug 09 2023 00: +0,1691535600
8.681,1,Aug 09 2023 01: +0,1691539200
8.539,2,Aug 09 2023 02: +0,1691542800
8.272,1,Aug 09 2023 03: +0,1691546400
7.893,1,Aug 09 2023 04: +0,1691550000
7.838,1,Aug 09 2023 07: +0,1691560800
6.645,2,Aug 09 2023 08: +0,1691564400
9.026,1,Aug 09 2023 10: +0,1691571600
8.841,6,Aug 09 2023 11: +0,1691575200
8.737,1,Aug 09 2023 12: +0,1691578800
8.796,4,Aug 09 2023 13: +0,1691582400
8.61,5,Aug 09 2023 14: +0,1691586000
8.076,1,Aug 09 2023 15: +0,1691589600
8.508,4,Aug 09 2023 16: +0,1691593200
8.474,4,Aug 09 2023 17: +0,1691596800
8.713,3,Aug 09 2023 18: +0,1691600400
8.349,4,Aug 09 2023 19: +0,1691604000
9.026,3,Aug 09 2023 20: +0,1691607600
9.108,5,Aug 09 2023 21: +0,1691611200
8.932,3,Aug 09 2023 22: +0,1691614800
8.249,4,Aug 09 2023 23: +0,1691618400
8.502,1,Aug 10 2023 00: +0,1691622000
8.335,2,Aug 10 2023 01: +0,1691625600
8.231,1,Aug 10 2023 03: +0,1691632800
8.649,1,Aug 10 2023 05: +0,1691640000
8.782,1,Aug 10 2023 06: +0,1691643600
8.468,2,Aug 10 2023 07: +0,1691647200
8.274,3,Aug 10 2023 08: +0,1691650800
8.896,2,Aug 10 2023 09: +0,1691654400
8.259,5,Aug 10 2023 10: +0,1691658000
10.444,2,Aug 10 2023 11: +0,1691661600
8.641,3,Aug 10 2023 12: +0,1691665200
8.493,2,Aug 10 2023 13: +0,1691668800
8.311,2,Aug 10 2023 14: +0,1691672400
8.265,4,Aug 10 2023 15: +0,1691676000
8.849,3,Aug 10 2023 16: +0,1691679600
8.467,2,Aug 10 2023 17: +0,1691683200
8.594,2,Aug 10 2023 18: +0,1691686800
8.451,4,Aug 10 2023 19: +0,1691690400
8.667,5,Aug 10 2023 20: +0,1691694000
8.763,7,Aug 10 2023 21: +0,1691697600
8.304,4,Aug 10 2023 23: +0,1691704800
8.319,2,Aug 11 2023 00: +0,1691708400
8.649,1,Aug 11 2023 05: +0,1691726400
8.738,1,Aug 11 2023 07: +0,1691733600
8.599,1,Aug 11 2023 09: +0,1691740800
8.56,2,Aug 11 2023 10: +0,1691744400
9.052,4,Aug 11 2023 12: +0,1691751600
8.709,2,Aug 11 2023 13: +0,1691755200
9.101,2,Aug 11 2023 14: +0,1691758800
8.916,2,Aug 11 2023 15: +0,1691762400
8.979,3,Aug 11 2023 16: +0,1691766000
9.121,7,Aug 11 2023 17: +0,1691769600
8.695,4,Aug 11 2023 18: +0,1691773200
9.245,2,Aug 11 2023 19: +0,1691776800
8.72,6,Aug 11 2023 20: +0,1691780400
8.269,3,Aug 11 2023 22: +0,1691787600
8.807,2,Aug 11 2023 23: +0,1691791200
9.04,1,Aug 12 2023 03: +0,1691805600
8.264,1,Aug 12 2023 04: +0,1691809200
8.027,1,Aug 12 2023 05: +0,1691812800
8.247,2,Aug 12 2023 06: +0,1691816400
8.312,2,Aug 12 2023 07: +0,1691820000
8.719,2,Aug 12 2023 08: +0,1691823600
8.267,7,Aug 12 2023 09: +0,1691827200
8.268,2,Aug 12 2023 11: +0,1691834400
9.001,3,Aug 12 2023 12: +0,1691838000
8.172,3,Aug 12 2023 14: +0,1691845200
9.138,2,Aug 12 2023 15: +0,1691848800
9.034,2,Aug 12 2023 16: +0,1691852400
8.966,2,Aug 12 2023 17: +0,1691856000
8.106,2,Aug 12 2023 18: +0,1691859600
8.401,4,Aug 12 2023 19: +0,1691863200
9.275,5,Aug 12 2023 20: +0,1691866800
9.292,2,Aug 12 2023 21: +0,1691870400
8.251,1,Aug 12 2023 22: +0,1691874000
8.161,3,Aug 12 2023 23: +0,1691877600
7.992,2,Aug 13 2023 02: +0,1691888400
8.237,2,Aug 13 2023 03: +0,1691892000
8.349,1,Aug 13 2023 05: +0,1691899200
8.68,1,Aug 13 2023 06: +0,1691902800
7.868,1,Aug 13 2023 07: +0,1691906400
8.182,2,Aug 13 2023 08: +0,1691910000
8.206,3,Aug 13 2023 09: +0,1691913600
8.51,2,Aug 13 2023 11: +0,1691920800
9.268,4,Aug 13 2023 12: +0,1691924400
8.666,4,Aug 13 2023 13: +0,1691928000
9.001,5,Aug 13 2023 14: +0,1691931600
7.927,1,Aug 13 2023 15: +0,1691935200
7.917,3,Aug 13 2023 16: +0,1691938800
8.945,4,Aug 13 2023 17: +0,1691942400
9.069,1,Aug 13 2023 18: +0,1691946000
8.377,4,Aug 13 2023 19: +0,1691949600
8.602,2,Aug 13 2023 20: +0,1691953200
8.973,1,Aug 13 2023 21: +0,1691956800
8.108,2,Aug 13 2023 22: +0,1691960400
8.884,4,Aug 13 2023 23: +0,1691964000
8.744,2,Aug 14 2023 00: +0,1691967600
9.126,1,Aug 14 2023 02: +0,1691974800
9.112,1,Aug 14 2023 03: +0,1691978400
7.917,1,Aug 14 2023 04: +0,1691982000
9.309,1,Aug 14 2023 06: +0,1691989200
8.519,2,Aug 14 2023 07: +0,1691992800
7.933,3,Aug 14 2023 08: +0,1691996400
8.502,2,Aug 14 2023 09: +0,1692000000
7.925,3,Aug 14 2023 10: +0,1692003600
8.685,3,Aug 14 2023 11: +0,1692007200
7.95,4,Aug 14 2023 12: +0,1692010800
8.0,4,Aug 14 2023 13: +0,1692014400
8.853,1,Aug 14 2023 14: +0,1692018000
7.94,3,Aug 14 2023 15: +0,1692021600
7.896,5,Aug 14 2023 16: +0,1692025200
8.711,4,Aug 14 2023 17: +0,1692028800
8.861,1,Aug 14 2023 18: +0,1692032400
8.567,4,Aug 14 2023 19: +0,1692036000
7.975,2,Aug 14 2023 20: +0,1692039600
7.944,1,Aug 14 2023 21: +0,1692043200
8.423,3,Aug 14 2023 22: +0,1692046800
8.688,1,Aug 14 2023 23: +0,1692050400
7.995,1,Aug 15 2023 00: +0,1692054000
8.071,2,Aug 15 2023 01: +0,1692057600
7.5,1,Aug 15 2023 02: +0,1692061200
8.355,1,Aug 15 2023 03: +0,1692064800
8.75,2,Aug 15 2023 05: +0,1692072000
9.186,1,Aug 15 2023 06: +0,1692075600
8.195,2,Aug 15 2023 08: +0,1692082800
8.346,2,Aug 15 2023 10: +0,1692090000
8.058,3,Aug 15 2023 11: +0,1692093600
7.979,6,Aug 15 2023 12: +0,1692097200
8.761,3,Aug 15 2023 13: +0,1692100800
7.689,3,Aug 15 2023 14: +0,1692104400
8.171,2,Aug 15 2023 15: +0,1692108000
8.947,3,Aug 15 2023 16: +0,1692111600
8.092,3,Aug 15 2023 17: +0,1692115200
7.917,3,Aug 15 2023 18: +0,1692118800
8.09,4,Aug 15 2023 19: +0,1692122400
8.958,3,Aug 15 2023 20: +0,1692126000
8.497,2,Aug 15 2023 21: +0,1692129600
8.892,2,Aug 15 2023 22: +0,1692133200
8.835,1,Aug 15 2023 23: +0,1692136800
9.017,2,Aug 16 2023 00: +0,1692140400
8.137,3,Aug 16 2023 01: +0,1692144000
8.132,1,Aug 16 2023 02: +0,1692147600
9.081,1,Aug 16 2023 03: +0,1692151200
8.011,1,Aug 16 2023 07: +0,1692165600
8.024,5,Aug 16 2023 08: +0,1692169200
8.664,2,Aug 16 2023 09: +0,1692172800
8.846,2,Aug 16 2023 11: +0,1692180000
8.589,3,Aug 16 2023 12: +0,1692183600
7.925,3,Aug 16 2023 13: +0,1692187200
7.925,5,Aug 16 2023 14: +0,1692190800
8.987,3,Aug 16 2023 15: +0,1692194400
8.997,4,Aug 16 2023 16: +0,1692198000
8.923,2,Aug 16 2023 17: +0,1692201600
8.883,3,Aug 16 2023 18: +0,1692205200
8.686,6,Aug 16 2023 20: +0,1692212400
8.461,4,Aug 16 2023 21: +0,1692216000
8.06,1,Aug 16 2023 22: +0,1692219600
8.296,2,Aug 16 2023 23: +0,1692223200
8.785,1,Aug 17 2023 00: +0,1692226800
9.087,1,Aug 17 2023 01: +0,1692230400
8.635,1,Aug 17 2023 02: +0,1692234000
7.96,2,Aug 17 2023 03: +0,1692237600
8.875,1,Aug 17 2023 04: +0,1692241200
8.064,2,Aug 17 2023 05: +0,1692244800
8.874,1,Aug 17 2023 06: +0,1692248400
9.278,1,Aug 17 2023 08: +0,1692255600
7.953,2,Aug 17 2023 10: +0,1692262800
8.238,3,Aug 17 2023 11: +0,1692266400
8.676,2,Aug 17 2023 12: +0,1692270000
8.901,4,Aug 17 2023 13: +0,1692273600
8.062,1,Aug 17 2023 14: +0,1692277200
8.16,5,Aug 17 2023 15: +0,1692280800
8.471,8,Aug 17 2023 16: +0,1692284400
8.779,3,Aug 17 2023 17: +0,1692288000
8.537,2,Aug 17 2023 18: +0,1692291600
7.883,1,Aug 17 2023 19: +0,1692295200
8.068,5,Aug 17 2023 20: +0,1692298800
8.689,4,Aug 17 2023 21: +0,1692302400
8.181,2,Aug 17 2023 22: +0,1692306000
8.904,1,Aug 17 2023 23: +0,1692309600
8.688,2,Aug 18 2023 00: +0,1692313200
8.042,2,Aug 18 2023 01: +0,1692316800
7.409,1,Aug 18 2023 02: +0,1692320400
8.05,1,Aug 18 2023 06: +0,1692334800
7.867,1,Aug 18 2023 07: +0,1692338400
8.545,4,Aug 18 2023 08: +0,1692342000
8.782,3,Aug 18 2023 09: +0,1692345600
8.558,1,Aug 18 2023 10: +0,1692349200
8.196,2,Aug 18 2023 11: +0,1692352800
8.186,2,Aug 18 2023 12: +0,1692356400
8.41,2,Aug 18 2023 13: +0,1692360000
8.685,3,Aug 18 2023 14: +0,1692363600
8.792,1,Aug 18 2023 15: +0,1692367200
8.812,1,Aug 18 2023 16: +0,1692370800
8.506,2,Aug 18 2023 17: +0,1692374400
8.902,3,Aug 18 2023 18: +0,1692378000
8.85,2,Aug 18 2023 19: +0,1692381600
8.343,6,Aug 18 2023 20: +0,1692385200
8.141,2,Aug 18 2023 21: +0,1692388800
7.93,2,Aug 18 2023 22: +0,1692392400
8.672,2,Aug 18 2023 23: +0,1692396000
8.687,1,Aug 19 2023 00: +0,1692399600
7.846,1,Aug 19 2023 01: +0,1692403200
8.443,2,Aug 19 2023 02: +0,1692406800
8.098,1,Aug 19 2023 03: +0,1692410400
8.653,3,Aug 19 2023 04: +0,1692414000
7.799,1,Aug 19 2023 06: +0,1692421200
8.24,2,Aug 19 2023 08: +0,1692428400
7.721,1,Aug 19 2023 09: +0,1692432000
7.721,1,Aug 19 2023 10: +0,1692435600
7.709,4,Aug 19 2023 11: +0,1692439200
7.811,3,Aug 19 2023 12: +0,1692442800
8.647,6,Aug 19 2023 13: +0,1692446400
7.626,1,Aug 19 2023 14: +0,1692450000
8.024,3,Aug 19 2023 15: +0,1692453600
7.465,1,Aug 19 2023 16: +0,1692457200
7.713,5,Aug 19 2023 17: +0,1692460800
8.107,2,Aug 19 2023 18: +0,1692464400
7.742,2,Aug 19 2023 19: +0,1692468000
8.279,2,Aug 19 2023 20: +0,1692471600
8.801,5,Aug 19 2023 21: +0,1692475200
7.736,4,Aug 19 2023 23: +0,1692482400
7.721,1,Aug 20 2023 00: +0,1692486000
7.589,2,Aug 20 2023 01: +0,1692489600
8.118,1,Aug 20 2023 02: +0,1692493200
9.031,1,Aug 20 2023 04: +0,1692500400
8.294,2,Aug 20 2023 06: +0,1692507600
8.869,1,Aug 20 2023 07: +0,1692511200
7.728,3,Aug 20 2023 08: +0,1692514800
8.528,1,Aug 20 2023 09: +0,1692518400
8.455,6,Aug 20 2023 10: +0,1692522000
8.288,2,Aug 20 2023 11: +0,1692525600
8.86,3,Aug 20 2023 12: +0,1692529200
8.716,1,Aug 20 2023 13: +0,1692532800
9.224,2,Aug 20 2023 14: +0,1692536400
8.894,1,Aug 20 2023 15: +0,1692540000
8.915,3,Aug 20 2023 16: +0,1692543600
7.705,4,Aug 20 2023 17: +0,1692547200
8.605,5,Aug 20 2023 18: +0,1692550800
7.907,4,Aug 20 2023 19: +0,1692554400
7.846,1,Aug 20 2023 20: +0,1692558000
7.721,3,Aug 20 2023 21: +0,1692561600
8.711,2,Aug 20 2023 22: +0,1692565200
8.883,2,Aug 20 2023 23: +0,1692568800
8.133,4,Aug 21 2023 00: +0,1692572400
8.227,2,Aug 21 2023 01: +0,1692576000
7.697,1,Aug 21 2023 03: +0,1692583200
8.875,1,Aug 21 2023 04: +0,1692586800
7.721,2,Aug 21 2023 05: +0,1692590400
8.905,1,Aug 21 2023 06: +0,1692594000
8.792,1,Aug 21 2023 07: +0,1692597600
8.797,3,Aug 21 2023 09: +0,1692604800
8.841,4,Aug 21 2023 10: +0,1692608400
8.229,2,Aug 21 2023 11: +0,1692612000
7.747,2,Aug 21 2023 12: +0,1692615600
8.462,4,Aug 21 2023 13: +0,1692619200
8.223,5,Aug 21 2023 14: +0,1692622800
8.743,2,Aug 21 2023 15: +0,1692626400
8.24,2,Aug 21 2023 16: +0,1692630000
8.788,4,Aug 21 2023 17: +0,1692633600
8.63,3,Aug 21 2023 18: +0,1692637200
8.165,2,Aug 21 2023 19: +0,1692640800
8.596,4,Aug 21 2023 20: +0,1692644400
8.223,3,Aug 21 2023 22: +0,1692651600
8.225,3,Aug 21 2023 23: +0,1692655200
7.754,3,Aug 22 2023 00: +0,1692658800
7.759,1,Aug 22 2023 02: +0,1692666000
7.322,1,Aug 22 2023 05: +0,1692676800
7.554,3,Aug 22 2023 07: +0,1692684000
7.776,2,Aug 22 2023 09: +0,1692691200
8.843,3,Aug 22 2023 10: +0,1692694800
8.973,2,Aug 22 2023 11: +0,1692698400
8.598,1,Aug 22 2023 12: +0,1692702000
8.396,2,Aug 22 2023 13: +0,1692705600
8.516,2,Aug 22 2023 14: +0,1692709200
8.311,1,Aug 22 2023 15: +0,1692712800
8.94,4,Aug 22 2023 16: +0,1692716400
8.925,3,Aug 22 2023 17: +0,1692720000
8.913,4,Aug 22 2023 18: +0,1692723600
8.976,3,Aug 22 2023 19: +0,1692727200
8.999,4,Aug 22 2023 20: +0,1692730800
8.347,2,Aug 22 2023 21: +0,1692734400
8.777,2,Aug 22 2023 22: +0,1692738000
8.78,1,Aug 22 2023 23: +0,1692741600
8.785,3,Aug 23 2023 02: +0,1692752400
8.368,4,Aug 23 2023 03: +0,1692756000
7.889,1,Aug 23 2023 07: +0,1692770400
7.858,1,Aug 23 2023 09: +0,1692777600
8.979,2,Aug 23 2023 10: +0,1692781200
8.833,1,Aug 23 2023 11: +0,1692784800
8.834,6,Aug 23 2023 12: +0,1692788400
8.987,5,Aug 23 2023 13: +0,1692792000
8.696,2,Aug 23 2023 16: +0,1692802800
8.29,3,Aug 23 2023 17: +0,1692806400
8.35,4,Aug 23 2023 18: +0,1692810000
8.71,5,Aug 23 2023 19: +0,1692813600
7.756,2,Aug 23 2023 20: +0,1692817200
8.996,5,Aug 23 2023 21: +0,1692820800
7.627,2,Aug 23 2023 22: +0,1692824400
7.645,2,Aug 23 2023 23: +0,1692828000
7.843,3,Aug 24 2023 00: +0,1692831600
7.539,2,Aug 24 2023 01: +0,1692835200
8.041,2,Aug 24 2023 02: +0,1692838800
7.751,2,Aug 24 2023 03: +0,1692842400
7.301,1,Aug 24 2023 04: +0,1692846000
8.154,1,Aug 24 2023 05: +0,1692849600
8.744,1,Aug 24 2023 08: +0,1692860400
8.888,3,Aug 24 2023 09: +0,1692864000
8.729,1,Aug 24 2023 10: +0,1692867600
8.636,2,Aug 24 2023 11: +0,1692871200
8.7,3,Aug 24 2023 12: +0,1692874800
7.747,5,Aug 24 2023 13: +0,1692878400
8.528,2,Aug 24 2023 14: +0,1692882000
8.75,1,Aug 24 2023 15: +0,1692885600
8.886,1,Aug 24 2023 16: +0,1692889200
8.729,1,Aug 24 2023 17: +0,1692892800
8.91,4,Aug 24 2023 18: +0,1692896400
8.804,4,Aug 24 2023 19: +0,1692900000
8.86,4,Aug 24 2023 20: +0,1692903600
8.952,3,Aug 24 2023 21: +0,1692907200
8.948,1,Aug 24 2023 22: +0,1692910800
8.523,2,Aug 24 2023 23: +0,1692914400
8.159,3,Aug 25 2023 00: +0,1692918000
8.905,1,Aug 25 2023 01: +0,1692921600
8.878,3,Aug 25 2023 02: +0,1692925200
8.298,2,Aug 25 2023 05: +0,1692936000
8.314,2,Aug 25 2023 07: +0,1692943200
8.271,2,Aug 25 2023 08: +0,1692946800
7.944,1,Aug 25 2023 09: +0,1692950400
8.498,2,Aug 25 2023 10: +0,1692954000
8.425,1,Aug 25 2023 11: +0,1692957600
8.477,4,Aug 25 2023 12: +0,1692961200
8.897,3,Aug 25 2023 13: +0,1692964800
7.636,1,Aug 25 2023 14: +0,1692968400
8.432,4,Aug 25 2023 16: +0,1692975600
8.904,4,Aug 25 2023 17: +0,1692979200
8.008,4,Aug 25 2023 18: +0,1692982800
8.019,6,Aug 25 2023 19: +0,1692986400
8.894,8,Aug 25 2023 20: +0,1692990000
8.706,3,Aug 25 2023 21: +0,1692993600
8.108,2,Aug 25 2023 22: +0,1692997200
8.308,5,Aug 25 2023 23: +0,1693000800
8.608,2,Aug 26 2023 00: +0,1693004400
7.6,1,Aug 26 2023 01: +0,1693008000
8.851,1,Aug 26 2023 02: +0,1693011600
8.737,3,Aug 26 2023 05: +0,1693022400
8.889,2,Aug 26 2023 07: +0,1693029600
8.816,3,Aug 26 2023 09: +0,1693036800
8.913,3,Aug 26 2023 10: +0,1693040400
8.93,3,Aug 26 2023 11: +0,1693044000
8.838,4,Aug 26 2023 13: +0,1693051200
8.885,1,Aug 26 2023 14: +0,1693054800
9.223,2,Aug 26 2023 15: +0,1693058400
8.953,5,Aug 26 2023 16: +0,1693062000
8.359,4,Aug 26 2023 17: +0,1693065600
8.929,1,Aug 26 2023 18: +0,1693069200
8.938,4,Aug 26 2023 19: +0,1693072800
8.77,4,Aug 26 2023 20: +0,1693076400
8.97,6,Aug 26 2023 21: +0,1693080000
8.937,4,Aug 26 2023 22: +0,1693083600
8.6,3,Aug 26 2023 23: +0,1693087200
8.754,1,Aug 27 2023 00: +0,1693090800
8.762,1,Aug 27 2023 01: +0,1693094400
8.962,2,Aug 27 2023 02: +0,1693098000
7.762,3,Aug 27 2023 08: +0,1693119600
7.606,2,Aug 27 2023 09: +0,1693123200
8.386,3,Aug 27 2023 10: +0,1693126800
7.738,5,Aug 27 2023 11: +0,1693130400
7.874,4,Aug 27 2023 12: +0,1693134000
7.977,5,Aug 27 2023 14: +0,1693141200
8.454,1,Aug 27 2023 15: +0,1693144800
8.375,6,Aug 27 2023 16: +0,1693148400
8.395,5,Aug 27 2023 17: +0,1693152000
7.612,2,Aug 27 2023 18: +0,1693155600
8.304,1,Aug 27 2023 19: +0,1693159200
7.754,3,Aug 27 2023 20: +0,1693162800
8.758,2,Aug 27 2023 21: +0,1693166400
8.257,1,Aug 27 2023 22: +0,1693170000
8.897,2,Aug 27 2023 23: +0,1693173600
8.905,3,Aug 28 2023 01: +0,1693180800
8.864,2,Aug 28 2023 04: +0,1693191600
9.127,1,Aug 28 2023 07: +0,1693202400
7.996,2,Aug 28 2023 08: +0,1693206000
7.955,2,Aug 28 2023 09: +0,1693209600
8.626,1,Aug 28 2023 10: +0,1693213200
8.11,2,Aug 28 2023 11: +0,1693216800
7.828,3,Aug 28 2023 12: +0,1693220400
8.886,1,Aug 28 2023 13: +0,1693224000
8.25,1,Aug 28 2023 14: +0,1693227600
7.424,2,Aug 28 2023 15: +0,1693231200
8.018,5,Aug 28 2023 16: +0,1693234800
8.896,1,Aug 28 2023 17: +0,1693238400
8.699,3,Aug 28 2023 18: +0,1693242000
7.656,5,Aug 28 2023 19: +0,1693245600
8.333,4,Aug 28 2023 20: +0,1693249200
7.618,6,Aug 28 2023 21: +0,1693252800
8.532,4,Aug 28 2023 22: +0,1693256400
7.669,1,Aug 28 2023 23: +0,1693260000
8.097,4,Aug 29 2023 00: +0,1693263600
7.656,2,Aug 29 2023 02: +0,1693270800
7.593,1,Aug 29 2023 07: +0,1693288800
8.143,1,Aug 29 2023 08: +0,1693292400
8.531,2,Aug 29 2023 09: +0,1693296000
8.549,1,Aug 29 2023 10: +0,1693299600
8.318,1,Aug 29 2023 11: +0,1693303200
8.035,2,Aug 29 2023 12: +0,1693306800
8.347,3,Aug 29 2023 13: +0,1693310400
7.868,3,Aug 29 2023 15: +0,1693317600
8.748,5,Aug 29 2023 16: +0,1693321200
8.487,4,Aug 29 2023 17: +0,1693324800
8.197,1,Aug 29 2023 18: +0,1693328400
7.742,2,Aug 29 2023 19: +0,1693332000
7.838,6,Aug 29 2023 20: +0,1693335600
8.483,5,Aug 29 2023 21: +0,1693339200
8.791,4,Aug 29 2023 22: +0,1693342800
8.853,3,Aug 29 2023 23: +0,1693346400
8.778,2,Aug 30 2023 00: +0,1693350000
7.612,1,Aug 30 2023 01: +0,1693353600
8.316,1,Aug 30 2023 02: +0,1693357200
8.864,2,Aug 30 2023 03: +0,1693360800
8.181,2,Aug 30 2023 06: +0,1693371600
7.718,2,Aug 30 2023 07: +0,1693375200
8.297,4,Aug 30 2023 08: +0,1693378800
8.903,1,Aug 30 2023 09: +0,1693382400
8.035,2,Aug 30 2023 10: +0,1693386000
8.207,2,Aug 30 2023 11: +0,1693389600
8.771,1,Aug 30 2023 12: +0,1693393200
8.222,6,Aug 30 2023 13: +0,1693396800
8.576,4,Aug 30 2023 14: +0,1693400400
8.72,3,Aug 30 2023 15: +0,1693404000
8.626,2,Aug 30 2023 16: +0,1693407600
8.549,3,Aug 30 2023 17: +0,1693411200
7.661,5,Aug 30 2023 18: +0,1693414800
8.868,2,Aug 30 2023 19: +0,1693418400
8.866,1,Aug 30 2023 20: +0,1693422000
8.321,3,Aug 30 2023 21: +0,1693425600
8.126,1,Aug 30 2023 22: +0,1693429200
7.66,5,Aug 30 2023 23: +0,1693432800
7.914,4,Aug 31 2023 00: +0,1693436400
7.659,2,Aug 31 2023 02: +0,1693443600
8.525,2,Aug 31 2023 03: +0,1693447200
8.843,2,Aug 31 2023 04: +0,1693450800
7.848,2,Aug 31 2023 05: +0,1693454400
8.175,1,Aug 31 2023 06: +0,1693458000
7.65,1,Aug 31 2023 07: +0,1693461600
7.915,2,Aug 31 2023 08: +0,1693465200
7.841,2,Aug 31 2023 09: +0,1693468800
8.013,2,Aug 31 2023 11: +0,1693476000
8.273,4,Aug 31 2023 12: +0,1693479600
8.8,2,Aug 31 2023 13: +0,1693483200
7.735,3,Aug 31 2023 14: +0,1693486800
8.569,4,Aug 31 2023 15: +0,1693490400
8.752,3,Aug 31 2023 16: +0,1693494000
8.829,5,Aug 31 2023 17: +0,1693497600
8.571,1,Aug 31 2023 18: +0,1693501200
8.529,3,Aug 31 2023 19: +0,1693504800
8.387,5,Aug 31 2023 20: +0,1693508400
8.833,4,Aug 31 2023 21: +0,1693512000
8.396,3,Aug 31 2023 22: +0,1693515600
7.703,3,Aug 31 2023 23: +0,1693519200
8.057,2,Sep 01 2023 00: +0,1693522800
8.764,1,Sep 01 2023 01: +0,1693526400
8.238,2,Sep 01 2023 02: +0,1693530000
8.392,3,Sep 01 2023 03: +0,1693533600
8.445,1,Sep 01 2023 04: +0,1693537200
8.837,2,Sep 01 2023 05: +0,1693540800
8.859,1,Sep 01 2023 07: +0,1693548000
8.588,2,Sep 01 2023 08: +0,1693551600
8.477,2,Sep 01 2023 09: +0,1693555200
8.871,3,Sep 01 2023 10: +0,1693558800
8.877,4,Sep 01 2023 11: +0,1693562400
8.694,2,Sep 01 2023 12: +0,1693566000
7.975,1,Sep 01 2023 13: +0,1693569600
8.036,1,Sep 01 2023 14: +0,1693573200
7.959,4,Sep 01 2023 17: +0,1693584000
7.691,7,Sep 01 2023 18: +0,1693587600
8.842,5,Sep 01 2023 19: +0,1693591200
8.586,6,Sep 01 2023 20: +0,1693594800
8.466,6,Sep 01 2023 21: +0,1693598400
8.501,4,Sep 01 2023 22: +0,1693602000
8.869,3,Sep 01 2023 23: +0,1693605600
8.667,5,Sep 02 2023 00: +0,1693609200
8.542,2,Sep 02 2023 01: +0,1693612800
8.855,1,Sep 02 2023 03: +0,1693620000
8.867,1,Sep 02 2023 04: +0,1693623600
8.842,1,Sep 02 2023 05: +0,1693627200
7.886,1,Sep 02 2023 06: +0,1693630800
8.487,1,Sep 02 2023 07: +0,1693634400
8.746,3,Sep 02 2023 09: +0,1693641600
8.848,1,Sep 02 2023 10: +0,1693645200
8.236,8,Sep 02 2023 11: +0,1693648800
8.769,4,Sep 02 2023 12: +0,1693652400
8.851,4,Sep 02 2023 13: +0,1693656000
8.893,1,Sep 02 2023 15: +0,1693663200
8.625,1,Sep 02 2023 16: +0,1693666800
8.621,6,Sep 02 2023 17: +0,1693670400
8.532,8,Sep 02 2023 18: +0,1693674000
8.83,8,Sep 02 2023 19: +0,1693677600
8.085,3,Sep 02 2023 20: +0,1693681200
8.45,2,Sep 02 2023 21: +0,1693684800
8.008,4,Sep 02 2023 22: +0,1693688400
8.515,5,Sep 02 2023 23: +0,1693692000
8.941,1,Sep 03 2023 00: +0,1693695600
8.565,2,Sep 03 2023 01: +0,1693699200
8.806,2,Sep 03 2023 02: +0,1693702800
8.545,2,Sep 03 2023 03: +0,1693706400
8.8,1,Sep 03 2023 04: +0,1693710000
9.108,1,Sep 03 2023 05: +0,1693713600
8.288,2,Sep 03 2023 06: +0,1693717200
8.29,2,Sep 03 2023 07: +0,1693720800
8.74,6,Sep 03 2023 08: +0,1693724400
8.736,3,Sep 03 2023 09: +0,1693728000
8.796,5,Sep 03 2023 10: +0,1693731600
8.783,9,Sep 03 2023 11: +0,1693735200
8.239,5,Sep 03 2023 12: +0,1693738800
8.796,4,Sep 03 2023 14: +0,1693746000
8.85,2,Sep 03 2023 15: +0,1693749600
8.859,7,Sep 03 2023 16: +0,1693753200
8.859,7,Sep 03 2023 17: +0,1693756800
8.868,7,Sep 03 2023 18: +0,1693760400
8.864,5,Sep 03 2023 19: +0,1693764000
8.511,4,Sep 03 2023 20: +0,1693767600
8.696,3,Sep 03 2023 21: +0,1693771200
8.779,4,Sep 03 2023 22: +0,1693774800
8.862,4,Sep 03 2023 23: +0,1693778400
8.845,1,Sep 04 2023 00: +0,1693782000
8.922,1,Sep 04 2023 02: +0,1693789200
8.531,2,Sep 04 2023 03: +0,1693792800
8.252,1,Sep 04 2023 04: +0,1693796400
8.424,2,Sep 04 2023 06: +0,1693803600
8.496,1,Sep 04 2023 07: +0,1693807200
8.322,2,Sep 04 2023 08: +0,1693810800
8.986,3,Sep 04 2023 09: +0,1693814400
8.975,4,Sep 04 2023 10: +0,1693818000
8.994,3,Sep 04 2023 11: +0,1693821600
8.498,3,Sep 04 2023 12: +0,1693825200
9.036,4,Sep 04 2023 13: +0,1693828800
9.145,2,Sep 04 2023 14: +0,1693832400
9.097,5,Sep 04 2023 15: +0,1693836000
9.186,3,Sep 04 2023 16: +0,1693839600
9.165,11,Sep 04 2023 17: +0,1693843200
9.328,3,Sep 04 2023 18: +0,1693846800
8.836,5,Sep 04 2023 19: +0,1693850400
9.313,4,Sep 04 2023 20: +0,1693854000
8.64,6,Sep 04 2023 21: +0,1693857600
8.275,2,Sep 04 2023 22: +0,1693861200
8.429,5,Sep 04 2023 23: +0,1693864800
8.725,1,Sep 05 2023 00: +0,1693868400
8.846,1,Sep 05 2023 01: +0,1693872000
7.967,1,Sep 05 2023 04: +0,1693882800
8.594,1,Sep 05 2023 06: +0,1693890000
8.851,4,Sep 05 2023 07: +0,1693893600
8.959,2,Sep 05 2023 08: +0,1693897200
9.293,4,Sep 05 2023 09: +0,1693900800
9.443,2,Sep 05 2023 10: +0,1693904400
8.799,1,Sep 05 2023 11: +0,1693908000
8.823,1,Sep 05 2023 12: +0,1693911600
8.99,2,Sep 05 2023 13: +0,1693915200
9.273,5,Sep 05 2023 14: +0,1693918800
9.541,3,Sep 05 2023 15: +0,1693922400
9.475,5,Sep 05 2023 16: +0,1693926000
8.206,5,Sep 05 2023 17: +0,1693929600
9.172,4,Sep 05 2023 18: +0,1693933200
9.027,3,Sep 05 2023 19: +0,1693936800
9.541,5,Sep 05 2023 20: +0,1693940400
9.203,2,Sep 05 2023 21: +0,1693944000
9.297,4,Sep 05 2023 22: +0,1693947600
9.569,1,Sep 05 2023 23: +0,1693951200
9.414,1,Sep 06 2023 00: +0,1693954800
9.379,1,Sep 06 2023 04: +0,1693969200
9.252,4,Sep 06 2023 09: +0,1693987200
8.815,2,Sep 06 2023 11: +0,1693994400
9.245,2,Sep 06 2023 12: +0,1693998000
9.078,2,Sep 06 2023 13: +0,1694001600
9.282,1,Sep 06 2023 14: +0,1694005200
9.18,4,Sep 06 2023 15: +0,1694008800
8.718,4,Sep 06 2023 16: +0,1694012400
8.472,5,Sep 06 2023 17: +0,1694016000
9.038,8,Sep 06 2023 18: +0,1694019600
9.157,9,Sep 06 2023 19: +0,1694023200
9.263,7,Sep 06 2023 20: +0,1694026800
8.386,2,Sep 06 2023 21: +0,1694030400
8.366,4,Sep 06 2023 22: +0,1694034000
8.913,4,Sep 06 2023 23: +0,1694037600
8.4,2,Sep 07 2023 00: +0,1694041200
8.569,2,Sep 07 2023 01: +0,1694044800
8.092,1,Sep 07 2023 02: +0,1694048400
8.791,2,Sep 07 2023 04: +0,1694055600
8.851,2,Sep 07 2023 05: +0,1694059200
9.341,3,Sep 07 2023 06: +0,1694062800
7.971,2,Sep 07 2023 07: +0,1694066400
9.364,1,Sep 07 2023 08: +0,1694070000
9.021,3,Sep 07 2023 09: +0,1694073600
9.359,1,Sep 07 2023 10: +0,1694077200
9.339,2,Sep 07 2023 11: +0,1694080800
9.338,2,Sep 07 2023 12: +0,1694084400
9.298,2,Sep 07 2023 13: +0,1694088000
9.338,3,Sep 07 2023 14: +0,1694091600
9.34,6,Sep 07 2023 15: +0,1694095200
9.364,3,Sep 07 2023 16: +0,1694098800
9.18,4,Sep 07 2023 17: +0,1694102400
9.296,5,Sep 07 2023 18: +0,1694106000
9.29,3,Sep 07 2023 19: +0,1694109600
9.013,5,Sep 07 2023 20: +0,1694113200
8.725,2,Sep 07 2023 21: +0,1694116800
8.832,1,Sep 07 2023 23: +0,1694124000
8.464,2,Sep 08 2023 00: +0,1694127600
9.298,1,Sep 08 2023 01: +0,1694131200
9.363,2,Sep 08 2023 02: +0,1694134800
9.12,2,Sep 08 2023 06: +0,1694149200
9.207,1,Sep 08 2023 07: +0,1694152800
9.327,2,Sep 08 2023 08: +0,1694156400
8.134,1,Sep 08 2023 09: +0,1694160000
9.126,4,Sep 08 2023 10: +0,1694163600
9.266,2,Sep 08 2023 11: +0,1694167200
9.098,2,Sep 08 2023 12: +0,1694170800
9.277,4,Sep 08 2023 13: +0,1694174400
9.29,6,Sep 08 2023 14: +0,1694178000
8.669,2,Sep 08 2023 15: +0,1694181600
9.257,4,Sep 08 2023 16: +0,1694185200
8.959,9,Sep 08 2023 17: +0,1694188800
8.06,8,Sep 08 2023 18: +0,1694192400
9.329,5,Sep 08 2023 19: +0,1694196000
9.207,2,Sep 08 2023 20: +0,1694199600
9.343,3,Sep 08 2023 21: +0,1694203200
9.322,8,Sep 08 2023 22: +0,1694206800
9.333,4,Sep 08 2023 23: +0,1694210400
7.727,2,Sep 09 2023 00: +0,1694214000
8.061,1,Sep 09 2023 01: +0,1694217600
9.342,3,Sep 09 2023 02: +0,1694221200
8.723,2,Sep 09 2023 03: +0,1694224800
8.402,1,Sep 09 2023 05: +0,1694232000
7.79,1,Sep 09 2023 06: +0,1694235600
8.053,2,Sep 09 2023 07: +0,1694239200
9.305,3,Sep 09 2023 08: +0,1694242800
8.988,5,Sep 09 2023 09: +0,1694246400
8.483,4,Sep 09 2023 10: +0,1694250000
8.47,2,Sep 09 2023 11: +0,1694253600
9.338,9,Sep 09 2023 12: +0,1694257200
8.492,4,Sep 09 2023 13: +0,1694260800
9.342,6,Sep 09 2023 14: +0,1694264400
8.994,2,Sep 09 2023 16: +0,1694271600
9.341,3,Sep 09 2023 17: +0,1694275200
9.151,6,Sep 09 2023 18: +0,1694278800
9.189,6,Sep 09 2023 19: +0,1694282400
8.032,3,Sep 09 2023 20: +0,1694286000
9.317,6,Sep 09 2023 21: +0,1694289600
9.405,2,Sep 09 2023 22: +0,1694293200
9.357,6,Sep 09 2023 23: +0,1694296800
8.818,2,Sep 10 2023 00: +0,1694300400
8.865,1,Sep 10 2023 03: +0,1694311200
9.319,2,Sep 10 2023 04: +0,1694314800
8.72,4,Sep 10 2023 05: +0,1694318400
9.567,1,Sep 10 2023 06: +0,1694322000
9.391,3,Sep 10 2023 07: +0,1694325600
9.252,3,Sep 10 2023 09: +0,1694332800
9.144,5,Sep 10 2023 11: +0,1694340000
9.495,5,Sep 10 2023 12: +0,1694343600
8.17,5,Sep 10 2023 13: +0,1694347200
9.567,3,Sep 10 2023 14: +0,1694350800
9.549,1,Sep 10 2023 15: +0,1694354400
9.524,5,Sep 10 2023 16: +0,1694358000
8.901,2,Sep 10 2023 17: +0,1694361600
9.582,3,Sep 10 2023 18: +0,1694365200
9.354,6,Sep 10 2023 19: +0,1694368800
8.692,10,Sep 10 2023 20: +0,1694372400
9.523,5,Sep 10 2023 21: +0,1694376000
9.665,1,Sep 10 2023 22: +0,1694379600
9.356,2,Sep 10 2023 23: +0,1694383200
9.965,2,Sep 11 2023 00: +0,1694386800
8.054,1,Sep 11 2023 01: +0,1694390400
8.477,2,Sep 11 2023 02: +0,1694394000
9.688,1,Sep 11 2023 03: +0,1694397600
9.692,1,Sep 11 2023 04: +0,1694401200
7.792,2,Sep 11 2023 05: +0,1694404800
8.176,1,Sep 11 2023 07: +0,1694412000
8.662,2,Sep 11 2023 08: +0,1694415600
8.933,1,Sep 11 2023 09: +0,1694419200
8.747,3,Sep 11 2023 10: +0,1694422800
8.12,6,Sep 11 2023 11: +0,1694426400
9.086,5,Sep 11 2023 12: +0,1694430000
9.68,3,Sep 11 2023 13: +0,1694433600
9.635,6,Sep 11 2023 14: +0,1694437200
9.307,2,Sep 11 2023 15: +0,1694440800
9.689,2,Sep 11 2023 16: +0,1694444400
8.839,4,Sep 11 2023 17: +0,1694448000
8.728,2,Sep 11 2023 18: +0,1694451600
9.123,8,Sep 11 2023 19: +0,1694455200
9.176,6,Sep 11 2023 20: +0,1694458800
8.834,2,Sep 11 2023 21: +0,1694462400
9.499,4,Sep 11 2023 22: +0,1694466000
9.331,4,Sep 11 2023 23: +0,1694469600
9.507,3,Sep 12 2023 00: +0,1694473200
8.974,1,Sep 12 2023 02: +0,1694480400
8.977,2,Sep 12 2023 03: +0,1694484000
8.246,1,Sep 12 2023 05: +0,1694491200
8.555,2,Sep 12 2023 07: +0,1694498400
8.962,2,Sep 12 2023 08: +0,1694502000
9.349,2,Sep 12 2023 09: +0,1694505600
8.238,3,Sep 12 2023 10: +0,1694509200
9.476,2,Sep 12 2023 11: +0,1694512800
9.397,2,Sep 12 2023 12: +0,1694516400
8.361,3,Sep 12 2023 13: +0,1694520000
9.529,2,Sep 12 2023 14: +0,1694523600
9.156,4,Sep 12 2023 15: +0,1694527200
8.928,2,Sep 12 2023 16: +0,1694530800
9.605,3,Sep 12 2023 17: +0,1694534400
9.615,5,Sep 12 2023 18: +0,1694538000
9.15,2,Sep 12 2023 19: +0,1694541600
9.493,3,Sep 12 2023 20: +0,1694545200
8.984,2,Sep 12 2023 21: +0,1694548800
9.524,2,Sep 12 2023 22: +0,1694552400
9.563,3,Sep 13 2023 00: +0,1694559600
9.431,2,Sep 13 2023 01: +0,1694563200
8.281,1,Sep 13 2023 02: +0,1694566800
9.095,1,Sep 13 2023 04: +0,1694574000
9.094,1,Sep 13 2023 06: +0,1694581200
8.927,1,Sep 13 2023 07: +0,1694584800
7.752,2,Sep 13 2023 08: +0,1694588400
8.923,2,Sep 13 2023 09: +0,1694592000
8.947,2,Sep 13 2023 10: +0,1694595600
8.991,4,Sep 13 2023 11: +0,1694599200
9.186,3,Sep 13 2023 12: +0,1694602800
9.25,1,Sep 13 2023 13: +0,1694606400
9.252,6,Sep 13 2023 14: +0,1694610000
8.57,2,Sep 13 2023 15: +0,1694613600
9.328,4,Sep 13 2023 16: +0,1694617200
8.577,3,Sep 13 2023 17: +0,1694620800
8.408,4,Sep 13 2023 18: +0,1694624400
8.367,5,Sep 13 2023 19: +0,1694628000
8.993,4,Sep 13 2023 20: +0,1694631600
8.608,2,Sep 13 2023 21: +0,1694635200
8.559,6,Sep 13 2023 22: +0,1694638800
8.981,4,Sep 13 2023 23: +0,1694642400
8.104,3,Sep 14 2023 00: +0,1694646000
9.634,1,Sep 14 2023 01: +0,1694649600
9.388,1,Sep 14 2023 04: +0,1694660400
9.516,1,Sep 14 2023 05: +0,1694664000
8.233,1,Sep 14 2023 06: +0,1694667600
9.25,1,Sep 14 2023 07: +0,1694671200
9.512,1,Sep 14 2023 08: +0,1694674800
9.579,3,Sep 14 2023 09: +0,1694678400
8.326,3,Sep 14 2023 10: +0,1694682000
9.886,1,Sep 14 2023 11: +0,1694685600
8.417,2,Sep 14 2023 12: +0,1694689200
9.389,3,Sep 14 2023 13: +0,1694692800
9.245,4,Sep 14 2023 15: +0,1694700000
8.398,6,Sep 14 2023 16: +0,1694703600
9.25,3,Sep 14 2023 17: +0,1694707200
9.329,5,Sep 14 2023 18: +0,1694710800
8.402,4,Sep 14 2023 19: +0,1694714400
9.129,2,Sep 14 2023 20: +0,1694718000
8.711,5,Sep 14 2023 21: +0,1694721600
9.033,3,Sep 14 2023 22: +0,1694725200
8.49,2,Sep 14 2023 23: +0,1694728800
9.32,3,Sep 15 2023 00: +0,1694732400
9.025,2,Sep 15 2023 01: +0,1694736000
9.501,2,Sep 15 2023 05: +0,1694750400
8.764,2,Sep 15 2023 08: +0,1694761200
9.064,2,Sep 15 2023 09: +0,1694764800
8.844,3,Sep 15 2023 10: +0,1694768400
9.518,1,Sep 15 2023 11: +0,1694772000
8.8,2,Sep 15 2023 12: +0,1694775600
9.048,2,Sep 15 2023 13: +0,1694779200
9.068,9,Sep 15 2023 14: +0,1694782800
9.179,8,Sep 15 2023 15: +0,1694786400
9.373,2,Sep 15 2023 16: +0,1694790000
9.132,5,Sep 15 2023 17: +0,1694793600
9.843,2,Sep 15 2023 18: +0,1694797200
9.538,3,Sep 15 2023 19: +0,1694800800
9.929,7,Sep 15 2023 20: +0,1694804400
8.944,5,Sep 15 2023 21: +0,1694808000
9.147,3,Sep 15 2023 22: +0,1694811600
9.934,1,Sep 15 2023 23: +0,1694815200
8.798,1,Sep 16 2023 00: +0,1694818800
8.909,2,Sep 16 2023 02: +0,1694826000
8.806,1,Sep 16 2023 03: +0,1694829600
8.871,1,Sep 16 2023 04: +0,1694833200
8.876,2,Sep 16 2023 06: +0,1694840400
9.563,3,Sep 16 2023 07: +0,1694844000
9.925,1,Sep 16 2023 08: +0,1694847600
9.93,2,Sep 16 2023 09: +0,1694851200
8.887,4,Sep 16 2023 10: +0,1694854800
9.672,5,Sep 16 2023 11: +0,1694858400
9.041,4,Sep 16 2023 12: +0,1694862000
9.654,2,Sep 16 2023 13: +0,1694865600
8.992,3,Sep 16 2023 14: +0,1694869200
9.429,4,Sep 16 2023 15: +0,1694872800
9.006,5,Sep 16 2023 16: +0,1694876400
8.944,2,Sep 16 2023 17: +0,1694880000
9.09,5,Sep 16 2023 18: +0,1694883600
9.627,4,Sep 16 2023 19: +0,1694887200
9.991,3,Sep 16 2023 20: +0,1694890800
8.916,3,Sep 16 2023 21: +0,1694894400
9.28,3,Sep 16 2023 22: +0,1694898000
8.924,6,Sep 16 2023 23: +0,1694901600
9.961,3,Sep 17 2023 00: +0,1694905200
9.915,1,Sep 17 2023 01: +0,1694908800
9.909,1,Sep 17 2023 02: +0,1694912400
8.968,1,Sep 17 2023 04: +0,1694919600
8.96,3,Sep 17 2023 05: +0,1694923200
10.115,2,Sep 17 2023 06: +0,1694926800
8.604,1,Sep 17 2023 07: +0,1694930400
9.822,6,Sep 17 2023 09: +0,1694937600
9.028,4,Sep 17 2023 10: +0,1694941200
9.012,6,Sep 17 2023 11: +0,1694944800
8.968,5,Sep 17 2023 12: +0,1694948400
9.643,2,Sep 17 2023 13: +0,1694952000
9.804,1,Sep 17 2023 14: +0,1694955600
9.503,5,Sep 17 2023 15: +0,1694959200
9.653,1,Sep 17 2023 16: +0,1694962800
9.484,4,Sep 17 2023 17: +0,1694966400
9.37,4,Sep 17 2023 18: +0,1694970000
9.798,3,Sep 17 2023 19: +0,1694973600
9.359,4,Sep 17 2023 20: +0,1694977200
9.588,2,Sep 17 2023 21: +0,1694980800
9.981,4,Sep 17 2023 22: +0,1694984400
10.313,1,Sep 17 2023 23: +0,1694988000
9.977,1,Sep 18 2023 03: +0,1695002400
9.105,1,Sep 18 2023 04: +0,1695006000
9.416,2,Sep 18 2023 07: +0,1695016800
9.916,3,Sep 18 2023 10: +0,1695027600
9.13,5,Sep 18 2023 13: +0,1695038400
9.809,3,Sep 18 2023 14: +0,1695042000
9.13,3,Sep 18 2023 15: +0,1695045600
10.16,2,Sep 18 2023 16: +0,1695049200
9.711,2,Sep 18 2023 17: +0,1695052800
10.021,2,Sep 18 2023 18: +0,1695056400
9.562,2,Sep 18 2023 20: +0,1695063600
9.101,8,Sep 18 2023 21: +0,1695067200
9.23,2,Sep 18 2023 22: +0,1695070800
10.121,1,Sep 18 2023 23: +0,1695074400
9.789,2,Sep 19 2023 03: +0,1695088800
9.282,1,Sep 19 2023 05: +0,1695096000
9.203,2,Sep 19 2023 07: +0,1695103200
9.864,2,Sep 19 2023 09: +0,1695110400
9.57,6,Sep 19 2023 10: +0,1695114000
8.638,1,Sep 19 2023 11: +0,1695117600
9.74,3,Sep 19 2023 12: +0,1695121200
10.37,2,Sep 19 2023 13: +0,1695124800
10.472,2,Sep 19 2023 14: +0,1695128400
9.432,4,Sep 19 2023 15: +0,1695132000
9.261,5,Sep 19 2023 16: +0,1695135600
9.285,1,Sep 19 2023 17: +0,1695139200
10.138,2,Sep 19 2023 18: +0,1695142800
9.646,3,Sep 19 2023 19: +0,1695146400
10.091,3,Sep 19 2023 20: +0,1695150000
9.424,5,Sep 19 2023 21: +0,1695153600
8.987,2,Sep 19 2023 22: +0,1695157200
8.844,2,Sep 20 2023 02: +0,1695171600
9.03,1,Sep 20 2023 03: +0,1695175200
8.859,1,Sep 20 2023 04: +0,1695178800
9.104,1,Sep 20 2023 06: +0,1695186000
9.558,2,Sep 20 2023 07: +0,1695189600
8.482,1,Sep 20 2023 08: +0,1695193200
8.762,1,Sep 20 2023 11: +0,1695204000
8.9,5,Sep 20 2023 13: +0,1695211200
9.009,1,Sep 20 2023 14: +0,1695214800
9.49,1,Sep 20 2023 15: +0,1695218400
8.892,1,Sep 20 2023 16: +0,1695222000
9.648,3,Sep 20 2023 17: +0,1695225600
9.036,4,Sep 20 2023 18: +0,1695229200
9.504,3,Sep 20 2023 19: +0,1695232800
9.076,2,Sep 20 2023 20: +0,1695236400
9.556,3,Sep 20 2023 21: +0,1695240000
9.647,4,Sep 20 2023 22: +0,1695243600
8.997,4,Sep 20 2023 23: +0,1695247200
9.336,2,Sep 21 2023 00: +0,1695250800
9.432,1,Sep 21 2023 02: +0,1695258000
9.415,2,Sep 21 2023 04: +0,1695265200
9.115,2,Sep 21 2023 07: +0,1695276000
9.654,1,Sep 21 2023 08: +0,1695279600
9.053,1,Sep 21 2023 10: +0,1695286800
9.217,6,Sep 21 2023 11: +0,1695290400
9.206,1,Sep 21 2023 12: +0,1695294000
9.245,2,Sep 21 2023 14: +0,1695301200
9.624,3,Sep 21 2023 16: +0,1695308400
9.206,1,Sep 21 2023 17: +0,1695312000
8.704,1,Sep 21 2023 18: +0,1695315600
9.164,4,Sep 21 2023 19: +0,1695319200
9.629,1,Sep 21 2023 20: +0,1695322800
9.259,2,Sep 21 2023 21: +0,1695326400
9.744,3,Sep 21 2023 22: +0,1695330000
8.916,1,Sep 21 2023 23: +0,1695333600
10.102,2,Sep 22 2023 03: +0,1695348000
10.018,1,Sep 22 2023 06: +0,1695358800
9.015,2,Sep 22 2023 08: +0,1695366000
9.029,1,Sep 22 2023 09: +0,1695369600
9.842,3,Sep 22 2023 11: +0,1695376800
9.05,2,Sep 22 2023 12: +0,1695380400
10.015,3,Sep 22 2023 13: +0,1695384000
9.501,6,Sep 22 2023 14: +0,1695387600
9.292,4,Sep 22 2023 15: +0,1695391200
10.342,4,Sep 22 2023 16: +0,1695394800
9.744,5,Sep 22 2023 17: +0,1695398400
9.998,3,Sep 22 2023 18: +0,1695402000
10.018,6,Sep 22 2023 19: +0,1695405600
10.221,4,Sep 22 2023 20: +0,1695409200
10.396,1,Sep 22 2023 21: +0,1695412800
10.029,1,Sep 22 2023 23: +0,1695420000
9.588,1,Sep 23 2023 00: +0,1695423600
10.253,1,Sep 23 2023 01: +0,1695427200
10.169,1,Sep 23 2023 02: +0,1695430800
9.699,1,Sep 23 2023 06: +0,1695445200
10.147,1,Sep 23 2023 07: +0,1695448800
9.129,2,Sep 23 2023 08: +0,1695452400
9.678,2,Sep 23 2023 09: +0,1695456000
9.529,3,Sep 23 2023 10: +0,1695459600
9.606,4,Sep 23 2023 11: +0,1695463200
9.166,1,Sep 23 2023 12: +0,1695466800
9.876,4,Sep 23 2023 13: +0,1695470400
9.325,4,Sep 23 2023 14: +0,1695474000
9.603,2,Sep 23 2023 15: +0,1695477600
9.342,4,Sep 23 2023 17: +0,1695484800
9.968,3,Sep 23 2023 18: +0,1695488400
9.528,7,Sep 23 2023 19: +0,1695492000
9.684,3,Sep 23 2023 20: +0,1695495600
9.646,2,Sep 23 2023 21: +0,1695499200
9.943,3,Sep 23 2023 22: +0,1695502800
9.028,1,Sep 24 2023 00: +0,1695510000
10.066,1,Sep 24 2023 04: +0,1695524400
9.277,1,Sep 24 2023 06: +0,1695531600
9.968,3,Sep 24 2023 08: +0,1695538800
9.759,2,Sep 24 2023 11: +0,1695549600
9.935,2,Sep 24 2023 12: +0,1695553200
9.478,1,Sep 24 2023 13: +0,1695556800
9.097,5,Sep 24 2023 14: +0,1695560400
9.906,4,Sep 24 2023 15: +0,1695564000
9.735,6,Sep 24 2023 16: +0,1695567600
9.829,1,Sep 24 2023 18: +0,1695574800
9.277,3,Sep 24 2023 19: +0,1695578400
9.356,4,Sep 24 2023 20: +0,1695582000
8.816,5,Sep 24 2023 21: +0,1695585600
8.236,1,Sep 24 2023 22: +0,1695589200
8.711,1,Sep 24 2023 23: +0,1695592800
8.895,1,Sep 25 2023 00: +0,1695596400
8.922,1,Sep 25 2023 03: +0,1695607200
8.91,2,Sep 25 2023 04: +0,1695610800
9.431,2,Sep 25 2023 05: +0,1695614400
9.486,2,Sep 25 2023 07: +0,1695621600
9.69,1,Sep 25 2023 09: +0,1695628800
8.859,1,Sep 25 2023 10: +0,1695632400
9.237,2,Sep 25 2023 11: +0,1695636000
8.859,3,Sep 25 2023 13: +0,1695643200
9.673,1,Sep 25 2023 14: +0,1695646800
9.471,6,Sep 25 2023 15: +0,1695650400
9.679,4,Sep 25 2023 16: +0,1695654000
9.602,3,Sep 25 2023 17: +0,1695657600
9.951,5,Sep 25 2023 18: +0,1695661200
9.691,4,Sep 25 2023 20: +0,1695668400
10.0,2,Sep 25 2023 21: +0,1695672000
8.9,1,Sep 25 2023 22: +0,1695675600
9.749,2,Sep 26 2023 02: +0,1695690000
10.05,1,Sep 26 2023 04: +0,1695697200
9.15,2,Sep 26 2023 05: +0,1695700800
9.263,2,Sep 26 2023 06: +0,1695704400
10.023,1,Sep 26 2023 07: +0,1695708000
10.075,2,Sep 26 2023 08: +0,1695711600
8.87,1,Sep 26 2023 10: +0,1695718800
9.24,3,Sep 26 2023 11: +0,1695722400
9.789,2,Sep 26 2023 12: +0,1695726000
9.795,4,Sep 26 2023 13: +0,1695729600
9.271,2,Sep 26 2023 15: +0,1695736800
9.433,3,Sep 26 2023 16: +0,1695740400
9.965,1,Sep 26 2023 17: +0,1695744000
9.688,2,Sep 26 2023 18: +0,1695747600
10.083,2,Sep 26 2023 19: +0,1695751200
8.732,2,Sep 26 2023 20: +0,1695754800
9.829,2,Sep 26 2023 21: +0,1695758400
10.004,2,Sep 27 2023 00: +0,1695769200
8.88,1,Sep 27 2023 04: +0,1695783600
9.627,2,Sep 27 2023 05: +0,1695787200
9.751,1,Sep 27 2023 06: +0,1695790800
9.401,5,Sep 27 2023 08: +0,1695798000
9.965,3,Sep 27 2023 10: +0,1695805200
9.119,2,Sep 27 2023 11: +0,1695808800
9.926,1,Sep 27 2023 12: +0,1695812400
9.922,5,Sep 27 2023 13: +0,1695816000
9.686,1,Sep 27 2023 15: +0,1695823200
8.482,3,Sep 27 2023 16: +0,1695826800
9.275,4,Sep 27 2023 17: +0,1695830400
9.671,5,Sep 27 2023 18: +0,1695834000
9.454,8,Sep 27 2023 19: +0,1695837600
9.573,2,Sep 27 2023 20: +0,1695841200
9.295,4,Sep 27 2023 21: +0,1695844800
8.616,4,Sep 27 2023 22: +0,1695848400
8.725,7,Sep 27 2023 23: +0,1695852000
9.34,2,Sep 28 2023 00: +0,1695855600
8.99,1,Sep 28 2023 01: +0,1695859200
9.51,2,Sep 28 2023 02: +0,1695862800
8.471,1,Sep 28 2023 03: +0,1695866400
9.435,2,Sep 28 2023 04: +0,1695870000
9.732,2,Sep 28 2023 05: +0,1695873600
9.629,5,Sep 28 2023 06: +0,1695877200
9.894,1,Sep 28 2023 07: +0,1695880800
9.911,3,Sep 28 2023 08: +0,1695884400
9.917,3,Sep 28 2023 09: +0,1695888000
9.738,4,Sep 28 2023 10: +0,1695891600
9.341,4,Sep 28 2023 11: +0,1695895200
10.034,2,Sep 28 2023 12: +0,1695898800
10.078,3,Sep 28 2023 13: +0,1695902400
8.964,1,Sep 28 2023 15: +0,1695909600
9.057,2,Sep 28 2023 16: +0,1695913200
9.404,5,Sep 28 2023 17: +0,1695916800
9.657,5,Sep 28 2023 18: +0,1695920400
10.051,8,Sep 28 2023 19: +0,1695924000
9.34,4,Sep 28 2023 20: +0,1695927600
9.45,4,Sep 28 2023 21: +0,1695931200
8.874,4,Sep 28 2023 22: +0,1695934800
9.289,3,Sep 28 2023 23: +0,1695938400
9.716,2,Sep 29 2023 00: +0,1695942000
8.798,1,Sep 29 2023 01: +0,1695945600
9.891,2,Sep 29 2023 02: +0,1695949200
10.132,1,Sep 29 2023 03: +0,1695952800
10.132,1,Sep 29 2023 04: +0,1695956400
8.635,1,Sep 29 2023 05: +0,1695960000
8.414,1,Sep 29 2023 07: +0,1695967200
9.383,2,Sep 29 2023 08: +0,1695970800
9.01,4,Sep 29 2023 09: +0,1695974400
9.153,2,Sep 29 2023 10: +0,1695978000
9.838,3,Sep 29 2023 11: +0,1695981600
9.062,3,Sep 29 2023 12: +0,1695985200
9.547,2,Sep 29 2023 13: +0,1695988800
8.872,5,Sep 29 2023 14: +0,1695992400
9.991,2,Sep 29 2023 15: +0,1695996000
10.102,6,Sep 29 2023 16: +0,1695999600
10.155,9,Sep 29 2023 17: +0,1696003200
9.55,6,Sep 29 2023 18: +0,1696006800
9.508,9,Sep 29 2023 19: +0,1696010400
9.851,6,Sep 29 2023 20: +0,1696014000
10.286,4,Sep 29 2023 21: +0,1696017600
10.568,2,Sep 29 2023 22: +0,1696021200
9.96,5,Sep 29 2023 23: +0,1696024800
9.89,1,Sep 30 2023 00: +0,1696028400
9.934,1,Sep 30 2023 01: +0,1696032000
8.962,3,Sep 30 2023 03: +0,1696039200
9.702,2,Sep 30 2023 05: +0,1696046400
9.879,1,Sep 30 2023 06: +0,1696050000
9.614,2,Sep 30 2023 07: +0,1696053600
9.866,1,Sep 30 2023 08: +0,1696057200
9.887,3,Sep 30 2023 09: +0,1696060800
9.675,4,Sep 30 2023 10: +0,1696064400
9.106,2,Sep 30 2023 11: +0,1696068000
9.539,3,Sep 30 2023 12: +0,1696071600
9.856,1,Sep 30 2023 13: +0,1696075200
9.754,2,Sep 30 2023 14: +0,1696078800
9.352,5,Sep 30 2023 15: +0,1696082400
9.06,4,Sep 30 2023 16: +0,1696086000
9.224,4,Sep 30 2023 17: +0,1696089600
9.587,8,Sep 30 2023 18: +0,1696093200
9.783,5,Sep 30 2023 19: +0,1696096800
9.568,6,Sep 30 2023 20: +0,1696100400
9.377,4,Sep 30 2023 21: +0,1696104000
10.001,1,Sep 30 2023 22: +0,1696107600
9.163,3,Sep 30 2023 23: +0,1696111200
10.272,2,Oct 01 2023 00: +0,1696114800
9.6,1,Oct 01 2023 01: +0,1696118400
9.277,2,Oct 01 2023 02: +0,1696122000
9.611,4,Oct 01 2023 03: +0,1696125600
9.844,1,Oct 01 2023 04: +0,1696129200
10.009,1,Oct 01 2023 05: +0,1696132800
10.01,1,Oct 01 2023 06: +0,1696136400
10.116,5,Oct 01 2023 07: +0,1696140000
10.269,3,Oct 01 2023 08: +0,1696143600
10.299,2,Oct 01 2023 09: +0,1696147200
10.188,4,Oct 01 2023 10: +0,1696150800
9.192,2,Oct 01 2023 11: +0,1696154400
9.351,2,Oct 01 2023 12: +0,1696158000
8.682,2,Oct 01 2023 13: +0,1696161600
9.288,2,Oct 01 2023 14: +0,1696165200
9.274,6,Oct 01 2023 15: +0,1696168800
9.71,2,Oct 01 2023 16: +0,1696172400
9.965,2,Oct 01 2023 17: +0,1696176000
9.462,5,Oct 01 2023 18: +0,1696179600
9.434,4,Oct 01 2023 19: +0,1696183200
8.843,2,Oct 01 2023 20: +0,1696186800
10.001,3,Oct 01 2023 21: +0,1696190400
10.157,6,Oct 01 2023 22: +0,1696194000
10.1,5,Oct 01 2023 23: +0,1696197600
10.353,3,Oct 02 2023 00: +0,1696201200
10.394,2,Oct 02 2023 01: +0,1696204800
9.726,2,Oct 02 2023 03: +0,1696212000
10.322,3,Oct 02 2023 04: +0,1696215600
10.342,2,Oct 02 2023 06: +0,1696222800
10.437,3,Oct 02 2023 07: +0,1696226400
8.854,1,Oct 02 2023 08: +0,1696230000
9.57,1,Oct 02 2023 09: +0,1696233600
9.965,3,Oct 02 2023 10: +0,1696237200
10.353,3,Oct 02 2023 11: +0,1696240800
10.429,2,Oct 02 2023 12: +0,1696244400
10.279,3,Oct 02 2023 13: +0,1696248000
9.44,5,Oct 02 2023 14: +0,1696251600
9.351,3,Oct 02 2023 15: +0,1696255200
9.5,6,Oct 02 2023 16: +0,1696258800
10.284,6,Oct 02 2023 17: +0,1696262400
10.41,2,Oct 02 2023 18: +0,1696266000
9.927,2,Oct 02 2023 19: +0,1696269600
10.561,7,Oct 02 2023 20: +0,1696273200
10.177,2,Oct 02 2023 21: +0,1696276800
10.961,1,Oct 02 2023 22: +0,1696280400
10.249,1,Oct 02 2023 23: +0,1696284000
11.367,5,Oct 03 2023 00: +0,1696287600
11.614,2,Oct 03 2023 01: +0,1696291200
9.604,3,Oct 03 2023 03: +0,1696298400
10.658,1,Oct 03 2023 06: +0,1696309200
10.67,1,Oct 03 2023 07: +0,1696312800
10.045,4,Oct 03 2023 08: +0,1696316400
10.666,2,Oct 03 2023 09: +0,1696320000
9.151,3,Oct 03 2023 11: +0,1696327200
10.86,6,Oct 03 2023 12: +0,1696330800
9.887,2,Oct 03 2023 13: +0,1696334400
9.097,2,Oct 03 2023 14: +0,1696338000
9.457,4,Oct 03 2023 15: +0,1696341600
9.889,3,Oct 03 2023 16: +0,1696345200
9.448,7,Oct 03 2023 17: +0,1696348800
10.05,5,Oct 03 2023 18: +0,1696352400
10.693,2,Oct 03 2023 19: +0,1696356000
9.358,1,Oct 03 2023 20: +0,1696359600
9.215,2,Oct 03 2023 21: +0,1696363200
9.472,4,Oct 03 2023 22: +0,1696366800
9.473,5,Oct 03 2023 23: +0,1696370400
10.175,3,Oct 04 2023 00: +0,1696374000
10.263,3,Oct 04 2023 03: +0,1696384800
10.499,2,Oct 04 2023 04: +0,1696388400
9.236,1,Oct 04 2023 06: +0,1696395600
10.552,2,Oct 04 2023 07: +0,1696399200
10.826,2,Oct 04 2023 08: +0,1696402800
10.627,5,Oct 04 2023 09: +0,1696406400
10.705,4,Oct 04 2023 10: +0,1696410000
9.938,2,Oct 04 2023 11: +0,1696413600
9.505,1,Oct 04 2023 12: +0,1696417200
9.911,5,Oct 04 2023 14: +0,1696424400
9.697,4,Oct 04 2023 15: +0,1696428000
10.521,2,Oct 04 2023 16: +0,1696431600
10.774,2,Oct 04 2023 17: +0,1696435200
10.242,4,Oct 04 2023 18: +0,1696438800
10.297,5,Oct 04 2023 19: +0,1696442400
9.681,2,Oct 04 2023 20: +0,1696446000
10.543,6,Oct 04 2023 21: +0,1696449600
10.567,2,Oct 04 2023 22: +0,1696453200
10.537,3,Oct 04 2023 23: +0,1696456800
9.368,2,Oct 05 2023 00: +0,1696460400
9.359,3,Oct 05 2023 01: +0,1696464000
10.569,2,Oct 05 2023 02: +0,1696467600
10.529,1,Oct 05 2023 03: +0,1696471200
10.01,2,Oct 05 2023 04: +0,1696474800
10.317,2,Oct 05 2023 05: +0,1696478400
9.233,1,Oct 05 2023 07: +0,1696485600
9.341,3,Oct 05 2023 09: +0,1696492800
9.908,2,Oct 05 2023 10: +0,1696496400
8.957,1,Oct 05 2023 11: +0,1696500000
9.517,3,Oct 05 2023 12: +0,1696503600
9.7,7,Oct 05 2023 13: +0,1696507200
10.33,5,Oct 05 2023 14: +0,1696510800
9.502,2,Oct 05 2023 15: +0,1696514400
10.365,6,Oct 05 2023 16: +0,1696518000
9.994,4,Oct 05 2023 17: +0,1696521600
10.243,4,Oct 05 2023 18: +0,1696525200
10.287,3,Oct 05 2023 19: +0,1696528800
10.45,3,Oct 05 2023 20: +0,1696532400
10.393,1,Oct 05 2023 22: +0,1696539600
10.418,3,Oct 05 2023 23: +0,1696543200
10.588,2,Oct 06 2023 01: +0,1696550400
10.502,1,Oct 06 2023 02: +0,1696554000
10.197,3,Oct 06 2023 04: +0,1696561200
10.032,2,Oct 06 2023 05: +0,1696564800
9.295,4,Oct 06 2023 06: +0,1696568400
9.777,1,Oct 06 2023 07: +0,1696572000
9.567,4,Oct 06 2023 09: +0,1696579200
9.997,2,Oct 06 2023 10: +0,1696582800
9.374,1,Oct 06 2023 11: +0,1696586400
9.382,5,Oct 06 2023 12: +0,1696590000
10.243,4,Oct 06 2023 13: +0,1696593600
9.775,3,Oct 06 2023 14: +0,1696597200
10.492,2,Oct 06 2023 15: +0,1696600800
9.683,4,Oct 06 2023 16: +0,1696604400
10.749,5,Oct 06 2023 17: +0,1696608000
10.294,9,Oct 06 2023 18: +0,1696611600
9.926,2,Oct 06 2023 19: +0,1696615200
10.416,8,Oct 06 2023 20: +0,1696618800
10.496,6,Oct 06 2023 21: +0,1696622400
10.661,8,Oct 06 2023 22: +0,1696626000
10.228,2,Oct 07 2023 00: +0,1696633200
10.66,3,Oct 07 2023 01: +0,1696636800
10.799,1,Oct 07 2023 02: +0,1696640400
10.84,1,Oct 07 2023 03: +0,1696644000
10.844,1,Oct 07 2023 06: +0,1696654800
10.813,2,Oct 07 2023 08: +0,1696662000
10.833,3,Oct 07 2023 09: +0,1696665600
10.836,3,Oct 07 2023 10: +0,1696669200
10.798,4,Oct 07 2023 11: +0,1696672800
10.35,5,Oct 07 2023 12: +0,1696676400
10.036,3,Oct 07 2023 13: +0,1696680000
10.383,8,Oct 07 2023 14: +0,1696683600
10.513,1,Oct 07 2023 15: +0,1696687200
10.341,3,Oct 07 2023 16: +0,1696690800
10.298,3,Oct 07 2023 17: +0,1696694400
10.298,9,Oct 07 2023 18: +0,1696698000
10.02,4,Oct 07 2023 19: +0,1696701600
10.523,6,Oct 07 2023 20: +0,1696705200
10.765,7,Oct 07 2023 21: +0,1696708800
10.783,3,Oct 07 2023 22: +0,1696712400
10.851,1,Oct 07 2023 23: +0,1696716000
9.921,4,Oct 08 2023 00: +0,1696719600
10.777,5,Oct 08 2023 01: +0,1696723200
10.831,3,Oct 08 2023 02: +0,1696726800
10.988,3,Oct 08 2023 03: +0,1696730400
11.326,1,Oct 08 2023 05: +0,1696737600
9.803,1,Oct 08 2023 07: +0,1696744800
10.669,2,Oct 08 2023 08: +0,1696748400
10.919,4,Oct 08 2023 09: +0,1696752000
10.303,2,Oct 08 2023 10: +0,1696755600
10.572,1,Oct 08 2023 11: +0,1696759200
10.994,5,Oct 08 2023 12: +0,1696762800
10.866,2,Oct 08 2023 13: +0,1696766400
10.449,4,Oct 08 2023 14: +0,1696770000
11.003,4,Oct 08 2023 15: +0,1696773600
11.169,7,Oct 08 2023 16: +0,1696777200
10.95,2,Oct 08 2023 18: +0,1696784400
10.357,6,Oct 08 2023 19: +0,1696788000
10.443,5,Oct 08 2023 20: +0,1696791600
9.705,1,Oct 08 2023 21: +0,1696795200
10.681,4,Oct 08 2023 22: +0,1696798800
10.193,2,Oct 08 2023 23: +0,1696802400
10.244,1,Oct 09 2023 02: +0,1696813200
9.709,2,Oct 09 2023 03: +0,1696816800
9.103,2,Oct 09 2023 05: +0,1696824000
10.132,2,Oct 09 2023 06: +0,1696827600
10.033,2,Oct 09 2023 07: +0,1696831200
10.072,2,Oct 09 2023 08: +0,1696834800
10.84,3,Oct 09 2023 09: +0,1696838400
10.278,1,Oct 09 2023 10: +0,1696842000
10.288,1,Oct 09 2023 11: +0,1696845600
9.864,1,Oct 09 2023 12: +0,1696849200
10.328,2,Oct 09 2023 13: +0,1696852800
9.924,1,Oct 09 2023 14: +0,1696856400
9.307,5,Oct 09 2023 15: +0,1696860000
10.359,5,Oct 09 2023 16: +0,1696863600
10.869,3,Oct 09 2023 17: +0,1696867200
10.887,4,Oct 09 2023 18: +0,1696870800
10.587,2,Oct 09 2023 19: +0,1696874400
10.854,4,Oct 09 2023 20: +0,1696878000
10.312,2,Oct 09 2023 21: +0,1696881600
10.586,4,Oct 09 2023 22: +0,1696885200
8.99,1,Oct 09 2023 23: +0,1696888800
10.461,2,Oct 10 2023 00: +0,1696892400
10.426,2,Oct 10 2023 01: +0,1696896000
10.5,1,Oct 10 2023 03: +0,1696903200
10.688,1,Oct 10 2023 04: +0,1696906800
10.906,2,Oct 10 2023 05: +0,1696910400
10.824,2,Oct 10 2023 07: +0,1696917600
10.764,1,Oct 10 2023 08: +0,1696921200
9.448,1,Oct 10 2023 09: +0,1696924800
11.005,3,Oct 10 2023 10: +0,1696928400
10.921,1,Oct 10 2023 12: +0,1696935600
11.33,3,Oct 10 2023 13: +0,1696939200
9.772,3,Oct 10 2023 15: +0,1696946400
10.407,6,Oct 10 2023 17: +0,1696953600
10.683,2,Oct 10 2023 18: +0,1696957200
9.854,4,Oct 10 2023 19: +0,1696960800
9.956,2,Oct 10 2023 20: +0,1696964400
10.048,1,Oct 10 2023 21: +0,1696968000
10.11,1,Oct 10 2023 22: +0,1696971600
10.084,4,Oct 10 2023 23: +0,1696975200
10.384,1,Oct 11 2023 00: +0,1696978800
10.04,2,Oct 11 2023 01: +0,1696982400
10.245,2,Oct 11 2023 02: +0,1696986000
10.378,4,Oct 11 2023 03: +0,1696989600
9.672,1,Oct 11 2023 04: +0,1696993200
10.521,1,Oct 11 2023 05: +0,1696996800
9.208,1,Oct 11 2023 06: +0,1697000400
10.951,1,Oct 11 2023 07: +0,1697004000
11.328,1,Oct 11 2023 08: +0,1697007600
11.045,2,Oct 11 2023 09: +0,1697011200
9.77,3,Oct 11 2023 10: +0,1697014800
10.057,3,Oct 11 2023 11: +0,1697018400
10.411,2,Oct 11 2023 12: +0,1697022000
10.856,2,Oct 11 2023 13: +0,1697025600
10.397,6,Oct 11 2023 14: +0,1697029200
10.056,3,Oct 11 2023 15: +0,1697032800
10.352,5,Oct 11 2023 16: +0,1697036400
10.328,8,Oct 11 2023 17: +0,1697040000
10.828,7,Oct 11 2023 18: +0,1697043600
10.961,6,Oct 11 2023 19: +0,1697047200
11.009,2,Oct 11 2023 20: +0,1697050800
11.234,1,Oct 11 2023 21: +0,1697054400
11.001,2,Oct 11 2023 22: +0,1697058000
10.469,4,Oct 11 2023 23: +0,1697061600
10.68,1,Oct 12 2023 00: +0,1697065200
10.694,3,Oct 12 2023 01: +0,1697068800
11.231,1,Oct 12 2023 03: +0,1697076000
11.245,1,Oct 12 2023 05: +0,1697083200
10.475,1,Oct 12 2023 07: +0,1697090400
11.219,1,Oct 12 2023 08: +0,1697094000
11.255,4,Oct 12 2023 09: +0,1697097600
11.186,1,Oct 12 2023 10: +0,1697101200
11.238,4,Oct 12 2023 11: +0,1697104800
10.562,1,Oct 12 2023 12: +0,1697108400
11.28,3,Oct 12 2023 13: +0,1697112000
11.289,1,Oct 12 2023 14: +0,1697115600
11.292,4,Oct 12 2023 15: +0,1697119200
10.532,3,Oct 12 2023 16: +0,1697122800
10.376,3,Oct 12 2023 17: +0,1697126400
10.654,3,Oct 12 2023 18: +0,1697130000
11.159,5,Oct 12 2023 20: +0,1697137200
11.346,3,Oct 12 2023 21: +0,1697140800
11.066,4,Oct 12 2023 22: +0,1697144400
11.19,1,Oct 12 2023 23: +0,1697148000
10.528,2,Oct 13 2023 01: +0,1697155200
11.191,3,Oct 13 2023 02: +0,1697158800
11.451,2,Oct 13 2023 03: +0,1697162400
11.803,1,Oct 13 2023 05: +0,1697169600
11.457,1,Oct 13 2023 06: +0,1697173200
11.526,1,Oct 13 2023 07: +0,1697176800
14.689,2,Oct 13 2023 09: +0,1697184000
11.233,3,Oct 13 2023 10: +0,1697187600
11.247,1,Oct 13 2023 11: +0,1697191200
11.252,4,Oct 13 2023 12: +0,1697194800
11.235,2,Oct 13 2023 13: +0,1697198400
11.707,3,Oct 13 2023 14: +0,1697202000
11.709,1,Oct 13 2023 15: +0,1697205600
10.556,2,Oct 13 2023 16: +0,1697209200
11.072,4,Oct 13 2023 17: +0,1697212800
11.753,3,Oct 13 2023 18: +0,1697216400
11.585,3,Oct 13 2023 19: +0,1697220000
11.69,2,Oct 13 2023 20: +0,1697223600
10.772,5,Oct 13 2023 21: +0,1697227200
11.428,3,Oct 13 2023 22: +0,1697230800
10.705,2,Oct 13 2023 23: +0,1697234400
10.459,2,Oct 14 2023 01: +0,1697241600
10.82,1,Oct 14 2023 02: +0,1697245200
9.464,1,Oct 14 2023 03: +0,1697248800
10.795,4,Oct 14 2023 04: +0,1697252400
10.694,2,Oct 14 2023 06: +0,1697259600
11.437,1,Oct 14 2023 08: +0,1697266800
11.659,3,Oct 14 2023 09: +0,1697270400
10.416,2,Oct 14 2023 11: +0,1697277600
10.429,2,Oct 14 2023 12: +0,1697281200
10.468,7,Oct 14 2023 13: +0,1697284800
10.491,5,Oct 14 2023 14: +0,1697288400
10.245,4,Oct 14 2023 15: +0,1697292000
10.434,3,Oct 14 2023 16: +0,1697295600
10.397,6,Oct 14 2023 17: +0,1697299200
10.742,6,Oct 14 2023 18: +0,1697302800
10.376,3,Oct 14 2023 19: +0,1697306400
10.824,3,Oct 14 2023 20: +0,1697310000
10.917,3,Oct 14 2023 21: +0,1697313600
11.379,3,Oct 14 2023 22: +0,1697317200
11.466,2,Oct 14 2023 23: +0,1697320800
11.257,2,Oct 15 2023 01: +0,1697328000
11.711,2,Oct 15 2023 02: +0,1697331600
10.751,1,Oct 15 2023 03: +0,1697335200
9.513,2,Oct 15 2023 04: +0,1697338800
10.475,1,Oct 15 2023 05: +0,1697342400
11.098,2,Oct 15 2023 06: +0,1697346000
11.609,4,Oct 15 2023 07: +0,1697349600
11.758,1,Oct 15 2023 08: +0,1697353200
11.34,1,Oct 15 2023 09: +0,1697356800
11.009,1,Oct 15 2023 10: +0,1697360400
11.165,6,Oct 15 2023 12: +0,1697367600
11.192,4,Oct 15 2023 13: +0,1697371200
11.184,4,Oct 15 2023 14: +0,1697374800
10.853,3,Oct 15 2023 15: +0,1697378400
10.693,2,Oct 15 2023 16: +0,1697382000
10.982,4,Oct 15 2023 17: +0,1697385600
10.82,4,Oct 15 2023 18: +0,1697389200
10.906,3,Oct 15 2023 19: +0,1697392800
10.948,6,Oct 15 2023 20: +0,1697396400
11.511,2,Oct 15 2023 21: +0,1697400000
10.977,2,Oct 15 2023 22: +0,1697403600
10.612,2,Oct 16 2023 00: +0,1697410800
10.844,2,Oct 16 2023 02: +0,1697418000
11.782,1,Oct 16 2023 05: +0,1697428800
11.376,1,Oct 16 2023 06: +0,1697432400
9.883,2,Oct 16 2023 08: +0,1697439600
11.059,1,Oct 16 2023 09: +0,1697443200
9.945,2,Oct 16 2023 10: +0,1697446800
10.573,1,Oct 16 2023 11: +0,1697450400
10.576,3,Oct 16 2023 12: +0,1697454000
10.756,2,Oct 16 2023 13: +0,1697457600
10.978,4,Oct 16 2023 14: +0,1697461200
10.715,2,Oct 16 2023 15: +0,1697464800
11.11,1,Oct 16 2023 16: +0,1697468400
11.243,5,Oct 16 2023 17: +0,1697472000
10.913,2,Oct 16 2023 18: +0,1697475600
11.445,2,Oct 16 2023 19: +0,1697479200
10.662,3,Oct 16 2023 20: +0,1697482800
10.516,3,Oct 16 2023 21: +0,1697486400
10.652,2,Oct 16 2023 22: +0,1697490000
11.75,1,Oct 17 2023 00: +0,1697497200
10.582,2,Oct 17 2023 01: +0,1697500800
10.502,1,Oct 17 2023 02: +0,1697504400
11.072,2,Oct 17 2023 03: +0,1697508000
10.113,1,Oct 17 2023 04: +0,1697511600
11.7,1,Oct 17 2023 05: +0,1697515200
11.178,4,Oct 17 2023 08: +0,1697526000
10.089,4,Oct 17 2023 09: +0,1697529600
11.028,2,Oct 17 2023 10: +0,1697533200
11.041,4,Oct 17 2023 11: +0,1697536800
10.942,2,Oct 17 2023 12: +0,1697540400
10.598,4,Oct 17 2023 13: +0,1697544000
11.108,1,Oct 17 2023 14: +0,1697547600
11.286,2,Oct 17 2023 15: +0,1697551200
11.776,3,Oct 17 2023 16: +0,1697554800
10.52,3,Oct 17 2023 17: +0,1697558400
10.905,2,Oct 17 2023 18: +0,1697562000
10.645,4,Oct 17 2023 19: +0,1697565600
10.536,6,Oct 17 2023 20: +0,1697569200
10.228,2,Oct 17 2023 21: +0,1697572800
10.956,1,Oct 17 2023 22: +0,1697576400
10.652,2,Oct 18 2023 00: +0,1697583600
11.159,2,Oct 18 2023 01: +0,1697587200
10.619,3,Oct 18 2023 03: +0,1697594400
11.487,2,Oct 18 2023 04: +0,1697598000
11.195,1,Oct 18 2023 05: +0,1697601600
10.487,1,Oct 18 2023 06: +0,1697605200
11.792,2,Oct 18 2023 07: +0,1697608800
11.803,1,Oct 18 2023 08: +0,1697612400
11.798,2,Oct 18 2023 09: +0,1697616000
11.776,1,Oct 18 2023 10: +0,1697619600
10.687,2,Oct 18 2023 11: +0,1697623200
11.136,3,Oct 18 2023 12: +0,1697626800
11.505,3,Oct 18 2023 13: +0,1697630400
11.753,1,Oct 18 2023 14: +0,1697634000
9.569,2,Oct 18 2023 15: +0,1697637600
10.841,2,Oct 18 2023 16: +0,1697641200
11.047,4,Oct 18 2023 17: +0,1697644800
10.576,7,Oct 18 2023 18: +0,1697648400
11.659,1,Oct 18 2023 19: +0,1697652000
11.642,1,Oct 18 2023 20: +0,1697655600
11.13,3,Oct 18 2023 21: +0,1697659200
11.195,2,Oct 18 2023 22: +0,1697662800
10.936,5,Oct 18 2023 23: +0,1697666400
10.214,1,Oct 19 2023 00: +0,1697670000
11.681,1,Oct 19 2023 01: +0,1697673600
10.075,1,Oct 19 2023 03: +0,1697680800
11.091,4,Oct 19 2023 05: +0,1697688000
10.605,2,Oct 19 2023 06: +0,1697691600
11.347,1,Oct 19 2023 07: +0,1697695200
11.615,1,Oct 19 2023 08: +0,1697698800
10.997,2,Oct 19 2023 10: +0,1697706000
10.361,2,Oct 19 2023 12: +0,1697713200
9.565,1,Oct 19 2023 13: +0,1697716800
11.324,2,Oct 19 2023 14: +0,1697720400
11.37,3,Oct 19 2023 15: +0,1697724000
11.599,5,Oct 19 2023 16: +0,1697727600
10.133,2,Oct 19 2023 17: +0,1697731200
11.233,4,Oct 19 2023 18: +0,1697734800
10.668,3,Oct 19 2023 19: +0,1697738400
10.936,1,Oct 19 2023 20: +0,1697742000
10.718,2,Oct 19 2023 21: +0,1697745600
10.609,1,Oct 19 2023 22: +0,1697749200
10.182,3,Oct 19 2023 23: +0,1697752800
10.058,2,Oct 20 2023 00: +0,1697756400
10.916,4,Oct 20 2023 01: +0,1697760000
11.36,1,Oct 20 2023 02: +0,1697763600
11.46,1,Oct 20 2023 03: +0,1697767200
11.084,2,Oct 20 2023 06: +0,1697778000
11.492,2,Oct 20 2023 07: +0,1697781600
10.338,2,Oct 20 2023 08: +0,1697785200
10.504,2,Oct 20 2023 10: +0,1697792400
10.999,1,Oct 20 2023 13: +0,1697803200
10.866,3,Oct 20 2023 14: +0,1697806800
10.471,1,Oct 20 2023 15: +0,1697810400
10.009,1,Oct 20 2023 16: +0,1697814000
10.444,5,Oct 20 2023 17: +0,1697817600
10.226,5,Oct 20 2023 18: +0,1697821200
10.993,2,Oct 20 2023 19: +0,1697824800
11.136,3,Oct 20 2023 20: +0,1697828400
11.262,3,Oct 20 2023 21: +0,1697832000
11.493,2,Oct 20 2023 22: +0,1697835600
11.142,4,Oct 20 2023 23: +0,1697839200
11.501,2,Oct 21 2023 00: +0,1697842800
11.51,1,Oct 21 2023 02: +0,1697850000
9.902,1,Oct 21 2023 03: +0,1697853600
10.262,4,Oct 21 2023 05: +0,1697860800
10.624,2,Oct 21 2023 06: +0,1697864400
11.142,1,Oct 21 2023 07: +0,1697868000
11.629,1,Oct 21 2023 09: +0,1697875200
10.148,1,Oct 21 2023 10: +0,1697878800
10.037,1,Oct 21 2023 11: +0,1697882400
10.128,1,Oct 21 2023 12: +0,1697886000
10.148,5,Oct 21 2023 13: +0,1697889600
10.366,4,Oct 21 2023 14: +0,1697893200
10.939,2,Oct 21 2023 15: +0,1697896800
10.735,3,Oct 21 2023 16: +0,1697900400
10.813,2,Oct 21 2023 17: +0,1697904000
11.615,5,Oct 21 2023 18: +0,1697907600
11.571,3,Oct 21 2023 19: +0,1697911200
11.599,3,Oct 21 2023 20: +0,1697914800
10.718,3,Oct 21 2023 21: +0,1697918400
10.674,5,Oct 21 2023 22: +0,1697922000
11.04,1,Oct 21 2023 23: +0,1697925600
11.445,2,Oct 22 2023 00: +0,1697929200
10.434,3,Oct 22 2023 05: +0,1697947200
11.506,2,Oct 22 2023 07: +0,1697954400
11.558,2,Oct 22 2023 08: +0,1697958000
10.628,2,Oct 22 2023 10: +0,1697965200
11.519,1,Oct 22 2023 11: +0,1697968800
11.167,1,Oct 22 2023 12: +0,1697972400
11.161,1,Oct 22 2023 13: +0,1697976000
11.221,3,Oct 22 2023 15: +0,1697983200
11.206,2,Oct 22 2023 16: +0,1697986800
11.102,4,Oct 22 2023 17: +0,1697990400
10.037,1,Oct 22 2023 18: +0,1697994000
11.225,1,Oct 22 2023 19: +0,1697997600
11.004,2,Oct 22 2023 20: +0,1698001200
10.944,2,Oct 22 2023 21: +0,1698004800
11.159,1,Oct 22 2023 22: +0,1698008400
10.687,2,Oct 22 2023 23: +0,1698012000
9.485,1,Oct 23 2023 00: +0,1698015600
9.959,2,Oct 23 2023 01: +0,1698019200
11.038,1,Oct 23 2023 03: +0,1698026400
10.912,1,Oct 23 2023 04: +0,1698030000
10.227,2,Oct 23 2023 05: +0,1698033600
10.481,2,Oct 23 2023 06: +0,1698037200
10.947,1,Oct 23 2023 09: +0,1698048000
10.48,1,Oct 23 2023 10: +0,1698051600
11.167,1,Oct 23 2023 11: +0,1698055200
10.953,3,Oct 23 2023 12: +0,1698058800
11.221,1,Oct 23 2023 13: +0,1698062400
11.133,6,Oct 23 2023 14: +0,1698066000
10.756,4,Oct 23 2023 15: +0,1698069600
10.341,2,Oct 23 2023 16: +0,1698073200
11.033,5,Oct 23 2023 17: +0,1698076800
10.61,4,Oct 23 2023 18: +0,1698080400
10.608,2,Oct 23 2023 19: +0,1698084000
10.614,3,Oct 23 2023 20: +0,1698087600
10.172,1,Oct 23 2023 21: +0,1698091200
9.623,2,Oct 23 2023 22: +0,1698094800
10.926,2,Oct 23 2023 23: +0,1698098400
9.785,1,Oct 24 2023 00: +0,1698102000
9.838,2,Oct 24 2023 02: +0,1698109200
10.029,1,Oct 24 2023 03: +0,1698112800
9.76,1,Oct 24 2023 04: +0,1698116400
10.005,1,Oct 24 2023 06: +0,1698123600
10.133,1,Oct 24 2023 08: +0,1698130800
10.183,2,Oct 24 2023 09: +0,1698134400
10.092,4,Oct 24 2023 10: +0,1698138000
10.443,3,Oct 24 2023 11: +0,1698141600
10.13,2,Oct 24 2023 12: +0,1698145200
9.392,1,Oct 24 2023 13: +0,1698148800
9.745,4,Oct 24 2023 14: +0,1698152400
9.816,2,Oct 24 2023 15: +0,1698156000
10.736,2,Oct 24 2023 16: +0,1698159600
9.799,2,Oct 24 2023 17: +0,1698163200
9.642,3,Oct 24 2023 18: +0,1698166800
8.921,2,Oct 24 2023 19: +0,1698170400
10.15,5,Oct 24 2023 21: +0,1698177600
9.647,1,Oct 24 2023 22: +0,1698181200
10.383,2,Oct 24 2023 23: +0,1698184800
9.971,2,Oct 25 2023 00: +0,1698188400
10.237,2,Oct 25 2023 01: +0,1698192000
9.637,1,Oct 25 2023 02: +0,1698195600
10.434,3,Oct 25 2023 04: +0,1698202800
10.183,2,Oct 25 2023 06: +0,1698210000
10.571,3,Oct 25 2023 07: +0,1698213600
10.324,1,Oct 25 2023 09: +0,1698220800
9.398,2,Oct 25 2023 10: +0,1698224400
10.143,3,Oct 25 2023 11: +0,1698228000
10.319,1,Oct 25 2023 12: +0,1698231600
9.796,2,Oct 25 2023 13: +0,1698235200
9.952,4,Oct 25 2023 14: +0,1698238800
10.028,3,Oct 25 2023 15: +0,1698242400
10.322,2,Oct 25 2023 16: +0,1698246000
10.673,5,Oct 25 2023 17: +0,1698249600
10.016,2,Oct 25 2023 18: +0,1698253200
10.187,4,Oct 25 2023 19: +0,1698256800
10.83,7,Oct 25 2023 20: +0,1698260400
10.899,4,Oct 25 2023 21: +0,1698264000
10.826,3,Oct 25 2023 22: +0,1698267600
9.509,2,Oct 25 2023 23: +0,1698271200
9.741,1,Oct 26 2023 01: +0,1698278400
10.445,1,Oct 26 2023 04: +0,1698289200
10.445,1,Oct 26 2023 05: +0,1698292800
10.64,1,Oct 26 2023 06: +0,1698296400
10.617,2,Oct 26 2023 07: +0,1698300000
9.576,3,Oct 26 2023 08: +0,1698303600
10.62,2,Oct 26 2023 09: +0,1698307200
10.59,1,Oct 26 2023 10: +0,1698310800
10.109,1,Oct 26 2023 11: +0,1698314400
10.121,2,Oct 26 2023 12: +0,1698318000
9.657,6,Oct 26 2023 13: +0,1698321600
9.875,2,Oct 26 2023 15: +0,1698328800
9.702,2,Oct 26 2023 16: +0,1698332400
9.936,4,Oct 26 2023 17: +0,1698336000
9.881,4,Oct 26 2023 18: +0,1698339600
10.275,1,Oct 26 2023 19: +0,1698343200
9.398,3,Oct 26 2023 20: +0,1698346800
10.083,5,Oct 26 2023 21: +0,1698350400
9.84,3,Oct 26 2023 22: +0,1698354000
10.48,1,Oct 26 2023 23: +0,1698357600
9.051,2,Oct 27 2023 02: +0,1698368400
9.342,1,Oct 27 2023 04: +0,1698375600
8.947,2,Oct 27 2023 06: +0,1698382800
10.226,1,Oct 27 2023 07: +0,1698386400
10.157,1,Oct 27 2023 09: +0,1698393600
9.987,1,Oct 27 2023 11: +0,1698400800
9.226,5,Oct 27 2023 12: +0,1698404400
9.502,1,Oct 27 2023 13: +0,1698408000
9.309,3,Oct 27 2023 14: +0,1698411600
9.484,3,Oct 27 2023 15: +0,1698415200
9.407,6,Oct 27 2023 16: +0,1698418800
9.594,5,Oct 27 2023 17: +0,1698422400
9.756,6,Oct 27 2023 18: +0,1698426000
9.915,5,Oct 27 2023 19: +0,1698429600
10.13,3,Oct 27 2023 20: +0,1698433200
10.321,1,Oct 27 2023 21: +0,1698436800
9.72,3,Oct 27 2023 22: +0,1698440400
9.349,2,Oct 27 2023 23: +0,1698444000
9.935,1,Oct 28 2023 01: +0,1698451200
9.488,1,Oct 28 2023 05: +0,1698465600
9.287,1,Oct 28 2023 06: +0,1698469200
9.065,2,Oct 28 2023 07: +0,1698472800
8.735,2,Oct 28 2023 08: +0,1698476400
9.333,3,Oct 28 2023 09: +0,1698480000
9.426,1,Oct 28 2023 10: +0,1698483600
9.578,2,Oct 28 2023 11: +0,1698487200
9.084,1,Oct 28 2023 12: +0,1698490800
9.183,4,Oct 28 2023 13: +0,1698494400
8.949,3,Oct 28 2023 14: +0,1698498000
9.09,3,Oct 28 2023 15: +0,1698501600
9.588,4,Oct 28 2023 16: +0,1698505200
9.591,3,Oct 28 2023 17: +0,1698508800
9.786,3,Oct 28 2023 18: +0,1698512400
9.211,8,Oct 28 2023 19: +0,1698516000
10.115,1,Oct 28 2023 20: +0,1698519600
9.085,1,Oct 28 2023 21: +0,1698523200
9.677,1,Oct 28 2023 22: +0,1698526800
9.016,1,Oct 28 2023 23: +0,1698530400
9.374,2,Oct 29 2023 00: +0,1698534000
8.916,3,Oct 29 2023 01: +0,1698537600
9.333,1,Oct 29 2023 02: +0,1698544800
8.939,2,Oct 29 2023 04: +0,1698552000
9.418,1,Oct 29 2023 05: +0,1698555600
9.374,1,Oct 29 2023 06: +0,1698559200
9.626,2,Oct 29 2023 08: +0,1698566400
9.106,1,Oct 29 2023 09: +0,1698570000
9.086,1,Oct 29 2023 10: +0,1698573600
8.997,4,Oct 29 2023 11: +0,1698577200
9.292,5,Oct 29 2023 12: +0,1698580800
9.154,4,Oct 29 2023 14: +0,1698588000
9.248,7,Oct 29 2023 15: +0,1698591600
9.333,5,Oct 29 2023 16: +0,1698595200
8.891,2,Oct 29 2023 17: +0,1698598800
9.14,6,Oct 29 2023 18: +0,1698602400
9.329,2,Oct 29 2023 19: +0,1698606000
9.807,4,Oct 29 2023 20: +0,1698609600
9.871,3,Oct 29 2023 21: +0,1698613200
10.083,1,Oct 29 2023 22: +0,1698616800
9.191,2,Oct 29 2023 23: +0,1698620400
9.674,3,Oct 30 2023 00: +0,1698624000
9.155,2,Oct 30 2023 03: +0,1698634800
10.088,1,Oct 30 2023 06: +0,1698645600
9.809,1,Oct 30 2023 08: +0,1698652800
9.943,1,Oct 30 2023 09: +0,1698656400
9.446,1,Oct 30 2023 10: +0,1698660000
9.996,2,Oct 30 2023 11: +0,1698663600
9.072,4,Oct 30 2023 12: +0,1698667200
9.251,2,Oct 30 2023 13: +0,1698670800
8.817,2,Oct 30 2023 14: +0,1698674400
9.016,3,Oct 30 2023 15: +0,1698678000
8.922,2,Oct 30 2023 16: +0,1698681600
8.644,3,Oct 30 2023 17: +0,1698685200
9.198,2,Oct 30 2023 18: +0,1698688800
9.618,3,Oct 30 2023 19: +0,1698692400
9.991,1,Oct 30 2023 20: +0,1698696000
9.509,2,Oct 30 2023 21: +0,1698699600
9.074,4,Oct 30 2023 22: +0,1698703200
9.271,4,Oct 30 2023 23: +0,1698706800
9.923,1,Oct 31 2023 02: +0,1698717600
8.708,1,Oct 31 2023 03: +0,1698721200
9.618,3,Oct 31 2023 05: +0,1698728400
9.723,1,Oct 31 2023 07: +0,1698735600
9.816,3,Oct 31 2023 09: +0,1698742800
9.096,2,Oct 31 2023 11: +0,1698750000
9.165,4,Oct 31 2023 12: +0,1698753600
8.829,1,Oct 31 2023 13: +0,1698757200
9.033,3,Oct 31 2023 14: +0,1698760800
8.79,7,Oct 31 2023 15: +0,1698764400
8.936,3,Oct 31 2023 16: +0,1698768000
9.695,3,Oct 31 2023 17: +0,1698771600
8.956,5,Oct 31 2023 18: +0,1698775200
9.816,1,Oct 31 2023 20: +0,1698782400
8.96,3,Oct 31 2023 21: +0,1698786000
9.617,2,Oct 31 2023 22: +0,1698789600
9.759,2,Oct 31 2023 23: +0,1698793200
9.399,2,Nov 01 2023 02: +0,1698804000
9.477,3,Nov 01 2023 03: +0,1698807600
8.943,2,Nov 01 2023 04: +0,1698811200
8.12,1,Nov 01 2023 05: +0,1698814800
8.928,1,Nov 01 2023 06: +0,1698818400
9.704,1,Nov 01 2023 07: +0,1698822000
9.576,1,Nov 01 2023 08: +0,1698825600
9.435,2,Nov 01 2023 10: +0,1698832800
9.499,3,Nov 01 2023 11: +0,1698836400
9.419,4,Nov 01 2023 12: +0,1698840000
9.553,3,Nov 01 2023 13: +0,1698843600
9.483,4,Nov 01 2023 14: +0,1698847200
9.39,3,Nov 01 2023 15: +0,1698850800
9.506,3,Nov 01 2023 16: +0,1698854400
9.425,8,Nov 01 2023 17: +0,1698858000
9.445,3,Nov 01 2023 18: +0,1698861600
9.465,4,Nov 01 2023 19: +0,1698865200
9.275,2,Nov 01 2023 20: +0,1698868800
9.718,3,Nov 01 2023 21: +0,1698872400
10.11,1,Nov 01 2023 22: +0,1698876000
8.795,2,Nov 01 2023 23: +0,1698879600
9.739,5,Nov 02 2023 00: +0,1698883200
10.119,1,Nov 02 2023 01: +0,1698886800
9.698,2,Nov 02 2023 02: +0,1698890400
9.827,1,Nov 02 2023 03: +0,1698894000
9.812,1,Nov 02 2023 06: +0,1698904800
9.633,2,Nov 02 2023 07: +0,1698908400
9.819,1,Nov 02 2023 09: +0,1698915600
9.824,2,Nov 02 2023 10: +0,1698919200
9.244,3,Nov 02 2023 12: +0,1698926400
9.227,4,Nov 02 2023 13: +0,1698930000
9.815,9,Nov 02 2023 14: +0,1698933600
9.22,5,Nov 02 2023 15: +0,1698937200
10.002,4,Nov 02 2023 16: +0,1698940800
9.414,3,Nov 02 2023 17: +0,1698944400
9.406,8,Nov 02 2023 18: +0,1698948000
9.9,4,Nov 02 2023 19: +0,1698951600
9.314,3,Nov 02 2023 20: +0,1698955200
10.087,1,Nov 02 2023 21: +0,1698958800
9.973,3,Nov 02 2023 22: +0,1698962400
9.627,2,Nov 03 2023 00: +0,1698969600
10.05,6,Nov 03 2023 01: +0,1698973200
10.116,2,Nov 03 2023 02: +0,1698976800
9.748,2,Nov 03 2023 04: +0,1698984000
9.293,1,Nov 03 2023 07: +0,1698994800
9.604,2,Nov 03 2023 08: +0,1698998400
10.173,1,Nov 03 2023 10: +0,1699005600
10.235,1,Nov 03 2023 11: +0,1699009200
11.008,2,Nov 03 2023 12: +0,1699012800
9.981,3,Nov 03 2023 13: +0,1699016400
10.029,5,Nov 03 2023 15: +0,1699023600
9.727,4,Nov 03 2023 16: +0,1699027200
9.17,2,Nov 03 2023 17: +0,1699030800
10.038,1,Nov 03 2023 18: +0,1699034400
10.041,4,Nov 03 2023 19: +0,1699038000
9.709,3,Nov 03 2023 20: +0,1699041600
9.567,4,Nov 03 2023 21: +0,1699045200
9.791,6,Nov 03 2023 22: +0,1699048800
9.933,2,Nov 04 2023 00: +0,1699056000
9.94,3,Nov 04 2023 02: +0,1699063200
9.406,1,Nov 04 2023 03: +0,1699066800
10.246,1,Nov 04 2023 04: +0,1699070400
11.399,1,Nov 04 2023 06: +0,1699077600
10.182,2,Nov 04 2023 07: +0,1699081200
9.861,3,Nov 04 2023 08: +0,1699084800
9.869,1,Nov 04 2023 09: +0,1699088400
10.047,1,Nov 04 2023 10: +0,1699092000
10.195,3,Nov 04 2023 11: +0,1699095600
10.031,2,Nov 04 2023 12: +0,1699099200
10.043,2,Nov 04 2023 13: +0,1699102800
9.845,4,Nov 04 2023 14: +0,1699106400
10.216,3,Nov 04 2023 15: +0,1699110000
10.121,4,Nov 04 2023 16: +0,1699113600
10.277,3,Nov 04 2023 17: +0,1699117200
9.995,3,Nov 04 2023 18: +0,1699120800
10.075,4,Nov 04 2023 19: +0,1699124400
10.299,3,Nov 04 2023 20: +0,1699128000
10.287,2,Nov 04 2023 21: +0,1699131600
10.351,4,Nov 04 2023 22: +0,1699135200
9.995,1,Nov 04 2023 23: +0,1699138800
10.43,1,Nov 05 2023 00: +0,1699142400
8.917,3,Nov 05 2023 02: +0,1699149600
10.429,1,Nov 05 2023 04: +0,1699156800
9.972,1,Nov 05 2023 09: +0,1699174800
10.183,2,Nov 05 2023 11: +0,1699182000
10.031,3,Nov 05 2023 12: +0,1699185600
10.155,3,Nov 05 2023 13: +0,1699189200
10.024,3,Nov 05 2023 14: +0,1699192800
10.824,2,Nov 05 2023 15: +0,1699196400
10.43,1,Nov 05 2023 16: +0,1699200000
9.64,2,Nov 05 2023 17: +0,1699203600
9.333,1,Nov 05 2023 19: +0,1699210800
9.569,3,Nov 05 2023 20: +0,1699214400
9.561,3,Nov 05 2023 22: +0,1699221600
9.652,2,Nov 05 2023 23: +0,1699225200
10.061,2,Nov 06 2023 00: +0,1699228800
9.666,2,Nov 06 2023 01: +0,1699232400
9.577,1,Nov 06 2023 02: +0,1699236000
10.065,1,Nov 06 2023 03: +0,1699239600
9.333,1,Nov 06 2023 06: +0,1699250400
10.056,1,Nov 06 2023 09: +0,1699261200
9.791,2,Nov 06 2023 10: +0,1699264800
9.496,1,Nov 06 2023 13: +0,1699275600
9.995,4,Nov 06 2023 14: +0,1699279200
9.244,2,Nov 06 2023 15: +0,1699282800
9.81,2,Nov 06 2023 16: +0,1699286400
9.776,4,Nov 06 2023 18: +0,1699293600
10.045,3,Nov 06 2023 19: +0,1699297200
9.669,4,Nov 06 2023 20: +0,1699300800
9.779,3,Nov 06 2023 21: +0,1699304400
9.51,2,Nov 06 2023 22: +0,1699308000
10.156,1,Nov 06 2023 23: +0,1699311600
9.073,3,Nov 07 2023 01: +0,1699318800
9.844,2,Nov 07 2023 03: +0,1699326000
10.068,1,Nov 07 2023 06: +0,1699336800
9.708,1,Nov 07 2023 09: +0,1699347600
9.886,6,Nov 07 2023 10: +0,1699351200
10.148,3,Nov 07 2023 11: +0,1699354800
9.845,2,Nov 07 2023 13: +0,1699362000
10.14,1,Nov 07 2023 14: +0,1699365600
10.148,3,Nov 07 2023 16: +0,1699372800
10.27,2,Nov 07 2023 17: +0,1699376400
10.571,3,Nov 07 2023 18: +0,1699380000
11.037,1,Nov 07 2023 19: +0,1699383600
9.595,3,Nov 07 2023 20: +0,1699387200
10.562,2,Nov 07 2023 21: +0,1699390800
9.595,3,Nov 07 2023 22: +0,1699394400
10.335,1,Nov 08 2023 01: +0,1699405200
10.269,1,Nov 08 2023 03: +0,1699412400
9.571,1,Nov 08 2023 06: +0,1699423200
9.632,1,Nov 08 2023 07: +0,1699426800
9.796,1,Nov 08 2023 10: +0,1699437600
9.547,3,Nov 08 2023 12: +0,1699444800
9.297,3,Nov 08 2023 13: +0,1699448400
9.563,1,Nov 08 2023 14: +0,1699452000
9.568,1,Nov 08 2023 15: +0,1699455600
9.582,1,Nov 08 2023 16: +0,1699459200
9.741,1,Nov 08 2023 17: +0,1699462800
9.202,3,Nov 08 2023 18: +0,1699466400
9.785,2,Nov 08 2023 19: +0,1699470000
9.072,1,Nov 08 2023 22: +0,1699480800
9.571,1,Nov 08 2023 23: +0,1699484400
9.202,1,Nov 09 2023 01: +0,1699491600
9.342,2,Nov 09 2023 02: +0,1699495200
9.266,1,Nov 09 2023 06: +0,1699509600
9.572,1,Nov 09 2023 08: +0,1699516800
9.202,3,Nov 09 2023 09: +0,1699520400
9.56,1,Nov 09 2023 10: +0,1699524000
9.537,3,Nov 09 2023 11: +0,1699527600
9.345,2,Nov 09 2023 12: +0,1699531200
9.335,1,Nov 09 2023 14: +0,1699538400
9.214,3,Nov 09 2023 15: +0,1699542000
9.337,4,Nov 09 2023 16: +0,1699545600
9.133,2,Nov 09 2023 19: +0,1699556400
9.36,2,Nov 09 2023 20: +0,1699560000
9.002,5,Nov 09 2023 21: +0,1699563600
9.449,2,Nov 09 2023 23: +0,1699570800
9.54,1,Nov 10 2023 00: +0,1699574400
9.073,2,Nov 10 2023 03: +0,1699585200
9.298,1,Nov 10 2023 04: +0,1699588800
9.105,1,Nov 10 2023 06: +0,1699596000
9.539,1,Nov 10 2023 07: +0,1699599600
9.297,2,Nov 10 2023 08: +0,1699603200
8.789,3,Nov 10 2023 09: +0,1699606800
9.373,1,Nov 10 2023 11: +0,1699614000
8.954,2,Nov 10 2023 12: +0,1699617600
8.88,5,Nov 10 2023 13: +0,1699621200
9.702,1,Nov 10 2023 14: +0,1699624800
8.887,3,Nov 10 2023 15: +0,1699628400
9.026,1,Nov 10 2023 16: +0,1699632000
9.188,2,Nov 10 2023 17: +0,1699635600
9.434,3,Nov 10 2023 18: +0,1699639200
9.36,1,Nov 10 2023 19: +0,1699642800
9.375,5,Nov 10 2023 20: +0,1699646400
9.795,2,Nov 10 2023 21: +0,1699650000
9.658,2,Nov 10 2023 22: +0,1699653600
9.34,2,Nov 11 2023 08: +0,1699689600
9.016,2,Nov 11 2023 10: +0,1699696800
9.26,1,Nov 11 2023 11: +0,1699700400
8.191,2,Nov 11 2023 12: +0,1699704000
9.049,4,Nov 11 2023 14: +0,1699711200
9.248,4,Nov 11 2023 15: +0,1699714800
9.178,3,Nov 11 2023 16: +0,1699718400
8.68,4,Nov 11 2023 17: +0,1699722000
8.889,3,Nov 11 2023 18: +0,1699725600
8.825,2,Nov 11 2023 19: +0,1699729200
9.063,6,Nov 11 2023 20: +0,1699732800
9.185,3,Nov 11 2023 21: +0,1699736400
9.399,1,Nov 11 2023 22: +0,1699740000
9.394,1,Nov 11 2023 23: +0,1699743600
8.951,1,Nov 12 2023 00: +0,1699747200
8.955,1,Nov 12 2023 01: +0,1699750800
9.401,2,Nov 12 2023 02: +0,1699754400
9.418,1,Nov 12 2023 03: +0,1699758000
8.431,1,Nov 12 2023 04: +0,1699761600
8.889,1,Nov 12 2023 07: +0,1699772400
9.401,1,Nov 12 2023 08: +0,1699776000
9.298,3,Nov 12 2023 09: +0,1699779600
9.449,4,Nov 12 2023 10: +0,1699783200
9.106,2,Nov 12 2023 11: +0,1699786800
8.541,2,Nov 12 2023 12: +0,1699790400
9.178,2,Nov 12 2023 13: +0,1699794000
9.515,2,Nov 12 2023 14: +0,1699797600
8.239,2,Nov 12 2023 15: +0,1699801200
9.091,1,Nov 12 2023 16: +0,1699804800
8.955,2,Nov 12 2023 20: +0,1699819200
8.915,2,Nov 12 2023 21: +0,1699822800
9.005,1,Nov 12 2023 22: +0,1699826400
8.439,1,Nov 12 2023 23: +0,1699830000
8.439,1,Nov 13 2023 00: +0,1699833600
8.444,2,Nov 13 2023 01: +0,1699837200
8.561,2,Nov 13 2023 02: +0,1699840800
8.439,1,Nov 13 2023 03: +0,1699844400
9.403,1,Nov 13 2023 04: +0,1699848000
9.226,3,Nov 13 2023 05: +0,1699851600
9.527,1,Nov 13 2023 08: +0,1699862400
9.761,1,Nov 13 2023 09: +0,1699866000
8.606,2,Nov 13 2023 11: +0,1699873200
9.279,1,Nov 13 2023 12: +0,1699876800
9.871,1,Nov 13 2023 13: +0,1699880400
9.861,4,Nov 13 2023 14: +0,1699884000
8.464,1,Nov 13 2023 15: +0,1699887600
8.447,1,Nov 13 2023 16: +0,1699891200
8.488,1,Nov 13 2023 17: +0,1699894800
8.805,3,Nov 13 2023 18: +0,1699898400
8.762,1,Nov 13 2023 19: +0,1699902000
9.013,8,Nov 13 2023 20: +0,1699905600
8.568,1,Nov 13 2023 21: +0,1699909200
8.884,1,Nov 13 2023 22: +0,1699912800
8.497,4,Nov 13 2023 23: +0,1699916400
8.455,1,Nov 14 2023 00: +0,1699920000
8.28,1,Nov 14 2023 01: +0,1699923600
9.225,1,Nov 14 2023 03: +0,1699930800
9.151,1,Nov 14 2023 04: +0,1699934400
9.242,1,Nov 14 2023 05: +0,1699938000
8.556,2,Nov 14 2023 08: +0,1699948800
8.792,1,Nov 14 2023 09: +0,1699952400
8.649,2,Nov 14 2023 10: +0,1699956000
8.811,1,Nov 14 2023 11: +0,1699959600
8.435,2,Nov 14 2023 12: +0,1699963200
8.522,3,Nov 14 2023 13: +0,1699966800
8.825,2,Nov 14 2023 14: +0,1699970400
8.496,4,Nov 14 2023 15: +0,1699974000
9.177,2,Nov 14 2023 16: +0,1699977600
9.237,4,Nov 14 2023 17: +0,1699981200
9.415,2,Nov 14 2023 18: +0,1699984800
9.375,3,Nov 14 2023 19: +0,1699988400
9.024,3,Nov 14 2023 20: +0,1699992000
8.508,1,Nov 15 2023 00: +0,1700006400
8.857,1,Nov 15 2023 02: +0,1700013600
9.264,1,Nov 15 2023 03: +0,1700017200
7.964,1,Nov 15 2023 05: +0,1700024400
8.552,1,Nov 15 2023 06: +0,1700028000
8.423,3,Nov 15 2023 07: +0,1700031600
8.825,3,Nov 15 2023 08: +0,1700035200
8.805,2,Nov 15 2023 09: +0,1700038800
8.423,1,Nov 15 2023 10: +0,1700042400
8.948,1,Nov 15 2023 11: +0,1700046000
8.596,4,Nov 15 2023 12: +0,1700049600
9.231,1,Nov 15 2023 13: +0,1700053200
8.338,2,Nov 15 2023 14: +0,1700056800
8.851,2,Nov 15 2023 15: +0,1700060400
8.988,3,Nov 15 2023 16: +0,1700064000
8.888,1,Nov 15 2023 18: +0,1700071200
8.437,6,Nov 15 2023 19: +0,1700074800
8.43,2,Nov 15 2023 20: +0,1700078400
8.342,1,Nov 15 2023 21: +0,1700082000
8.403,3,Nov 15 2023 22: +0,1700085600
8.995,1,Nov 16 2023 00: +0,1700092800
8.893,2,Nov 16 2023 05: +0,1700110800
8.158,1,Nov 16 2023 06: +0,1700114400
9.001,1,Nov 16 2023 08: +0,1700121600
8.674,1,Nov 16 2023 10: +0,1700128800
8.68,3,Nov 16 2023 11: +0,1700132400
8.488,3,Nov 16 2023 12: +0,1700136000
8.629,1,Nov 16 2023 13: +0,1700139600
8.743,6,Nov 16 2023 14: +0,1700143200
8.852,1,Nov 16 2023 15: +0,1700146800
9.065,2,Nov 16 2023 16: +0,1700150400
9.433,2,Nov 16 2023 17: +0,1700154000
9.287,1,Nov 16 2023 18: +0,1700157600
9.328,2,Nov 16 2023 19: +0,1700161200
9.105,2,Nov 16 2023 20: +0,1700164800
8.935,2,Nov 16 2023 21: +0,1700168400
8.5,1,Nov 17 2023 00: +0,1700179200
8.857,1,Nov 17 2023 02: +0,1700186400
8.238,1,Nov 17 2023 03: +0,1700190000
8.936,1,Nov 17 2023 04: +0,1700193600
8.462,3,Nov 17 2023 06: +0,1700200800
8.978,2,Nov 17 2023 07: +0,1700204400
8.359,2,Nov 17 2023 10: +0,1700215200
8.177,2,Nov 17 2023 12: +0,1700222400
8.105,2,Nov 17 2023 13: +0,1700226000
8.262,1,Nov 17 2023 14: +0,1700229600
8.291,1,Nov 17 2023 15: +0,1700233200
8.171,3,Nov 17 2023 16: +0,1700236800
8.589,3,Nov 17 2023 17: +0,1700240400
8.486,2,Nov 17 2023 18: +0,1700244000
8.904,5,Nov 17 2023 19: +0,1700247600
8.962,2,Nov 17 2023 20: +0,1700251200
8.988,3,Nov 17 2023 21: +0,1700254800
9.041,2,Nov 17 2023 22: +0,1700258400
8.257,1,Nov 17 2023 23: +0,1700262000
8.24,1,Nov 18 2023 00: +0,1700265600
8.354,2,Nov 18 2023 02: +0,1700272800
8.802,1,Nov 18 2023 03: +0,1700276400
8.153,1,Nov 18 2023 08: +0,1700294400
8.844,2,Nov 18 2023 09: +0,1700298000
8.117,1,Nov 18 2023 10: +0,1700301600
8.173,2,Nov 18 2023 12: +0,1700308800
8.044,3,Nov 18 2023 13: +0,1700312400
8.019,1,Nov 18 2023 14: +0,1700316000
8.094,2,Nov 18 2023 15: +0,1700319600
8.138,4,Nov 18 2023 16: +0,1700323200
8.902,2,Nov 18 2023 17: +0,1700326800
8.171,3,Nov 18 2023 18: +0,1700330400
8.22,1,Nov 18 2023 19: +0,1700334000
8.441,2,Nov 18 2023 21: +0,1700341200
7.822,1,Nov 18 2023 22: +0,1700344800
7.991,2,Nov 18 2023 23: +0,1700348400
8.178,1,Nov 19 2023 00: +0,1700352000
8.23,2,Nov 19 2023 01: +0,1700355600
8.283,1,Nov 19 2023 03: +0,1700362800
7.822,1,Nov 19 2023 07: +0,1700377200
8.094,2,Nov 19 2023 08: +0,1700380800
8.021,1,Nov 19 2023 09: +0,1700384400
7.711,4,Nov 19 2023 11: +0,1700391600
8.125,2,Nov 19 2023 12: +0,1700395200
8.278,3,Nov 19 2023 13: +0,1700398800
8.893,6,Nov 19 2023 14: +0,1700402400
8.379,2,Nov 19 2023 15: +0,1700406000
8.479,2,Nov 19 2023 16: +0,1700409600
8.792,1,Nov 19 2023 17: +0,1700413200
8.946,2,Nov 19 2023 18: +0,1700416800
8.163,2,Nov 19 2023 19: +0,1700420400
8.962,4,Nov 19 2023 20: +0,1700424000
8.944,2,Nov 19 2023 21: +0,1700427600
8.935,2,Nov 19 2023 22: +0,1700431200
9.026,1,Nov 19 2023 23: +0,1700434800
8.356,2,Nov 20 2023 00: +0,1700438400
7.018,1,Nov 20 2023 01: +0,1700442000
8.899,2,Nov 20 2023 03: +0,1700449200
8.303,1,Nov 20 2023 04: +0,1700452800
7.716,1,Nov 20 2023 05: +0,1700456400
8.634,1,Nov 20 2023 06: +0,1700460000
7.71,2,Nov 20 2023 07: +0,1700463600
8.189,1,Nov 20 2023 09: +0,1700470800
8.192,1,Nov 20 2023 11: +0,1700478000
7.539,2,Nov 20 2023 12: +0,1700481600
8.08,4,Nov 20 2023 13: +0,1700485200
8.183,1,Nov 20 2023 14: +0,1700488800
7.988,2,Nov 20 2023 15: +0,1700492400
8.274,5,Nov 20 2023 16: +0,1700496000
8.323,2,Nov 20 2023 17: +0,1700499600
8.79,2,Nov 20 2023 18: +0,1700503200
8.175,2,Nov 20 2023 19: +0,1700506800
8.704,1,Nov 20 2023 21: +0,1700514000
8.433,2,Nov 20 2023 22: +0,1700517600
7.38,1,Nov 21 2023 01: +0,1700528400
8.026,3,Nov 21 2023 08: +0,1700553600
8.27,1,Nov 21 2023 10: +0,1700560800
8.112,1,Nov 21 2023 11: +0,1700564400
7.195,2,Nov 21 2023 13: +0,1700571600
7.802,4,Nov 21 2023 14: +0,1700575200
7.903,3,Nov 21 2023 15: +0,1700578800
8.086,3,Nov 21 2023 16: +0,1700582400
7.469,4,Nov 21 2023 17: +0,1700586000
8.069,5,Nov 21 2023 18: +0,1700589600
7.929,6,Nov 21 2023 19: +0,1700593200
7.932,5,Nov 21 2023 20: +0,1700596800
8.012,10,Nov 21 2023 21: +0,1700600400
8.072,3,Nov 21 2023 22: +0,1700604000
8.007,4,Nov 21 2023 23: +0,1700607600
8.422,2,Nov 22 2023 00: +0,1700611200
8.172,1,Nov 22 2023 03: +0,1700622000
8.012,2,Nov 22 2023 05: +0,1700629200
7.996,1,Nov 22 2023 07: +0,1700636400
8.276,2,Nov 22 2023 09: +0,1700643600
7.675,2,Nov 22 2023 10: +0,1700647200
8.084,7,Nov 22 2023 11: +0,1700650800
8.06,1,Nov 22 2023 12: +0,1700654400
8.178,3,Nov 22 2023 13: +0,1700658000
8.153,4,Nov 22 2023 14: +0,1700661600
8.044,3,Nov 22 2023 15: +0,1700665200
7.542,2,Nov 22 2023 16: +0,1700668800
7.823,4,Nov 22 2023 17: +0,1700672400
8.204,5,Nov 22 2023 18: +0,1700676000
8.076,2,Nov 22 2023 19: +0,1700679600
7.93,4,Nov 22 2023 20: +0,1700683200
7.86,1,Nov 22 2023 21: +0,1700686800
7.276,2,Nov 22 2023 22: +0,1700690400
7.667,1,Nov 22 2023 23: +0,1700694000
7.624,1,Nov 23 2023 02: +0,1700704800
7.684,1,Nov 23 2023 03: +0,1700708400
7.676,2,Nov 23 2023 05: +0,1700715600
7.796,2,Nov 23 2023 07: +0,1700722800
7.317,2,Nov 23 2023 08: +0,1700726400
7.77,2,Nov 23 2023 09: +0,1700730000
7.688,4,Nov 23 2023 10: +0,1700733600
7.505,1,Nov 23 2023 11: +0,1700737200
7.74,3,Nov 23 2023 12: +0,1700740800
7.701,1,Nov 23 2023 13: +0,1700744400
7.701,5,Nov 23 2023 14: +0,1700748000
7.754,1,Nov 23 2023 15: +0,1700751600
7.799,2,Nov 23 2023 16: +0,1700755200
7.64,4,Nov 23 2023 17: +0,1700758800
7.817,4,Nov 23 2023 18: +0,1700762400
7.804,2,Nov 23 2023 19: +0,1700766000
7.796,3,Nov 23 2023 20: +0,1700769600
7.663,3,Nov 23 2023 21: +0,1700773200
7.949,4,Nov 23 2023 22: +0,1700776800
7.86,1,Nov 23 2023 23: +0,1700780400
7.707,4,Nov 24 2023 00: +0,1700784000
7.99,2,Nov 24 2023 01: +0,1700787600
7.868,1,Nov 24 2023 02: +0,1700791200
8.077,3,Nov 24 2023 06: +0,1700805600
8.125,4,Nov 24 2023 07: +0,1700809200
8.212,5,Nov 24 2023 09: +0,1700816400
7.986,2,Nov 24 2023 11: +0,1700823600
7.964,3,Nov 24 2023 12: +0,1700827200
8.018,2,Nov 24 2023 13: +0,1700830800
7.952,4,Nov 24 2023 14: +0,1700834400
8.023,8,Nov 24 2023 17: +0,1700845200
8.084,3,Nov 24 2023 18: +0,1700848800
7.157,2,Nov 24 2023 19: +0,1700852400
8.002,1,Nov 24 2023 20: +0,1700856000
7.88,2,Nov 24 2023 21: +0,1700859600
8.146,5,Nov 24 2023 22: +0,1700863200
8.169,1,Nov 24 2023 23: +0,1700866800
8.22,2,Nov 25 2023 00: +0,1700870400
7.935,1,Nov 25 2023 02: +0,1700877600
7.995,2,Nov 25 2023 04: +0,1700884800
7.481,1,Nov 25 2023 07: +0,1700895600
7.967,1,Nov 25 2023 08: +0,1700899200
7.459,2,Nov 25 2023 09: +0,1700902800
7.967,1,Nov 25 2023 10: +0,1700906400
8.009,2,Nov 25 2023 11: +0,1700910000
7.967,3,Nov 25 2023 13: +0,1700917200
7.992,3,Nov 25 2023 14: +0,1700920800
8.031,3,Nov 25 2023 15: +0,1700924400
8.013,4,Nov 25 2023 16: +0,1700928000
7.949,2,Nov 25 2023 17: +0,1700931600
8.119,3,Nov 25 2023 18: +0,1700935200
7.731,4,Nov 25 2023 19: +0,1700938800
7.827,2,Nov 25 2023 20: +0,1700942400
8.069,5,Nov 25 2023 21: +0,1700946000
7.748,2,Nov 25 2023 23: +0,1700953200
8.075,2,Nov 26 2023 00: +0,1700956800
7.756,1,Nov 26 2023 01: +0,1700960400
7.177,1,Nov 26 2023 02: +0,1700964000
7.443,2,Nov 26 2023 03: +0,1700967600
7.581,1,Nov 26 2023 05: +0,1700974800
7.753,2,Nov 26 2023 06: +0,1700978400
8.269,1,Nov 26 2023 08: +0,1700985600
7.848,2,Nov 26 2023 09: +0,1700989200
8.267,2,Nov 26 2023 10: +0,1700992800
7.807,1,Nov 26 2023 11: +0,1700996400
7.935,2,Nov 26 2023 12: +0,1701000000
7.577,1,Nov 26 2023 13: +0,1701003600
8.151,3,Nov 26 2023 14: +0,1701007200
7.804,1,Nov 26 2023 15: +0,1701010800
8.171,3,Nov 26 2023 16: +0,1701014400
8.023,3,Nov 26 2023 17: +0,1701018000
7.61,2,Nov 26 2023 18: +0,1701021600
7.991,3,Nov 26 2023 19: +0,1701025200
7.46,2,Nov 26 2023 20: +0,1701028800
7.41,2,Nov 26 2023 21: +0,1701032400
7.48,4,Nov 26 2023 22: +0,1701036000
7.572,3,Nov 26 2023 23: +0,1701039600
7.498,1,Nov 27 2023 01: +0,1701046800
7.671,2,Nov 27 2023 05: +0,1701061200
8.024,4,Nov 27 2023 06: +0,1701064800
7.7,2,Nov 27 2023 07: +0,1701068400
7.578,1,Nov 27 2023 08: +0,1701072000
7.714,2,Nov 27 2023 11: +0,1701082800
7.24,1,Nov 27 2023 12: +0,1701086400
7.788,1,Nov 27 2023 13: +0,1701090000
7.352,1,Nov 27 2023 14: +0,1701093600
7.772,2,Nov 27 2023 15: +0,1701097200
7.649,4,Nov 27 2023 17: +0,1701104400
7.806,3,Nov 27 2023 18: +0,1701108000
7.614,2,Nov 27 2023 19: +0,1701111600
7.75,4,Nov 27 2023 20: +0,1701115200
7.192,3,Nov 27 2023 21: +0,1701118800
7.807,1,Nov 27 2023 22: +0,1701122400
7.719,1,Nov 27 2023 23: +0,1701126000
7.751,2,Nov 28 2023 00: +0,1701129600
7.764,2,Nov 28 2023 01: +0,1701133200
7.896,1,Nov 28 2023 02: +0,1701136800
7.753,3,Nov 28 2023 03: +0,1701140400
8.209,1,Nov 28 2023 05: +0,1701147600
8.014,1,Nov 28 2023 10: +0,1701165600
8.151,1,Nov 28 2023 11: +0,1701169200
7.976,1,Nov 28 2023 12: +0,1701172800
7.995,1,Nov 28 2023 13: +0,1701176400
7.961,3,Nov 28 2023 15: +0,1701183600
7.919,1,Nov 28 2023 16: +0,1701187200
7.999,5,Nov 28 2023 17: +0,1701190800
7.998,4,Nov 28 2023 18: +0,1701194400
7.855,3,Nov 28 2023 19: +0,1701198000
7.872,2,Nov 28 2023 20: +0,1701201600
7.783,5,Nov 28 2023 21: +0,1701205200
7.704,1,Nov 28 2023 22: +0,1701208800
7.796,2,Nov 28 2023 23: +0,1701212400
7.719,3,Nov 29 2023 00: +0,1701216000
7.991,1,Nov 29 2023 03: +0,1701226800
8.047,1,Nov 29 2023 04: +0,1701230400
8.055,1,Nov 29 2023 05: +0,1701234000
7.747,2,Nov 29 2023 08: +0,1701244800
7.783,1,Nov 29 2023 10: +0,1701252000
7.712,2,Nov 29 2023 11: +0,1701255600
7.368,1,Nov 29 2023 12: +0,1701259200
7.986,1,Nov 29 2023 13: +0,1701262800
7.799,2,Nov 29 2023 14: +0,1701266400
7.909,2,Nov 29 2023 15: +0,1701270000
8.149,1,Nov 29 2023 16: +0,1701273600
7.847,2,Nov 29 2023 17: +0,1701277200
7.44,1,Nov 29 2023 18: +0,1701280800
7.69,2,Nov 29 2023 19: +0,1701284400
7.857,2,Nov 29 2023 20: +0,1701288000
8.066,1,Nov 29 2023 21: +0,1701291600
7.44,1,Nov 29 2023 22: +0,1701295200
7.44,1,Nov 30 2023 00: +0,1701302400
7.535,1,Nov 30 2023 01: +0,1701306000
7.991,3,Nov 30 2023 04: +0,1701316800
7.526,1,Nov 30 2023 05: +0,1701320400
8.127,2,Nov 30 2023 08: +0,1701331200
7.639,1,Nov 30 2023 10: +0,1701338400
8.134,2,Nov 30 2023 12: +0,1701345600
8.273,1,Nov 30 2023 13: +0,1701349200
8.142,2,Nov 30 2023 15: +0,1701356400
8.087,1,Nov 30 2023 16: +0,1701360000
8.078,5,Nov 30 2023 17: +0,1701363600
8.224,4,Nov 30 2023 18: +0,1701367200
8.13,1,Nov 30 2023 19: +0,1701370800
8.273,3,Nov 30 2023 20: +0,1701374400
7.635,2,Nov 30 2023 21: +0,1701378000
7.834,3,Nov 30 2023 22: +0,1701381600
7.671,1,Nov 30 2023 23: +0,1701385200
8.039,1,Dec 01 2023 00: +0,1701388800
7.903,3,Dec 01 2023 03: +0,1701399600
8.115,1,Dec 01 2023 04: +0,1701403200
8.087,2,Dec 01 2023 05: +0,1701406800
7.831,1,Dec 01 2023 08: +0,1701417600
7.539,2,Dec 01 2023 09: +0,1701421200
7.961,1,Dec 01 2023 10: +0,1701424800
7.995,1,Dec 01 2023 11: +0,1701428400
8.24,1,Dec 01 2023 12: +0,1701432000
8.104,3,Dec 01 2023 13: +0,1701435600
8.063,3,Dec 01 2023 15: +0,1701442800
8.323,1,Dec 01 2023 16: +0,1701446400
8.023,1,Dec 01 2023 17: +0,1701450000
7.567,1,Dec 01 2023 18: +0,1701453600
8.174,3,Dec 01 2023 19: +0,1701457200
7.795,4,Dec 01 2023 20: +0,1701460800
7.499,2,Dec 01 2023 21: +0,1701464400
8.163,3,Dec 01 2023 22: +0,1701468000
8.216,3,Dec 01 2023 23: +0,1701471600
8.442,1,Dec 02 2023 00: +0,1701475200
7.99,1,Dec 02 2023 02: +0,1701482400
8.0,1,Dec 02 2023 03: +0,1701486000
7.842,2,Dec 02 2023 04: +0,1701489600
8.324,1,Dec 02 2023 05: +0,1701493200
8.119,1,Dec 02 2023 07: +0,1701500400
7.59,2,Dec 02 2023 09: +0,1701507600
7.776,2,Dec 02 2023 10: +0,1701511200
7.562,1,Dec 02 2023 11: +0,1701514800
7.868,2,Dec 02 2023 13: +0,1701522000
8.413,2,Dec 02 2023 14: +0,1701525600
7.982,1,Dec 02 2023 16: +0,1701532800
8.043,1,Dec 02 2023 17: +0,1701536400
7.813,1,Dec 02 2023 18: +0,1701540000
7.81,1,Dec 02 2023 19: +0,1701543600
8.151,3,Dec 02 2023 20: +0,1701547200
8.221,3,Dec 02 2023 22: +0,1701554400
7.931,2,Dec 02 2023 23: +0,1701558000
7.6,3,Dec 03 2023 00: +0,1701561600
8.077,1,Dec 03 2023 01: +0,1701565200
8.112,1,Dec 03 2023 02: +0,1701568800
8.26,3,Dec 03 2023 03: +0,1701572400
8.382,1,Dec 03 2023 04: +0,1701576000
8.39,1,Dec 03 2023 06: +0,1701583200
7.543,1,Dec 03 2023 07: +0,1701586800
7.8,1,Dec 03 2023 10: +0,1701597600
8.067,2,Dec 03 2023 11: +0,1701601200
7.586,1,Dec 03 2023 12: +0,1701604800
7.782,2,Dec 03 2023 13: +0,1701608400
7.687,4,Dec 03 2023 14: +0,1701612000
8.295,4,Dec 03 2023 15: +0,1701615600
8.538,1,Dec 03 2023 16: +0,1701619200
8.384,1,Dec 03 2023 17: +0,1701622800
8.271,1,Dec 03 2023 18: +0,1701626400
8.528,2,Dec 03 2023 19: +0,1701630000
8.295,1,Dec 03 2023 20: +0,1701633600
7.44,1,Dec 03 2023 21: +0,1701637200
8.311,1,Dec 03 2023 23: +0,1701644400
7.655,1,Dec 04 2023 00: +0,1701648000
8.247,1,Dec 04 2023 01: +0,1701651600
7.863,2,Dec 04 2023 02: +0,1701655200
8.087,1,Dec 04 2023 05: +0,1701666000
8.86,1,Dec 04 2023 06: +0,1701669600
8.232,1,Dec 04 2023 07: +0,1701673200
8.138,2,Dec 04 2023 10: +0,1701684000
8.271,3,Dec 04 2023 11: +0,1701687600
7.842,1,Dec 04 2023 12: +0,1701691200
8.436,3,Dec 04 2023 13: +0,1701694800
8.003,2,Dec 04 2023 15: +0,1701702000
7.943,1,Dec 04 2023 16: +0,1701705600
8.196,4,Dec 04 2023 17: +0,1701709200
8.127,1,Dec 04 2023 18: +0,1701712800
7.991,2,Dec 04 2023 19: +0,1701716400
7.75,2,Dec 04 2023 20: +0,1701720000
8.089,2,Dec 04 2023 21: +0,1701723600
7.794,2,Dec 04 2023 22: +0,1701727200
8.462,1,Dec 04 2023 23: +0,1701730800
7.802,1,Dec 05 2023 00: +0,1701734400
7.416,1,Dec 05 2023 01: +0,1701738000
7.991,1,Dec 05 2023 02: +0,1701741600
7.353,2,Dec 05 2023 03: +0,1701745200
8.389,2,Dec 05 2023 04: +0,1701748800
8.454,1,Dec 05 2023 05: +0,1701752400
8.601,1,Dec 05 2023 07: +0,1701759600
7.976,2,Dec 05 2023 10: +0,1701770400
8.226,1,Dec 05 2023 12: +0,1701777600
8.238,2,Dec 05 2023 13: +0,1701781200
5.922,1,Dec 05 2023 14: +0,1701784800
8.528,3,Dec 05 2023 15: +0,1701788400
7.528,1,Dec 05 2023 18: +0,1701799200
7.511,1,Dec 05 2023 20: +0,1701806400
7.789,1,Dec 05 2023 21: +0,1701810000
7.52,2,Dec 05 2023 22: +0,1701813600
8.191,1,Dec 06 2023 00: +0,1701820800
7.818,1,Dec 06 2023 04: +0,1701835200
7.559,3,Dec 06 2023 05: +0,1701838800
7.647,2,Dec 06 2023 06: +0,1701842400
7.922,1,Dec 06 2023 08: +0,1701849600
7.879,6,Dec 06 2023 09: +0,1701853200
7.535,1,Dec 06 2023 10: +0,1701856800
7.535,1,Dec 06 2023 11: +0,1701860400
7.559,3,Dec 06 2023 12: +0,1701864000
8.119,1,Dec 06 2023 13: +0,1701867600
7.559,1,Dec 06 2023 14: +0,1701871200
8.19,1,Dec 06 2023 15: +0,1701874800
7.86,2,Dec 06 2023 16: +0,1701878400
8.19,3,Dec 06 2023 17: +0,1701882000
7.475,2,Dec 06 2023 18: +0,1701885600
7.574,3,Dec 06 2023 19: +0,1701889200
8.022,2,Dec 06 2023 20: +0,1701892800
7.943,3,Dec 06 2023 21: +0,1701896400
8.043,1,Dec 06 2023 22: +0,1701900000
7.645,3,Dec 06 2023 23: +0,1701903600
8.01,2,Dec 07 2023 00: +0,1701907200
7.991,3,Dec 07 2023 01: +0,1701910800
6.952,1,Dec 07 2023 03: +0,1701918000
6.911,1,Dec 07 2023 07: +0,1701932400
7.656,2,Dec 07 2023 09: +0,1701939600
7.845,2,Dec 07 2023 10: +0,1701943200
7.911,1,Dec 07 2023 11: +0,1701946800
7.271,1,Dec 07 2023 13: +0,1701954000
7.893,3,Dec 07 2023 15: +0,1701961200
7.575,1,Dec 07 2023 16: +0,1701964800
7.567,3,Dec 07 2023 17: +0,1701968400
7.723,5,Dec 07 2023 18: +0,1701972000
7.886,1,Dec 07 2023 19: +0,1701975600
7.575,1,Dec 07 2023 20: +0,1701979200
7.66,1,Dec 07 2023 22: +0,1701986400
7.751,1,Dec 07 2023 23: +0,1701990000
7.445,2,Dec 08 2023 00: +0,1701993600
8.034,2,Dec 08 2023 06: +0,1702015200
7.443,2,Dec 08 2023 08: +0,1702022400
7.82,1,Dec 08 2023 09: +0,1702026000
7.946,3,Dec 08 2023 10: +0,1702029600
8.168,2,Dec 08 2023 11: +0,1702033200
8.043,2,Dec 08 2023 14: +0,1702044000
8.047,1,Dec 08 2023 15: +0,1702047600
7.677,2,Dec 08 2023 16: +0,1702051200
7.802,1,Dec 08 2023 18: +0,1702058400
7.785,2,Dec 08 2023 19: +0,1702062000
8.159,2,Dec 08 2023 20: +0,1702065600
8.191,1,Dec 08 2023 21: +0,1702069200
7.42,3,Dec 08 2023 22: +0,1702072800
7.778,2,Dec 08 2023 23: +0,1702076400
7.887,1,Dec 09 2023 00: +0,1702080000
7.845,1,Dec 09 2023 04: +0,1702094400
7.879,1,Dec 09 2023 05: +0,1702098000
7.655,1,Dec 09 2023 06: +0,1702101600
7.32,1,Dec 09 2023 08: +0,1702108800
6.818,2,Dec 09 2023 10: +0,1702116000
7.778,2,Dec 09 2023 11: +0,1702119600
7.582,4,Dec 09 2023 12: +0,1702123200
8.064,2,Dec 09 2023 13: +0,1702126800
7.294,3,Dec 09 2023 14: +0,1702130400
7.328,2,Dec 09 2023 15: +0,1702134000
7.478,2,Dec 09 2023 16: +0,1702137600
7.483,5,Dec 09 2023 17: +0,1702141200
7.59,3,Dec 09 2023 20: +0,1702152000
7.749,2,Dec 09 2023 21: +0,1702155600
7.977,2,Dec 09 2023 22: +0,1702159200
8.206,2,Dec 09 2023 23: +0,1702162800
7.336,4,Dec 10 2023 00: +0,1702166400
7.649,3,Dec 10 2023 01: +0,1702170000
8.232,1,Dec 10 2023 02: +0,1702173600
7.885,2,Dec 10 2023 06: +0,1702188000
7.931,2,Dec 10 2023 07: +0,1702191600
7.279,1,Dec 10 2023 09: +0,1702198800
6.909,1,Dec 10 2023 10: +0,1702202400
8.912,1,Dec 10 2023 12: +0,1702209600
7.885,3,Dec 10 2023 13: +0,1702213200
7.742,5,Dec 10 2023 15: +0,1702220400
7.885,3,Dec 10 2023 16: +0,1702224000
7.64,5,Dec 10 2023 17: +0,1702227600
7.102,2,Dec 10 2023 18: +0,1702231200
7.139,3,Dec 10 2023 19: +0,1702234800
7.765,7,Dec 10 2023 21: +0,1702242000
8.022,2,Dec 10 2023 22: +0,1702245600
7.139,3,Dec 10 2023 23: +0,1702249200
7.647,1,Dec 11 2023 02: +0,1702260000
7.188,1,Dec 11 2023 03: +0,1702263600
7.623,1,Dec 11 2023 06: +0,1702274400
7.532,1,Dec 11 2023 07: +0,1702278000
7.645,1,Dec 11 2023 09: +0,1702285200
7.646,1,Dec 11 2023 10: +0,1702288800
7.649,1,Dec 11 2023 11: +0,1702292400
7.656,3,Dec 11 2023 12: +0,1702296000
7.299,3,Dec 11 2023 14: +0,1702303200
7.289,2,Dec 11 2023 15: +0,1702306800
7.299,3,Dec 11 2023 16: +0,1702310400
7.062,4,Dec 11 2023 17: +0,1702314000
7.132,5,Dec 11 2023 18: +0,1702317600
7.407,5,Dec 11 2023 19: +0,1702321200
7.401,4,Dec 11 2023 20: +0,1702324800
7.218,3,Dec 11 2023 21: +0,1702328400
7.401,2,Dec 11 2023 22: +0,1702332000
7.364,3,Dec 11 2023 23: +0,1702335600
7.423,2,Dec 12 2023 00: +0,1702339200
7.263,1,Dec 12 2023 03: +0,1702350000
7.288,1,Dec 12 2023 06: +0,1702360800
7.283,1,Dec 12 2023 08: +0,1702368000
7.077,1,Dec 12 2023 09: +0,1702371600
7.186,3,Dec 12 2023 11: +0,1702378800
7.223,1,Dec 12 2023 12: +0,1702382400
7.245,2,Dec 12 2023 13: +0,1702386000
7.194,1,Dec 12 2023 14: +0,1702389600
7.818,2,Dec 12 2023 15: +0,1702393200
7.103,2,Dec 12 2023 16: +0,1702396800
7.235,4,Dec 12 2023 17: +0,1702400400
7.085,2,Dec 12 2023 18: +0,1702404000
7.213,5,Dec 12 2023 19: +0,1702407600
7.202,2,Dec 12 2023 20: +0,1702411200
7.054,1,Dec 12 2023 22: +0,1702418400
6.949,4,Dec 12 2023 23: +0,1702422000
7.084,1,Dec 13 2023 01: +0,1702429200
7.101,1,Dec 13 2023 02: +0,1702432800
7.257,3,Dec 13 2023 04: +0,1702440000
7.398,1,Dec 13 2023 05: +0,1702443600
6.315,1,Dec 13 2023 06: +0,1702447200
6.974,1,Dec 13 2023 08: +0,1702454400
6.912,1,Dec 13 2023 09: +0,1702458000
6.92,1,Dec 13 2023 10: +0,1702461600
6.972,1,Dec 13 2023 11: +0,1702465200
6.062,3,Dec 13 2023 12: +0,1702468800
6.994,3,Dec 13 2023 13: +0,1702472400
7.377,1,Dec 13 2023 14: +0,1702476000
7.4,3,Dec 13 2023 16: +0,1702483200
7.179,3,Dec 13 2023 17: +0,1702486800
7.074,4,Dec 13 2023 18: +0,1702490400
6.783,2,Dec 13 2023 20: +0,1702497600
6.927,1,Dec 13 2023 21: +0,1702501200
7.407,1,Dec 13 2023 23: +0,1702508400
7.564,1,Dec 14 2023 02: +0,1702519200
6.49,1,Dec 14 2023 05: +0,1702530000
6.045,1,Dec 14 2023 06: +0,1702533600
7.117,2,Dec 14 2023 08: +0,1702540800
7.281,1,Dec 14 2023 09: +0,1702544400
7.303,3,Dec 14 2023 10: +0,1702548000
7.496,4,Dec 14 2023 13: +0,1702558800
7.564,1,Dec 14 2023 14: +0,1702562400
7.519,3,Dec 14 2023 15: +0,1702566000
7.469,3,Dec 14 2023 16: +0,1702569600
7.507,3,Dec 14 2023 17: +0,1702573200
7.639,2,Dec 14 2023 18: +0,1702576800
7.477,4,Dec 14 2023 19: +0,1702580400
7.29,6,Dec 14 2023 20: +0,1702584000
7.396,3,Dec 14 2023 21: +0,1702587600
7.398,3,Dec 14 2023 22: +0,1702591200
7.609,2,Dec 14 2023 23: +0,1702594800
7.108,1,Dec 15 2023 04: +0,1702612800
6.749,2,Dec 15 2023 07: +0,1702623600
7.096,2,Dec 15 2023 08: +0,1702627200
7.449,1,Dec 15 2023 09: +0,1702630800
6.884,3,Dec 15 2023 10: +0,1702634400
7.235,2,Dec 15 2023 11: +0,1702638000
6.731,1,Dec 15 2023 13: +0,1702645200
6.951,5,Dec 15 2023 14: +0,1702648800
6.951,1,Dec 15 2023 15: +0,1702652400
7.274,3,Dec 15 2023 16: +0,1702656000
7.147,1,Dec 15 2023 17: +0,1702659600
7.229,2,Dec 15 2023 18: +0,1702663200
7.186,2,Dec 15 2023 19: +0,1702666800
6.667,3,Dec 15 2023 20: +0,1702670400
6.917,1,Dec 15 2023 21: +0,1702674000
6.947,2,Dec 15 2023 22: +0,1702677600
6.962,2,Dec 15 2023 23: +0,1702681200
6.471,2,Dec 16 2023 00: +0,1702684800
6.826,1,Dec 16 2023 01: +0,1702688400
7.566,1,Dec 16 2023 02: +0,1702692000
7.041,2,Dec 16 2023 04: +0,1702699200
7.156,1,Dec 16 2023 05: +0,1702702800
7.211,2,Dec 16 2023 07: +0,1702710000
7.179,3,Dec 16 2023 08: +0,1702713600
6.921,1,Dec 16 2023 10: +0,1702720800
7.189,1,Dec 16 2023 11: +0,1702724400
7.263,3,Dec 16 2023 12: +0,1702728000
7.183,2,Dec 16 2023 13: +0,1702731600
6.873,4,Dec 16 2023 15: +0,1702738800
7.196,1,Dec 16 2023 16: +0,1702742400
7.034,2,Dec 16 2023 17: +0,1702746000
6.557,2,Dec 16 2023 18: +0,1702749600
7.218,3,Dec 16 2023 19: +0,1702753200
6.77,2,Dec 16 2023 20: +0,1702756800
7.261,2,Dec 16 2023 21: +0,1702760400
7.771,2,Dec 16 2023 23: +0,1702767600
7.1,1,Dec 17 2023 02: +0,1702778400
7.143,2,Dec 17 2023 03: +0,1702782000
6.776,1,Dec 17 2023 04: +0,1702785600
6.921,1,Dec 17 2023 08: +0,1702800000
6.785,2,Dec 17 2023 09: +0,1702803600
6.67,2,Dec 17 2023 10: +0,1702807200
6.736,4,Dec 17 2023 11: +0,1702810800
6.921,3,Dec 17 2023 12: +0,1702814400
6.91,2,Dec 17 2023 13: +0,1702818000
7.276,2,Dec 17 2023 14: +0,1702821600
7.04,2,Dec 17 2023 15: +0,1702825200
7.146,2,Dec 17 2023 16: +0,1702828800
6.859,1,Dec 17 2023 17: +0,1702832400
7.081,5,Dec 17 2023 18: +0,1702836000
6.739,3,Dec 17 2023 19: +0,1702839600
7.209,1,Dec 17 2023 20: +0,1702843200
6.942,4,Dec 17 2023 22: +0,1702850400
7.218,2,Dec 17 2023 23: +0,1702854000
7.266,1,Dec 18 2023 02: +0,1702864800
6.476,1,Dec 18 2023 06: +0,1702879200
6.637,2,Dec 18 2023 07: +0,1702882800
7.05,1,Dec 18 2023 08: +0,1702886400
6.982,2,Dec 18 2023 09: +0,1702890000
7.007,1,Dec 18 2023 10: +0,1702893600
6.959,3,Dec 18 2023 11: +0,1702897200
7.047,1,Dec 18 2023 13: +0,1702904400
7.041,3,Dec 18 2023 14: +0,1702908000
6.888,2,Dec 18 2023 15: +0,1702911600
7.241,2,Dec 18 2023 16: +0,1702915200
7.053,5,Dec 18 2023 17: +0,1702918800
7.469,5,Dec 18 2023 18: +0,1702922400
6.601,2,Dec 18 2023 19: +0,1702926000
6.821,4,Dec 18 2023 20: +0,1702929600
6.753,2,Dec 18 2023 21: +0,1702933200
6.544,2,Dec 18 2023 23: +0,1702940400
6.772,2,Dec 19 2023 00: +0,1702944000
6.904,2,Dec 19 2023 03: +0,1702954800
7.218,1,Dec 19 2023 08: +0,1702972800
7.132,1,Dec 19 2023 09: +0,1702976400
6.823,2,Dec 19 2023 10: +0,1702980000
6.951,1,Dec 19 2023 11: +0,1702983600
6.539,1,Dec 19 2023 12: +0,1702987200
7.075,2,Dec 19 2023 13: +0,1702990800
6.759,1,Dec 19 2023 14: +0,1702994400
7.206,2,Dec 19 2023 16: +0,1703001600
7.032,2,Dec 19 2023 17: +0,1703005200
7.112,2,Dec 19 2023 18: +0,1703008800
6.584,4,Dec 19 2023 19: +0,1703012400
7.146,7,Dec 19 2023 20: +0,1703016000
7.216,5,Dec 19 2023 21: +0,1703019600
6.97,2,Dec 19 2023 22: +0,1703023200
6.781,1,Dec 20 2023 04: +0,1703044800
6.933,2,Dec 20 2023 05: +0,1703048400
6.898,2,Dec 20 2023 07: +0,1703055600
6.315,1,Dec 20 2023 08: +0,1703059200
7.045,1,Dec 20 2023 09: +0,1703062800
7.064,3,Dec 20 2023 10: +0,1703066400
6.757,1,Dec 20 2023 11: +0,1703070000
6.747,6,Dec 20 2023 12: +0,1703073600
6.975,5,Dec 20 2023 13: +0,1703077200
7.145,5,Dec 20 2023 15: +0,1703084400
6.865,2,Dec 20 2023 16: +0,1703088000
7.034,1,Dec 20 2023 17: +0,1703091600
6.893,3,Dec 20 2023 18: +0,1703095200
6.724,4,Dec 20 2023 19: +0,1703098800
6.781,3,Dec 20 2023 20: +0,1703102400
7.219,3,Dec 20 2023 21: +0,1703106000
7.249,4,Dec 20 2023 22: +0,1703109600
7.263,1,Dec 20 2023 23: +0,1703113200
7.202,2,Dec 21 2023 00: +0,1703116800
6.707,1,Dec 21 2023 01: +0,1703120400
6.713,1,Dec 21 2023 03: +0,1703127600
7.019,2,Dec 21 2023 05: +0,1703134800
7.014,1,Dec 21 2023 06: +0,1703138400
7.145,1,Dec 21 2023 08: +0,1703145600
7.028,2,Dec 21 2023 09: +0,1703149200
7.013,1,Dec 21 2023 10: +0,1703152800
6.668,1,Dec 21 2023 11: +0,1703156400
6.708,2,Dec 21 2023 12: +0,1703160000
6.613,4,Dec 21 2023 13: +0,1703163600
6.783,2,Dec 21 2023 14: +0,1703167200
6.917,2,Dec 21 2023 15: +0,1703170800
6.749,2,Dec 21 2023 16: +0,1703174400
6.87,3,Dec 21 2023 17: +0,1703178000
6.886,3,Dec 21 2023 18: +0,1703181600
6.659,3,Dec 21 2023 19: +0,1703185200
6.399,3,Dec 21 2023 20: +0,1703188800
6.73,2,Dec 21 2023 21: +0,1703192400
6.62,1,Dec 21 2023 22: +0,1703196000
6.819,2,Dec 22 2023 00: +0,1703203200
6.298,1,Dec 22 2023 02: +0,1703210400
6.69,1,Dec 22 2023 03: +0,1703214000
6.724,2,Dec 22 2023 04: +0,1703217600
6.557,2,Dec 22 2023 05: +0,1703221200
6.745,1,Dec 22 2023 06: +0,1703224800
5.943,1,Dec 22 2023 07: +0,1703228400
6.302,2,Dec 22 2023 08: +0,1703232000
6.375,4,Dec 22 2023 09: +0,1703235600
6.69,1,Dec 22 2023 10: +0,1703239200
6.782,2,Dec 22 2023 11: +0,1703242800
6.773,1,Dec 22 2023 12: +0,1703246400
7.723,2,Dec 22 2023 13: +0,1703250000
6.784,5,Dec 22 2023 14: +0,1703253600
6.675,3,Dec 22 2023 15: +0,1703257200
6.232,4,Dec 22 2023 16: +0,1703260800
6.341,3,Dec 22 2023 17: +0,1703264400
6.427,5,Dec 22 2023 18: +0,1703268000
6.192,2,Dec 22 2023 19: +0,1703271600
6.374,7,Dec 22 2023 20: +0,1703275200
6.353,3,Dec 22 2023 21: +0,1703278800
6.416,4,Dec 22 2023 22: +0,1703282400
6.597,3,Dec 22 2023 23: +0,1703286000
6.294,2,Dec 23 2023 00: +0,1703289600
6.663,1,Dec 23 2023 01: +0,1703293200
6.684,1,Dec 23 2023 02: +0,1703296800
6.745,1,Dec 23 2023 03: +0,1703300400
6.741,2,Dec 23 2023 06: +0,1703311200
6.81,1,Dec 23 2023 07: +0,1703314800
7.297,1,Dec 23 2023 08: +0,1703318400
6.698,3,Dec 23 2023 09: +0,1703322000
7.065,2,Dec 23 2023 10: +0,1703325600
6.336,1,Dec 23 2023 11: +0,1703329200
6.911,3,Dec 23 2023 12: +0,1703332800
6.958,1,Dec 23 2023 13: +0,1703336400
6.878,2,Dec 23 2023 14: +0,1703340000
6.898,4,Dec 23 2023 15: +0,1703343600
6.742,2,Dec 23 2023 16: +0,1703347200
6.883,7,Dec 23 2023 17: +0,1703350800
6.869,2,Dec 23 2023 18: +0,1703354400
6.905,5,Dec 23 2023 19: +0,1703358000
6.327,5,Dec 23 2023 20: +0,1703361600
6.888,5,Dec 23 2023 21: +0,1703365200
6.802,1,Dec 23 2023 22: +0,1703368800
6.81,2,Dec 23 2023 23: +0,1703372400
6.608,2,Dec 24 2023 00: +0,1703376000
6.589,3,Dec 24 2023 01: +0,1703379600
6.652,2,Dec 24 2023 02: +0,1703383200
6.912,3,Dec 24 2023 03: +0,1703386800
6.814,1,Dec 24 2023 04: +0,1703390400
6.934,1,Dec 24 2023 06: +0,1703397600
7.113,2,Dec 24 2023 08: +0,1703404800
6.708,4,Dec 24 2023 09: +0,1703408400
6.817,1,Dec 24 2023 10: +0,1703412000
6.95,2,Dec 24 2023 11: +0,1703415600
7.097,1,Dec 24 2023 12: +0,1703419200
6.936,2,Dec 24 2023 13: +0,1703422800
6.852,2,Dec 24 2023 14: +0,1703426400
7.097,1,Dec 24 2023 15: +0,1703430000
6.817,5,Dec 24 2023 16: +0,1703433600
7.004,1,Dec 24 2023 17: +0,1703437200
7.08,4,Dec 24 2023 18: +0,1703440800
7.092,2,Dec 24 2023 19: +0,1703444400
6.967,1,Dec 24 2023 20: +0,1703448000
7.088,3,Dec 24 2023 21: +0,1703451600
7.106,1,Dec 24 2023 22: +0,1703455200
6.715,3,Dec 24 2023 23: +0,1703458800
6.731,1,Dec 25 2023 03: +0,1703473200
6.883,1,Dec 25 2023 05: +0,1703480400
6.816,2,Dec 25 2023 06: +0,1703484000
6.744,2,Dec 25 2023 08: +0,1703491200
6.84,1,Dec 25 2023 09: +0,1703494800
6.849,2,Dec 25 2023 10: +0,1703498400
6.809,1,Dec 25 2023 11: +0,1703502000
6.943,3,Dec 25 2023 12: +0,1703505600
7.088,3,Dec 25 2023 13: +0,1703509200
7.178,2,Dec 25 2023 14: +0,1703512800
7.005,4,Dec 25 2023 15: +0,1703516400
7.114,2,Dec 25 2023 16: +0,1703520000
6.809,5,Dec 25 2023 17: +0,1703523600
6.77,3,Dec 25 2023 18: +0,1703527200
6.762,5,Dec 25 2023 19: +0,1703530800
7.028,4,Dec 25 2023 20: +0,1703534400
7.043,2,Dec 25 2023 21: +0,1703538000
7.094,4,Dec 25 2023 22: +0,1703541600
7.108,3,Dec 25 2023 23: +0,1703545200
7.222,2,Dec 26 2023 00: +0,1703548800
7.057,1,Dec 26 2023 02: +0,1703556000
7.022,1,Dec 26 2023 03: +0,1703559600
7.187,1,Dec 26 2023 05: +0,1703566800
6.849,2,Dec 26 2023 06: +0,1703570400
6.982,3,Dec 26 2023 09: +0,1703581200
7.1,3,Dec 26 2023 10: +0,1703584800
6.99,7,Dec 26 2023 13: +0,1703595600
6.904,3,Dec 26 2023 16: +0,1703606400
7.124,1,Dec 26 2023 17: +0,1703610000
7.132,5,Dec 26 2023 18: +0,1703613600
7.215,2,Dec 26 2023 20: +0,1703620800
6.636,1,Dec 26 2023 21: +0,1703624400
6.274,1,Dec 26 2023 22: +0,1703628000
7.089,2,Dec 26 2023 23: +0,1703631600
6.518,1,Dec 27 2023 01: +0,1703638800
6.967,2,Dec 27 2023 03: +0,1703646000
7.405,2,Dec 27 2023 04: +0,1703649600
7.078,2,Dec 27 2023 05: +0,1703653200
6.534,1,Dec 27 2023 07: +0,1703660400
7.046,1,Dec 27 2023 09: +0,1703667600
6.917,2,Dec 27 2023 10: +0,1703671200
6.573,2,Dec 27 2023 11: +0,1703674800
7.152,1,Dec 27 2023 12: +0,1703678400
6.916,3,Dec 27 2023 14: +0,1703685600
6.878,2,Dec 27 2023 15: +0,1703689200
7.109,4,Dec 27 2023 16: +0,1703692800
7.028,4,Dec 27 2023 17: +0,1703696400
7.14,2,Dec 27 2023 18: +0,1703700000
6.841,6,Dec 27 2023 19: +0,1703703600
6.298,1,Dec 27 2023 21: +0,1703710800
7.06,2,Dec 27 2023 22: +0,1703714400
7.006,3,Dec 28 2023 00: +0,1703721600
7.085,1,Dec 28 2023 01: +0,1703725200
6.942,2,Dec 28 2023 02: +0,1703728800
7.015,3,Dec 28 2023 03: +0,1703732400
7.088,1,Dec 28 2023 04: +0,1703736000
6.723,1,Dec 28 2023 07: +0,1703746800
6.794,1,Dec 28 2023 08: +0,1703750400
6.985,1,Dec 28 2023 09: +0,1703754000
6.827,3,Dec 28 2023 11: +0,1703761200
7.157,2,Dec 28 2023 12: +0,1703764800
6.761,2,Dec 28 2023 13: +0,1703768400
7.108,3,Dec 28 2023 14: +0,1703772000
6.937,1,Dec 28 2023 15: +0,1703775600
6.978,4,Dec 28 2023 16: +0,1703779200
6.827,3,Dec 28 2023 17: +0,1703782800
7.148,1,Dec 28 2023 18: +0,1703786400
6.518,5,Dec 28 2023 20: +0,1703793600
6.985,7,Dec 28 2023 21: +0,1703797200
6.731,1,Dec 28 2023 22: +0,1703800800
7.628,1,Dec 29 2023 00: +0,1703808000
6.922,1,Dec 29 2023 01: +0,1703811600
6.77,1,Dec 29 2023 02: +0,1703815200
6.801,2,Dec 29 2023 03: +0,1703818800
6.707,2,Dec 29 2023 05: +0,1703826000
6.836,1,Dec 29 2023 07: +0,1703833200
6.485,1,Dec 29 2023 08: +0,1703836800
6.288,2,Dec 29 2023 09: +0,1703840400
6.654,2,Dec 29 2023 10: +0,1703844000
6.88,2,Dec 29 2023 11: +0,1703847600
6.911,4,Dec 29 2023 12: +0,1703851200
7.124,2,Dec 29 2023 14: +0,1703858400
7.124,3,Dec 29 2023 15: +0,1703862000
6.79,1,Dec 29 2023 17: +0,1703869200
7.05,1,Dec 29 2023 18: +0,1703872800
6.844,2,Dec 29 2023 19: +0,1703876400
6.906,1,Dec 29 2023 20: +0,1703880000
6.817,5,Dec 29 2023 21: +0,1703883600
6.871,1,Dec 29 2023 22: +0,1703887200
6.952,2,Dec 29 2023 23: +0,1703890800
6.855,2,Dec 30 2023 00: +0,1703894400
6.798,2,Dec 30 2023 01: +0,1703898000
6.927,1,Dec 30 2023 03: +0,1703905200
7.0,2,Dec 30 2023 05: +0,1703912400
7.043,2,Dec 30 2023 07: +0,1703919600
7.088,1,Dec 30 2023 08: +0,1703923200
6.927,1,Dec 30 2023 09: +0,1703926800
7.129,2,Dec 30 2023 10: +0,1703930400
7.123,3,Dec 30 2023 11: +0,1703934000
7.092,3,Dec 30 2023 12: +0,1703937600
7.077,1,Dec 30 2023 14: +0,1703944800
7.12,2,Dec 30 2023 15: +0,1703948400
7.226,2,Dec 30 2023 16: +0,1703952000
7.181,2,Dec 30 2023 18: +0,1703959200
6.818,2,Dec 30 2023 19: +0,1703962800
6.943,3,Dec 30 2023 20: +0,1703966400
6.92,1,Dec 30 2023 21: +0,1703970000
6.006,1,Dec 30 2023 22: +0,1703973600
6.01,3,Dec 30 2023 23: +0,1703977200
6.927,5,Dec 31 2023 00: +0,1703980800
7.089,1,Dec 31 2023 01: +0,1703984400
7.034,1,Dec 31 2023 02: +0,1703988000
6.526,1,Dec 31 2023 03: +0,1703991600
6.88,1,Dec 31 2023 04: +0,1703995200
6.978,2,Dec 31 2023 06: +0,1704002400
7.048,1,Dec 31 2023 07: +0,1704006000
7.038,3,Dec 31 2023 09: +0,1704013200
7.088,1,Dec 31 2023 11: +0,1704020400
7.092,5,Dec 31 2023 12: +0,1704024000
6.774,2,Dec 31 2023 13: +0,1704027600
6.454,2,Dec 31 2023 14: +0,1704031200
6.697,1,Dec 31 2023 15: +0,1704034800
6.908,4,Dec 31 2023 16: +0,1704038400
7.051,4,Dec 31 2023 18: +0,1704045600
6.568,3,Dec 31 2023 19: +0,1704049200
7.246,1,Dec 31 2023 20: +0,1704052800
6.387,2,Dec 31 2023 21: +0,1704056400
6.332,3,Dec 31 2023 22: +0,1704060000
7.212,1,Dec 31 2023 23: +0,1704063600
6.682,2,Jan 01 2024 00: +0,1704067200
6.982,1,Jan 01 2024 02: +0,1704074400
6.98,3,Jan 01 2024 05: +0,1704085200
7.827,1,Jan 01 2024 06: +0,1704088800
7.103,1,Jan 01 2024 08: +0,1704096000
8.526,1,Jan 01 2024 09: +0,1704099600
6.711,2,Jan 01 2024 10: +0,1704103200
6.602,2,Jan 01 2024 11: +0,1704106800
6.501,4,Jan 01 2024 13: +0,1704114000
6.585,4,Jan 01 2024 14: +0,1704117600
6.676,3,Jan 01 2024 15: +0,1704121200
7.074,3,Jan 01 2024 16: +0,1704124800
6.178,4,Jan 01 2024 17: +0,1704128400
7.144,3,Jan 01 2024 18: +0,1704132000
6.875,2,Jan 01 2024 19: +0,1704135600
7.118,2,Jan 01 2024 20: +0,1704139200
7.03,2,Jan 01 2024 22: +0,1704146400
6.599,1,Jan 01 2024 23: +0,1704150000
6.576,1,Jan 02 2024 00: +0,1704153600
6.607,3,Jan 02 2024 03: +0,1704164400
6.949,1,Jan 02 2024 06: +0,1704175200
7.032,1,Jan 02 2024 07: +0,1704178800
6.521,1,Jan 02 2024 09: +0,1704186000
6.958,2,Jan 02 2024 10: +0,1704189600
6.915,2,Jan 02 2024 11: +0,1704193200
6.767,2,Jan 02 2024 12: +0,1704196800
7.16,4,Jan 02 2024 13: +0,1704200400
7.158,2,Jan 02 2024 14: +0,1704204000
6.936,1,Jan 02 2024 17: +0,1704214800
6.883,1,Jan 02 2024 18: +0,1704218400
6.966,2,Jan 02 2024 19: +0,1704222000
6.869,3,Jan 02 2024 20: +0,1704225600
6.611,2,Jan 02 2024 23: +0,1704236400
6.085,2,Jan 03 2024 00: +0,1704240000
6.607,1,Jan 03 2024 01: +0,1704243600
4.948,1,Jan 03 2024 02: +0,1704247200
6.126,1,Jan 03 2024 03: +0,1704250800
6.544,1,Jan 03 2024 04: +0,1704254400
5.928,1,Jan 03 2024 05: +0,1704258000
6.675,2,Jan 03 2024 07: +0,1704265200
6.684,1,Jan 03 2024 09: +0,1704272400
7.169,1,Jan 03 2024 10: +0,1704276000
6.806,4,Jan 03 2024 11: +0,1704279600
6.816,1,Jan 03 2024 12: +0,1704283200
6.774,2,Jan 03 2024 13: +0,1704286800
6.821,6,Jan 03 2024 15: +0,1704294000
6.894,6,Jan 03 2024 16: +0,1704297600
6.994,2,Jan 03 2024 17: +0,1704301200
7.117,1,Jan 03 2024 18: +0,1704304800
6.839,2,Jan 03 2024 19: +0,1704308400
7.02,2,Jan 03 2024 20: +0,1704312000
7.079,3,Jan 03 2024 22: +0,1704319200
6.796,1,Jan 03 2024 23: +0,1704322800
6.856,3,Jan 04 2024 00: +0,1704326400
7.13,1,Jan 04 2024 01: +0,1704330000
6.929,2,Jan 04 2024 03: +0,1704337200
5.909,1,Jan 04 2024 05: +0,1704344400
6.818,4,Jan 04 2024 07: +0,1704351600
6.774,2,Jan 04 2024 08: +0,1704355200
6.849,4,Jan 04 2024 10: +0,1704362400
6.812,3,Jan 04 2024 11: +0,1704366000
7.095,2,Jan 04 2024 12: +0,1704369600
6.788,2,Jan 04 2024 13: +0,1704373200
7.029,2,Jan 04 2024 14: +0,1704376800
6.906,1,Jan 04 2024 15: +0,1704380400
6.859,3,Jan 04 2024 16: +0,1704384000
6.922,3,Jan 04 2024 17: +0,1704387600
6.889,2,Jan 04 2024 18: +0,1704391200
7.002,2,Jan 04 2024 19: +0,1704394800
6.987,5,Jan 04 2024 21: +0,1704402000
6.97,4,Jan 04 2024 22: +0,1704405600
7.022,4,Jan 04 2024 23: +0,1704409200
6.914,2,Jan 05 2024 00: +0,1704412800
6.181,2,Jan 05 2024 01: +0,1704416400
6.363,1,Jan 05 2024 03: +0,1704423600
7.082,1,Jan 05 2024 04: +0,1704427200
6.914,1,Jan 05 2024 05: +0,1704430800
7.1,1,Jan 05 2024 06: +0,1704434400
7.075,2,Jan 05 2024 08: +0,1704441600
6.739,2,Jan 05 2024 09: +0,1704445200
7.092,1,Jan 05 2024 10: +0,1704448800
7.122,3,Jan 05 2024 12: +0,1704456000
7.016,6,Jan 05 2024 13: +0,1704459600
6.808,3,Jan 05 2024 14: +0,1704463200
7.013,3,Jan 05 2024 15: +0,1704466800
6.025,2,Jan 05 2024 16: +0,1704470400
6.494,4,Jan 05 2024 17: +0,1704474000
6.902,3,Jan 05 2024 18: +0,1704477600
7.04,2,Jan 05 2024 19: +0,1704481200
6.977,5,Jan 05 2024 20: +0,1704484800
6.714,2,Jan 05 2024 21: +0,1704488400
6.677,2,Jan 05 2024 22: +0,1704492000
6.709,4,Jan 05 2024 23: +0,1704495600
6.721,2,Jan 06 2024 00: +0,1704499200
7.188,1,Jan 06 2024 01: +0,1704502800
6.813,1,Jan 06 2024 03: +0,1704510000
6.403,1,Jan 06 2024 04: +0,1704513600
6.904,2,Jan 06 2024 05: +0,1704517200
6.906,1,Jan 06 2024 06: +0,1704520800
6.907,1,Jan 06 2024 08: +0,1704528000
7.144,3,Jan 06 2024 10: +0,1704535200
7.119,2,Jan 06 2024 12: +0,1704542400
6.886,3,Jan 06 2024 13: +0,1704546000
6.906,4,Jan 06 2024 14: +0,1704549600
7.176,3,Jan 06 2024 15: +0,1704553200
7.094,5,Jan 06 2024 16: +0,1704556800
7.176,3,Jan 06 2024 17: +0,1704560400
7.008,2,Jan 06 2024 18: +0,1704564000
6.318,2,Jan 06 2024 19: +0,1704567600
6.55,2,Jan 06 2024 20: +0,1704571200
7.123,4,Jan 06 2024 21: +0,1704574800
7.171,3,Jan 06 2024 22: +0,1704578400
6.411,2,Jan 06 2024 23: +0,1704582000
6.865,3,Jan 07 2024 00: +0,1704585600
6.293,1,Jan 07 2024 01: +0,1704589200
7.186,1,Jan 07 2024 02: +0,1704592800
7.182,1,Jan 07 2024 03: +0,1704596400
7.408,3,Jan 07 2024 06: +0,1704607200
7.081,5,Jan 07 2024 07: +0,1704610800
7.18,3,Jan 07 2024 10: +0,1704621600
7.126,4,Jan 07 2024 12: +0,1704628800
7.023,2,Jan 07 2024 15: +0,1704639600
7.073,4,Jan 07 2024 16: +0,1704643200
7.139,2,Jan 07 2024 17: +0,1704646800
6.763,3,Jan 07 2024 18: +0,1704650400
7.119,1,Jan 07 2024 19: +0,1704654000
6.886,3,Jan 07 2024 20: +0,1704657600
7.154,5,Jan 07 2024 21: +0,1704661200
7.191,3,Jan 07 2024 22: +0,1704664800
6.371,1,Jan 07 2024 23: +0,1704668400
6.762,1,Jan 08 2024 00: +0,1704672000
7.093,2,Jan 08 2024 03: +0,1704682800
6.721,2,Jan 08 2024 06: +0,1704693600
7.1,2,Jan 08 2024 09: +0,1704704400
6.89,1,Jan 08 2024 10: +0,1704708000
7.155,2,Jan 08 2024 11: +0,1704711600
7.164,2,Jan 08 2024 12: +0,1704715200
7.046,2,Jan 08 2024 14: +0,1704722400
7.166,1,Jan 08 2024 15: +0,1704726000
7.148,1,Jan 08 2024 16: +0,1704729600
7.174,2,Jan 08 2024 17: +0,1704733200
7.2,3,Jan 08 2024 18: +0,1704736800
7.083,2,Jan 08 2024 19: +0,1704740400
7.236,1,Jan 08 2024 20: +0,1704744000
7.162,2,Jan 08 2024 21: +0,1704747600
6.851,3,Jan 08 2024 22: +0,1704751200
7.273,3,Jan 09 2024 00: +0,1704758400
7.336,1,Jan 09 2024 01: +0,1704762000
7.353,1,Jan 09 2024 03: +0,1704769200
7.354,3,Jan 09 2024 07: +0,1704783600
6.741,1,Jan 09 2024 08: +0,1704787200
6.301,1,Jan 09 2024 09: +0,1704790800
7.312,1,Jan 09 2024 10: +0,1704794400
7.367,3,Jan 09 2024 11: +0,1704798000
8.322,1,Jan 09 2024 13: +0,1704805200
7.222,1,Jan 09 2024 14: +0,1704808800
6.962,2,Jan 09 2024 15: +0,1704812400
6.897,2,Jan 09 2024 16: +0,1704816000
6.925,3,Jan 09 2024 17: +0,1704819600
6.943,2,Jan 09 2024 18: +0,1704823200
6.851,1,Jan 09 2024 19: +0,1704826800
6.909,5,Jan 09 2024 21: +0,1704834000
6.922,1,Jan 09 2024 22: +0,1704837600
6.302,2,Jan 10 2024 00: +0,1704844800
5.443,3,Jan 10 2024 02: +0,1704852000
6.474,1,Jan 10 2024 03: +0,1704855600
6.458,1,Jan 10 2024 06: +0,1704866400
7.079,1,Jan 10 2024 07: +0,1704870000
6.934,1,Jan 10 2024 09: +0,1704877200
6.466,1,Jan 10 2024 10: +0,1704880800
6.458,3,Jan 10 2024 11: +0,1704884400
6.927,4,Jan 10 2024 12: +0,1704888000
6.773,2,Jan 10 2024 13: +0,1704891600
6.642,2,Jan 10 2024 14: +0,1704895200
6.473,3,Jan 10 2024 15: +0,1704898800
6.543,4,Jan 10 2024 16: +0,1704902400
6.438,6,Jan 10 2024 17: +0,1704906000
7.119,7,Jan 10 2024 18: +0,1704909600
7.079,1,Jan 10 2024 19: +0,1704913200
7.119,3,Jan 10 2024 20: +0,1704916800
6.321,1,Jan 10 2024 22: +0,1704924000
6.458,2,Jan 10 2024 23: +0,1704927600
6.542,1,Jan 11 2024 00: +0,1704931200
6.489,1,Jan 11 2024 01: +0,1704934800
6.564,1,Jan 11 2024 03: +0,1704942000
7.001,3,Jan 11 2024 10: +0,1704967200
6.82,1,Jan 11 2024 13: +0,1704978000
6.82,3,Jan 11 2024 15: +0,1704985200
6.45,1,Jan 11 2024 16: +0,1704988800
6.826,3,Jan 11 2024 17: +0,1704992400
6.631,5,Jan 11 2024 19: +0,1704999600
6.685,4,Jan 11 2024 20: +0,1705003200
6.991,3,Jan 11 2024 21: +0,1705006800
7.034,2,Jan 11 2024 22: +0,1705010400
6.616,2,Jan 11 2024 23: +0,1705014000
6.492,2,Jan 12 2024 00: +0,1705017600
7.034,1,Jan 12 2024 01: +0,1705021200
6.522,1,Jan 12 2024 02: +0,1705024800
7.043,3,Jan 12 2024 04: +0,1705032000
6.973,1,Jan 12 2024 06: +0,1705039200
7.085,2,Jan 12 2024 07: +0,1705042800
7.085,1,Jan 12 2024 08: +0,1705046400
6.522,1,Jan 12 2024 09: +0,1705050000
7.085,1,Jan 12 2024 10: +0,1705053600
6.522,1,Jan 12 2024 11: +0,1705057200
6.79,4,Jan 12 2024 12: +0,1705060800
7.086,2,Jan 12 2024 13: +0,1705064400
7.793,1,Jan 12 2024 15: +0,1705071600
6.82,2,Jan 12 2024 16: +0,1705075200
6.978,1,Jan 12 2024 17: +0,1705078800
6.553,1,Jan 12 2024 18: +0,1705082400
6.964,2,Jan 12 2024 19: +0,1705086000
6.312,2,Jan 12 2024 20: +0,1705089600
6.695,4,Jan 12 2024 21: +0,1705093200
6.923,1,Jan 12 2024 22: +0,1705096800
6.544,3,Jan 12 2024 23: +0,1705100400
7.162,1,Jan 13 2024 02: +0,1705111200
6.546,1,Jan 13 2024 04: +0,1705118400
6.854,1,Jan 13 2024 05: +0,1705122000
6.614,1,Jan 13 2024 07: +0,1705129200
6.758,2,Jan 13 2024 09: +0,1705136400
6.838,1,Jan 13 2024 11: +0,1705143600
6.855,1,Jan 13 2024 12: +0,1705147200
6.773,3,Jan 13 2024 13: +0,1705150800
6.55,4,Jan 13 2024 14: +0,1705154400
6.236,1,Jan 13 2024 15: +0,1705158000
6.834,1,Jan 13 2024 16: +0,1705161600
6.594,3,Jan 13 2024 17: +0,1705165200
6.716,1,Jan 13 2024 18: +0,1705168800
6.71,4,Jan 13 2024 19: +0,1705172400
6.656,1,Jan 13 2024 20: +0,1705176000
6.766,5,Jan 13 2024 21: +0,1705179600
7.028,5,Jan 13 2024 22: +0,1705183200
6.718,1,Jan 13 2024 23: +0,1705186800
5.608,2,Jan 14 2024 00: +0,1705190400
6.616,1,Jan 14 2024 01: +0,1705194000
6.896,1,Jan 14 2024 03: +0,1705201200
6.652,2,Jan 14 2024 07: +0,1705215600
6.985,1,Jan 14 2024 08: +0,1705219200
6.29,1,Jan 14 2024 09: +0,1705222800
6.412,3,Jan 14 2024 10: +0,1705226400
7.056,2,Jan 14 2024 12: +0,1705233600
7.816,2,Jan 14 2024 13: +0,1705237200
6.785,1,Jan 14 2024 14: +0,1705240800
7.107,1,Jan 14 2024 15: +0,1705244400
6.994,2,Jan 14 2024 16: +0,1705248000
6.941,5,Jan 14 2024 17: +0,1705251600
6.039,4,Jan 14 2024 18: +0,1705255200
7.105,1,Jan 14 2024 19: +0,1705258800
6.488,2,Jan 14 2024 20: +0,1705262400
6.229,2,Jan 14 2024 21: +0,1705266000
6.488,1,Jan 14 2024 22: +0,1705269600
7.098,1,Jan 15 2024 00: +0,1705276800
7.038,1,Jan 15 2024 03: +0,1705287600
7.092,1,Jan 15 2024 04: +0,1705291200
6.996,1,Jan 15 2024 06: +0,1705298400
6.227,1,Jan 15 2024 09: +0,1705309200
6.766,3,Jan 15 2024 10: +0,1705312800
6.82,1,Jan 15 2024 11: +0,1705316400
6.66,1,Jan 15 2024 13: +0,1705323600
6.466,2,Jan 15 2024 14: +0,1705327200
6.701,4,Jan 15 2024 15: +0,1705330800
6.653,2,Jan 15 2024 16: +0,1705334400
7.1,1,Jan 15 2024 17: +0,1705338000
7.071,4,Jan 15 2024 18: +0,1705341600
6.886,4,Jan 15 2024 19: +0,1705345200
6.721,4,Jan 15 2024 20: +0,1705348800
6.919,4,Jan 15 2024 21: +0,1705352400
7.051,1,Jan 15 2024 22: +0,1705356000
6.923,1,Jan 15 2024 23: +0,1705359600
7.015,1,Jan 16 2024 00: +0,1705363200
6.239,1,Jan 16 2024 02: +0,1705370400
6.971,2,Jan 16 2024 03: +0,1705374000
7.043,2,Jan 16 2024 04: +0,1705377600
7.018,2,Jan 16 2024 10: +0,1705399200
6.865,1,Jan 16 2024 11: +0,1705402800
6.557,2,Jan 16 2024 12: +0,1705406400
6.597,2,Jan 16 2024 13: +0,1705410000
7.015,1,Jan 16 2024 14: +0,1705413600
7.02,1,Jan 16 2024 15: +0,1705417200
6.751,1,Jan 16 2024 16: +0,1705420800
6.956,3,Jan 16 2024 17: +0,1705424400
6.857,1,Jan 16 2024 18: +0,1705428000
7.273,2,Jan 16 2024 19: +0,1705431600
6.956,1,Jan 16 2024 20: +0,1705435200
6.742,2,Jan 16 2024 21: +0,1705438800
6.943,1,Jan 16 2024 22: +0,1705442400
6.403,1,Jan 16 2024 23: +0,1705446000
6.745,1,Jan 17 2024 02: +0,1705456800
6.336,1,Jan 17 2024 03: +0,1705460400
6.379,1,Jan 17 2024 04: +0,1705464000
6.601,1,Jan 17 2024 05: +0,1705467600
6.55,2,Jan 17 2024 06: +0,1705471200
6.732,2,Jan 17 2024 08: +0,1705478400
6.748,1,Jan 17 2024 09: +0,1705482000
6.626,1,Jan 17 2024 10: +0,1705485600
5.66,2,Jan 17 2024 11: +0,1705489200
6.449,2,Jan 17 2024 12: +0,1705492800
6.662,1,Jan 17 2024 13: +0,1705496400
6.67,7,Jan 17 2024 14: +0,1705500000
6.672,3,Jan 17 2024 15: +0,1705503600
6.538,4,Jan 17 2024 16: +0,1705507200
6.895,3,Jan 17 2024 17: +0,1705510800
6.99,1,Jan 17 2024 18: +0,1705514400
6.628,2,Jan 17 2024 19: +0,1705518000
6.646,2,Jan 17 2024 20: +0,1705521600
6.255,2,Jan 17 2024 21: +0,1705525200
5.747,1,Jan 17 2024 23: +0,1705532400
5.32,1,Jan 18 2024 00: +0,1705536000
6.136,1,Jan 18 2024 01: +0,1705539600
6.569,3,Jan 18 2024 02: +0,1705543200
6.486,2,Jan 18 2024 03: +0,1705546800
6.755,1,Jan 18 2024 04: +0,1705550400
6.718,1,Jan 18 2024 07: +0,1705561200
6.865,2,Jan 18 2024 08: +0,1705564800
6.866,1,Jan 18 2024 09: +0,1705568400
6.617,5,Jan 18 2024 12: +0,1705579200
6.871,1,Jan 18 2024 13: +0,1705582800
6.863,2,Jan 18 2024 14: +0,1705586400
6.782,3,Jan 18 2024 15: +0,1705590000
6.871,1,Jan 18 2024 16: +0,1705593600
6.832,5,Jan 18 2024 18: +0,1705600800
6.369,2,Jan 18 2024 19: +0,1705604400
6.182,6,Jan 18 2024 20: +0,1705608000
6.545,3,Jan 18 2024 21: +0,1705611600
6.561,1,Jan 18 2024 22: +0,1705615200
6.545,1,Jan 19 2024 01: +0,1705626000
6.419,1,Jan 19 2024 03: +0,1705633200
6.854,1,Jan 19 2024 04: +0,1705636800
6.598,2,Jan 19 2024 06: +0,1705644000
6.861,2,Jan 19 2024 07: +0,1705647600
6.921,1,Jan 19 2024 08: +0,1705651200
6.566,4,Jan 19 2024 11: +0,1705662000
6.704,2,Jan 19 2024 12: +0,1705665600
6.19,1,Jan 19 2024 13: +0,1705669200
6.123,1,Jan 19 2024 14: +0,1705672800
6.782,2,Jan 19 2024 15: +0,1705676400
6.547,4,Jan 19 2024 16: +0,1705680000
6.813,4,Jan 19 2024 17: +0,1705683600
6.684,7,Jan 19 2024 18: +0,1705687200
6.861,4,Jan 19 2024 19: +0,1705690800
6.876,3,Jan 19 2024 20: +0,1705694400
6.899,2,Jan 19 2024 21: +0,1705698000
6.911,3,Jan 19 2024 22: +0,1705701600
6.19,3,Jan 19 2024 23: +0,1705705200
6.818,1,Jan 20 2024 00: +0,1705708800
6.408,2,Jan 20 2024 01: +0,1705712400
6.941,3,Jan 20 2024 03: +0,1705719600
6.158,1,Jan 20 2024 04: +0,1705723200
6.703,1,Jan 20 2024 05: +0,1705726800
6.944,1,Jan 20 2024 07: +0,1705734000
6.956,1,Jan 20 2024 09: +0,1705741200
6.519,2,Jan 20 2024 10: +0,1705744800
6.382,2,Jan 20 2024 11: +0,1705748400
6.557,2,Jan 20 2024 12: +0,1705752000
6.403,1,Jan 20 2024 13: +0,1705755600
6.549,2,Jan 20 2024 14: +0,1705759200
6.619,1,Jan 20 2024 15: +0,1705762800
6.547,1,Jan 20 2024 16: +0,1705766400
6.541,1,Jan 20 2024 17: +0,1705770000
6.927,1,Jan 20 2024 18: +0,1705773600
5.904,1,Jan 20 2024 20: +0,1705780800
6.643,2,Jan 20 2024 21: +0,1705784400
6.01,2,Jan 20 2024 22: +0,1705788000
6.527,3,Jan 20 2024 23: +0,1705791600
6.593,1,Jan 21 2024 00: +0,1705795200
6.523,1,Jan 21 2024 02: +0,1705802400
6.589,1,Jan 21 2024 04: +0,1705809600
6.618,3,Jan 21 2024 05: +0,1705813200
6.409,2,Jan 21 2024 07: +0,1705820400
6.101,1,Jan 21 2024 08: +0,1705824000
6.268,2,Jan 21 2024 09: +0,1705827600
6.447,1,Jan 21 2024 11: +0,1705834800
6.461,3,Jan 21 2024 12: +0,1705838400
6.442,1,Jan 21 2024 13: +0,1705842000
6.284,3,Jan 21 2024 14: +0,1705845600
6.424,1,Jan 21 2024 15: +0,1705849200
6.513,1,Jan 21 2024 16: +0,1705852800
6.168,2,Jan 21 2024 17: +0,1705856400
6.35,2,Jan 21 2024 18: +0,1705860000
6.249,5,Jan 21 2024 19: +0,1705863600
6.387,3,Jan 21 2024 20: +0,1705867200
6.395,2,Jan 21 2024 21: +0,1705870800
6.518,3,Jan 21 2024 22: +0,1705874400
5.831,2,Jan 22 2024 00: +0,1705881600
6.731,1,Jan 22 2024 01: +0,1705885200
6.261,2,Jan 22 2024 02: +0,1705888800
5.896,1,Jan 22 2024 03: +0,1705892400
6.156,1,Jan 22 2024 08: +0,1705910400
5.998,1,Jan 22 2024 11: +0,1705921200
6.111,3,Jan 22 2024 12: +0,1705924800
6.038,2,Jan 22 2024 14: +0,1705932000
5.723,3,Jan 22 2024 15: +0,1705935600
6.018,6,Jan 22 2024 16: +0,1705939200
6.073,3,Jan 22 2024 17: +0,1705942800
6.153,2,Jan 22 2024 19: +0,1705950000
6.086,4,Jan 22 2024 20: +0,1705953600
5.983,3,Jan 22 2024 21: +0,1705957200
6.226,2,Jan 22 2024 22: +0,1705960800
5.936,1,Jan 22 2024 23: +0,1705964400
6.033,3,Jan 23 2024 03: +0,1705978800
6.375,1,Jan 23 2024 04: +0,1705982400
6.376,1,Jan 23 2024 05: +0,1705986000
5.973,2,Jan 23 2024 06: +0,1705989600
6.046,1,Jan 23 2024 09: +0,1706000400
5.838,1,Jan 23 2024 10: +0,1706004000
6.046,1,Jan 23 2024 12: +0,1706011200
5.347,1,Jan 23 2024 13: +0,1706014800
6.166,2,Jan 23 2024 14: +0,1706018400
6.275,3,Jan 23 2024 15: +0,1706022000
6.238,2,Jan 23 2024 16: +0,1706025600
6.219,1,Jan 23 2024 17: +0,1706029200
6.215,3,Jan 23 2024 18: +0,1706032800
6.087,2,Jan 23 2024 19: +0,1706036400
6.215,1,Jan 23 2024 20: +0,1706040000
6.232,3,Jan 23 2024 21: +0,1706043600
5.538,2,Jan 24 2024 00: +0,1706054400
6.03,1,Jan 24 2024 01: +0,1706058000
5.932,1,Jan 24 2024 02: +0,1706061600
6.042,1,Jan 24 2024 03: +0,1706065200
6.037,1,Jan 24 2024 04: +0,1706068800
6.039,3,Jan 24 2024 05: +0,1706072400
6.132,1,Jan 24 2024 07: +0,1706079600
6.062,1,Jan 24 2024 09: +0,1706086800
6.132,1,Jan 24 2024 10: +0,1706090400
5.916,2,Jan 24 2024 14: +0,1706104800
5.911,1,Jan 24 2024 16: +0,1706112000
5.83,2,Jan 24 2024 17: +0,1706115600
5.82,2,Jan 24 2024 18: +0,1706119200
5.9,2,Jan 24 2024 19: +0,1706122800
6.022,2,Jan 24 2024 20: +0,1706126400
5.785,3,Jan 24 2024 21: +0,1706130000
5.883,3,Jan 24 2024 23: +0,1706137200
5.896,1,Jan 25 2024 00: +0,1706140800
5.817,1,Jan 25 2024 01: +0,1706144400
5.865,1,Jan 25 2024 02: +0,1706148000
5.906,1,Jan 25 2024 05: +0,1706158800
5.932,1,Jan 25 2024 07: +0,1706166000
5.849,3,Jan 25 2024 08: +0,1706169600
5.928,1,Jan 25 2024 09: +0,1706173200
5.932,1,Jan 25 2024 10: +0,1706176800
6.112,1,Jan 25 2024 11: +0,1706180400
6.101,4,Jan 25 2024 13: +0,1706187600
6.091,1,Jan 25 2024 14: +0,1706191200
5.857,1,Jan 25 2024 16: +0,1706198400
5.975,2,Jan 25 2024 17: +0,1706202000
5.644,2,Jan 25 2024 18: +0,1706205600
6.051,4,Jan 25 2024 19: +0,1706209200
6.061,5,Jan 25 2024 20: +0,1706212800
5.947,6,Jan 25 2024 21: +0,1706216400
6.081,2,Jan 25 2024 22: +0,1706220000
5.76,2,Jan 26 2024 00: +0,1706227200
5.924,2,Jan 26 2024 02: +0,1706234400
5.133,1,Jan 26 2024 05: +0,1706245200
5.762,3,Jan 26 2024 07: +0,1706252400
6.114,2,Jan 26 2024 09: +0,1706259600
6.069,1,Jan 26 2024 10: +0,1706263200
6.101,1,Jan 26 2024 11: +0,1706266800
6.005,1,Jan 26 2024 12: +0,1706270400
6.113,3,Jan 26 2024 14: +0,1706277600
6.038,3,Jan 26 2024 15: +0,1706281200
5.654,3,Jan 26 2024 16: +0,1706284800
5.86,4,Jan 26 2024 17: +0,1706288400
5.881,6,Jan 26 2024 18: +0,1706292000
5.936,1,Jan 26 2024 19: +0,1706295600
6.089,2,Jan 26 2024 21: +0,1706302800
6.159,5,Jan 26 2024 22: +0,1706306400
6.124,2,Jan 26 2024 23: +0,1706310000
6.169,3,Jan 27 2024 01: +0,1706317200
6.165,1,Jan 27 2024 02: +0,1706320800
5.553,1,Jan 27 2024 03: +0,1706324400
6.165,1,Jan 27 2024 05: +0,1706331600
6.173,4,Jan 27 2024 06: +0,1706335200
5.728,1,Jan 27 2024 07: +0,1706338800
6.072,1,Jan 27 2024 08: +0,1706342400
5.577,1,Jan 27 2024 10: +0,1706349600
5.768,1,Jan 27 2024 11: +0,1706353200
5.752,2,Jan 27 2024 12: +0,1706356800
5.926,2,Jan 27 2024 13: +0,1706360400
5.886,2,Jan 27 2024 14: +0,1706364000
5.857,4,Jan 27 2024 15: +0,1706367600
6.066,2,Jan 27 2024 16: +0,1706371200
6.076,1,Jan 27 2024 17: +0,1706374800
6.083,1,Jan 27 2024 18: +0,1706378400
6.165,3,Jan 27 2024 19: +0,1706382000
6.171,4,Jan 27 2024 20: +0,1706385600
5.898,3,Jan 27 2024 21: +0,1706389200
5.925,2,Jan 27 2024 22: +0,1706392800
6.222,1,Jan 28 2024 00: +0,1706400000
6.17,1,Jan 28 2024 01: +0,1706403600
6.054,2,Jan 28 2024 03: +0,1706410800
5.827,2,Jan 28 2024 04: +0,1706414400
6.277,1,Jan 28 2024 05: +0,1706418000
5.593,2,Jan 28 2024 08: +0,1706428800
6.244,1,Jan 28 2024 10: +0,1706436000
6.436,1,Jan 28 2024 12: +0,1706443200
6.105,3,Jan 28 2024 13: +0,1706446800
6.245,4,Jan 28 2024 14: +0,1706450400
6.311,1,Jan 28 2024 15: +0,1706454000
5.776,3,Jan 28 2024 16: +0,1706457600
6.326,2,Jan 28 2024 17: +0,1706461200
5.948,2,Jan 28 2024 18: +0,1706464800
6.301,3,Jan 28 2024 19: +0,1706468400
7.94,1,Jan 28 2024 20: +0,1706472000
6.395,5,Jan 28 2024 21: +0,1706475600
6.394,3,Jan 28 2024 22: +0,1706479200
5.29,1,Jan 29 2024 00: +0,1706486400
6.153,1,Jan 29 2024 02: +0,1706493600
5.974,2,Jan 29 2024 04: +0,1706500800
6.084,1,Jan 29 2024 07: +0,1706511600
6.498,2,Jan 29 2024 10: +0,1706522400
6.697,1,Jan 29 2024 11: +0,1706526000
6.78,1,Jan 29 2024 12: +0,1706529600
5.18,1,Jan 29 2024 15: +0,1706540400
6.586,3,Jan 29 2024 16: +0,1706544000
5.663,3,Jan 29 2024 17: +0,1706547600
6.16,1,Jan 29 2024 19: +0,1706554800
5.845,1,Jan 29 2024 20: +0,1706558400
6.188,2,Jan 29 2024 21: +0,1706562000
6.247,2,Jan 29 2024 22: +0,1706565600
6.03,2,Jan 30 2024 04: +0,1706587200
6.167,1,Jan 30 2024 07: +0,1706598000
5.879,1,Jan 30 2024 09: +0,1706605200
6.115,2,Jan 30 2024 10: +0,1706608800
6.159,1,Jan 30 2024 11: +0,1706612400
6.529,2,Jan 30 2024 13: +0,1706619600
6.157,7,Jan 30 2024 15: +0,1706626800
6.185,1,Jan 30 2024 16: +0,1706630400
6.386,1,Jan 30 2024 17: +0,1706634000
6.427,3,Jan 30 2024 18: +0,1706637600
6.452,1,Jan 30 2024 20: +0,1706644800
6.477,2,Jan 30 2024 21: +0,1706648400
6.522,3,Jan 30 2024 23: +0,1706655600
5.998,1,Jan 31 2024 02: +0,1706666400
6.602,1,Jan 31 2024 04: +0,1706673600
5.998,1,Jan 31 2024 06: +0,1706680800
5.888,1,Jan 31 2024 07: +0,1706684400
6.006,1,Jan 31 2024 09: +0,1706691600
6.386,2,Jan 31 2024 11: +0,1706698800
6.006,1,Jan 31 2024 12: +0,1706702400
5.148,1,Jan 31 2024 13: +0,1706706000
6.376,2,Jan 31 2024 14: +0,1706709600
6.598,6,Jan 31 2024 15: +0,1706713200
6.006,1,Jan 31 2024 16: +0,1706716800
6.537,2,Jan 31 2024 17: +0,1706720400
5.796,2,Jan 31 2024 18: +0,1706724000
6.091,1,Jan 31 2024 19: +0,1706727600
6.211,2,Jan 31 2024 20: +0,1706731200
6.538,1,Jan 31 2024 21: +0,1706734800
6.314,1,Feb 01 2024 07: +0,1706770800
6.34,3,Feb 01 2024 09: +0,1706778000
6.229,1,Feb 01 2024 10: +0,1706781600
6.347,2,Feb 01 2024 11: +0,1706785200
6.19,2,Feb 01 2024 12: +0,1706788800
6.3,1,Feb 01 2024 13: +0,1706792400
6.359,3,Feb 01 2024 14: +0,1706796000
6.404,3,Feb 01 2024 15: +0,1706799600
6.332,4,Feb 01 2024 16: +0,1706803200
6.328,6,Feb 01 2024 17: +0,1706806800
6.482,3,Feb 01 2024 18: +0,1706810400
5.878,5,Feb 01 2024 20: +0,1706817600
6.441,4,Feb 01 2024 21: +0,1706821200
6.497,1,Feb 01 2024 22: +0,1706824800
6.333,2,Feb 01 2024 23: +0,1706828400
6.368,1,Feb 02 2024 02: +0,1706839200
6.715,2,Feb 02 2024 08: +0,1706860800
6.496,1,Feb 02 2024 09: +0,1706864400
6.508,1,Feb 02 2024 10: +0,1706868000
6.566,1,Feb 02 2024 11: +0,1706871600
6.576,2,Feb 02 2024 12: +0,1706875200
6.613,2,Feb 02 2024 13: +0,1706878800
6.284,1,Feb 02 2024 14: +0,1706882400
6.284,4,Feb 02 2024 15: +0,1706886000
6.351,2,Feb 02 2024 16: +0,1706889600
6.64,2,Feb 02 2024 17: +0,1706893200
6.704,2,Feb 02 2024 18: +0,1706896800
6.107,2,Feb 02 2024 19: +0,1706900400
6.661,1,Feb 02 2024 20: +0,1706904000
6.44,1,Feb 02 2024 21: +0,1706907600
6.61,3,Feb 02 2024 22: +0,1706911200
6.471,4,Feb 02 2024 23: +0,1706914800
6.601,2,Feb 03 2024 00: +0,1706918400
6.453,2,Feb 03 2024 01: +0,1706922000
6.665,1,Feb 03 2024 02: +0,1706925600
6.646,2,Feb 03 2024 04: +0,1706932800
6.824,1,Feb 03 2024 05: +0,1706936400
6.88,1,Feb 03 2024 07: +0,1706943600
6.639,1,Feb 03 2024 08: +0,1706947200
6.034,2,Feb 03 2024 10: +0,1706954400
6.284,1,Feb 03 2024 11: +0,1706958000
6.508,3,Feb 03 2024 12: +0,1706961600
6.565,4,Feb 03 2024 14: +0,1706968800
6.656,2,Feb 03 2024 15: +0,1706972400
6.276,1,Feb 03 2024 16: +0,1706976000
6.276,3,Feb 03 2024 17: +0,1706979600
6.681,3,Feb 03 2024 18: +0,1706983200
6.284,1,Feb 03 2024 19: +0,1706986800
6.595,3,Feb 03 2024 20: +0,1706990400
5.958,1,Feb 03 2024 21: +0,1706994000
6.705,1,Feb 03 2024 23: +0,1707001200
6.495,2,Feb 04 2024 00: +0,1707004800
6.155,2,Feb 04 2024 06: +0,1707026400
6.332,1,Feb 04 2024 08: +0,1707033600
6.604,1,Feb 04 2024 09: +0,1707037200
6.221,2,Feb 04 2024 10: +0,1707040800
6.397,4,Feb 04 2024 11: +0,1707044400
6.358,2,Feb 04 2024 12: +0,1707048000
6.281,2,Feb 04 2024 13: +0,1707051600
6.359,2,Feb 04 2024 14: +0,1707055200
6.336,2,Feb 04 2024 15: +0,1707058800
6.229,2,Feb 04 2024 16: +0,1707062400
6.551,3,Feb 04 2024 17: +0,1707066000
6.582,3,Feb 04 2024 18: +0,1707069600
6.596,3,Feb 04 2024 19: +0,1707073200
6.714,2,Feb 04 2024 20: +0,1707076800
6.711,2,Feb 04 2024 21: +0,1707080400
6.733,1,Feb 04 2024 22: +0,1707084000
6.731,1,Feb 04 2024 23: +0,1707087600
6.665,1,Feb 05 2024 03: +0,1707102000
6.752,1,Feb 05 2024 05: +0,1707109200
6.72,2,Feb 05 2024 06: +0,1707112800
6.638,1,Feb 05 2024 07: +0,1707116400
6.679,1,Feb 05 2024 08: +0,1707120000
6.493,1,Feb 05 2024 11: +0,1707130800
6.343,2,Feb 05 2024 12: +0,1707134400
6.332,1,Feb 05 2024 14: +0,1707141600
6.43,5,Feb 05 2024 15: +0,1707145200
6.389,4,Feb 05 2024 16: +0,1707148800
6.22,3,Feb 05 2024 17: +0,1707152400
6.717,3,Feb 05 2024 18: +0,1707156000
6.715,1,Feb 05 2024 19: +0,1707159600
6.679,3,Feb 05 2024 20: +0,1707163200
6.715,1,Feb 05 2024 21: +0,1707166800
6.777,1,Feb 05 2024 22: +0,1707170400
6.713,1,Feb 05 2024 23: +0,1707174000
6.559,1,Feb 06 2024 01: +0,1707181200
6.483,1,Feb 06 2024 03: +0,1707188400
6.603,1,Feb 06 2024 05: +0,1707195600
6.772,2,Feb 06 2024 07: +0,1707202800
6.723,1,Feb 06 2024 08: +0,1707206400
6.046,1,Feb 06 2024 11: +0,1707217200
6.225,1,Feb 06 2024 13: +0,1707224400
6.146,2,Feb 06 2024 14: +0,1707228000
6.378,2,Feb 06 2024 15: +0,1707231600
6.286,1,Feb 06 2024 17: +0,1707238800
5.767,4,Feb 06 2024 18: +0,1707242400
6.132,4,Feb 06 2024 19: +0,1707246000
6.226,2,Feb 06 2024 20: +0,1707249600
6.395,1,Feb 06 2024 21: +0,1707253200
5.945,1,Feb 06 2024 22: +0,1707256800
5.875,1,Feb 07 2024 00: +0,1707264000
6.003,2,Feb 07 2024 01: +0,1707267600
6.356,1,Feb 07 2024 02: +0,1707271200
6.173,1,Feb 07 2024 03: +0,1707274800
6.358,6,Feb 07 2024 04: +0,1707278400
6.233,2,Feb 07 2024 05: +0,1707282000
6.126,2,Feb 07 2024 06: +0,1707285600
6.179,1,Feb 07 2024 07: +0,1707289200
6.226,1,Feb 07 2024 08: +0,1707292800
5.909,3,Feb 07 2024 09: +0,1707296400
6.4,6,Feb 07 2024 10: +0,1707300000
6.269,2,Feb 07 2024 11: +0,1707303600
6.368,9,Feb 07 2024 12: +0,1707307200
6.403,9,Feb 07 2024 13: +0,1707310800
6.729,3,Feb 07 2024 14: +0,1707314400
6.671,2,Feb 07 2024 15: +0,1707318000
6.264,4,Feb 07 2024 16: +0,1707321600
6.669,7,Feb 07 2024 17: +0,1707325200
6.006,5,Feb 07 2024 18: +0,1707328800
6.796,5,Feb 07 2024 19: +0,1707332400
6.802,7,Feb 07 2024 20: +0,1707336000
6.756,9,Feb 07 2024 21: +0,1707339600
6.797,2,Feb 07 2024 22: +0,1707343200
6.494,5,Feb 07 2024 23: +0,1707346800
6.896,5,Feb 08 2024 00: +0,1707350400
6.893,2,Feb 08 2024 01: +0,1707354000
6.945,1,Feb 08 2024 02: +0,1707357600
6.362,2,Feb 08 2024 04: +0,1707364800
6.08,2,Feb 08 2024 05: +0,1707368400
6.708,4,Feb 08 2024 06: +0,1707372000
6.395,1,Feb 08 2024 07: +0,1707375600
6.739,3,Feb 08 2024 08: +0,1707379200
6.811,5,Feb 08 2024 09: +0,1707382800
5.919,1,Feb 08 2024 10: +0,1707386400
6.719,1,Feb 08 2024 11: +0,1707390000
6.354,2,Feb 08 2024 12: +0,1707393600
6.291,2,Feb 08 2024 13: +0,1707397200
6.749,5,Feb 08 2024 14: +0,1707400800
6.793,1,Feb 08 2024 15: +0,1707404400
6.771,4,Feb 08 2024 16: +0,1707408000
6.801,6,Feb 08 2024 17: +0,1707411600
6.887,6,Feb 08 2024 18: +0,1707415200
6.451,7,Feb 08 2024 19: +0,1707418800
6.866,6,Feb 08 2024 20: +0,1707422400
6.905,10,Feb 08 2024 21: +0,1707426000
7.007,3,Feb 08 2024 22: +0,1707429600
6.852,6,Feb 08 2024 23: +0,1707433200
6.824,5,Feb 09 2024 00: +0,1707436800
6.233,2,Feb 09 2024 01: +0,1707440400
6.997,2,Feb 09 2024 02: +0,1707444000
6.692,1,Feb 09 2024 03: +0,1707447600
6.996,2,Feb 09 2024 04: +0,1707451200
7.055,3,Feb 09 2024 05: +0,1707454800
7.142,2,Feb 09 2024 06: +0,1707458400
6.551,1,Feb 09 2024 08: +0,1707465600
6.675,2,Feb 09 2024 09: +0,1707469200
6.526,4,Feb 09 2024 10: +0,1707472800
6.756,7,Feb 09 2024 11: +0,1707476400
6.834,7,Feb 09 2024 12: +0,1707480000
6.91,2,Feb 09 2024 13: +0,1707483600
6.951,5,Feb 09 2024 14: +0,1707487200
6.993,7,Feb 09 2024 15: +0,1707490800
7.143,4,Feb 09 2024 16: +0,1707494400
7.154,5,Feb 09 2024 17: +0,1707498000
7.137,5,Feb 09 2024 18: +0,1707501600
7.001,4,Feb 09 2024 19: +0,1707505200
6.927,8,Feb 09 2024 20: +0,1707508800
6.524,5,Feb 09 2024 21: +0,1707512400
7.109,3,Feb 09 2024 22: +0,1707516000
7.1,3,Feb 09 2024 23: +0,1707519600
7.193,2,Feb 10 2024 00: +0,1707523200
7.25,2,Feb 10 2024 01: +0,1707526800
7.347,2,Feb 10 2024 02: +0,1707530400
7.17,1,Feb 10 2024 04: +0,1707537600
6.783,1,Feb 10 2024 06: +0,1707544800
7.351,1,Feb 10 2024 07: +0,1707548400
4.979,1,Feb 10 2024 08: +0,1707552000
7.193,4,Feb 10 2024 09: +0,1707555600
7.281,3,Feb 10 2024 10: +0,1707559200
7.122,4,Feb 10 2024 11: +0,1707562800
7.295,2,Feb 10 2024 12: +0,1707566400
7.152,2,Feb 10 2024 13: +0,1707570000
6.994,3,Feb 10 2024 14: +0,1707573600
7.356,5,Feb 10 2024 15: +0,1707577200
6.899,3,Feb 10 2024 16: +0,1707580800
6.827,6,Feb 10 2024 17: +0,1707584400
6.825,2,Feb 10 2024 18: +0,1707588000
6.964,5,Feb 10 2024 19: +0,1707591600
7.027,6,Feb 10 2024 20: +0,1707595200
6.761,2,Feb 10 2024 21: +0,1707598800
7.353,5,Feb 10 2024 22: +0,1707602400
7.479,5,Feb 10 2024 23: +0,1707606000
7.361,3,Feb 11 2024 00: +0,1707609600
7.595,3,Feb 11 2024 01: +0,1707613200
7.745,3,Feb 11 2024 02: +0,1707616800
7.633,1,Feb 11 2024 04: +0,1707624000
7.702,2,Feb 11 2024 05: +0,1707627600
7.919,1,Feb 11 2024 06: +0,1707631200
8.044,1,Feb 11 2024 08: +0,1707638400
7.081,4,Feb 11 2024 11: +0,1707649200
6.843,3,Feb 11 2024 12: +0,1707652800
6.835,6,Feb 11 2024 13: +0,1707656400
6.74,5,Feb 11 2024 14: +0,1707660000
6.878,8,Feb 11 2024 15: +0,1707663600
6.912,3,Feb 11 2024 16: +0,1707667200
7.281,3,Feb 11 2024 17: +0,1707670800
7.283,3,Feb 11 2024 18: +0,1707674400
7.292,7,Feb 11 2024 19: +0,1707678000
7.315,2,Feb 11 2024 20: +0,1707681600
7.351,5,Feb 11 2024 21: +0,1707685200
7.333,5,Feb 11 2024 22: +0,1707688800
7.146,2,Feb 11 2024 23: +0,1707692400
6.828,2,Feb 12 2024 01: +0,1707699600
7.632,1,Feb 12 2024 02: +0,1707703200
7.519,1,Feb 12 2024 03: +0,1707706800
7.476,1,Feb 12 2024 05: +0,1707714000
7.037,1,Feb 12 2024 06: +0,1707717600
7.519,2,Feb 12 2024 07: +0,1707721200
7.558,3,Feb 12 2024 08: +0,1707724800
6.389,1,Feb 12 2024 09: +0,1707728400
6.917,2,Feb 12 2024 11: +0,1707735600
7.458,7,Feb 12 2024 13: +0,1707742800
7.187,5,Feb 12 2024 15: +0,1707750000
7.2,2,Feb 12 2024 16: +0,1707753600
7.257,3,Feb 12 2024 17: +0,1707757200
6.651,2,Feb 12 2024 18: +0,1707760800
6.882,5,Feb 12 2024 19: +0,1707764400
7.297,1,Feb 12 2024 20: +0,1707768000
7.368,3,Feb 12 2024 21: +0,1707771600
7.364,2,Feb 12 2024 22: +0,1707775200
6.925,4,Feb 12 2024 23: +0,1707778800
7.355,2,Feb 13 2024 00: +0,1707782400
7.387,2,Feb 13 2024 04: +0,1707796800
6.983,2,Feb 13 2024 05: +0,1707800400
7.52,1,Feb 13 2024 07: +0,1707807600
7.522,3,Feb 13 2024 08: +0,1707811200
6.915,4,Feb 13 2024 09: +0,1707814800
7.52,2,Feb 13 2024 11: +0,1707822000
7.291,1,Feb 13 2024 13: +0,1707829200
7.241,4,Feb 13 2024 14: +0,1707832800
7.363,1,Feb 13 2024 15: +0,1707836400
7.269,3,Feb 13 2024 16: +0,1707840000
7.539,1,Feb 13 2024 17: +0,1707843600
7.066,5,Feb 13 2024 18: +0,1707847200
7.282,3,Feb 13 2024 19: +0,1707850800
7.076,1,Feb 13 2024 20: +0,1707854400
7.042,3,Feb 13 2024 21: +0,1707858000
7.083,3,Feb 13 2024 22: +0,1707861600
6.776,2,Feb 13 2024 23: +0,1707865200
6.708,2,Feb 14 2024 00: +0,1707868800
7.235,1,Feb 14 2024 01: +0,1707872400
6.636,2,Feb 14 2024 03: +0,1707879600
6.923,1,Feb 14 2024 05: +0,1707886800
7.266,4,Feb 14 2024 06: +0,1707890400
7.288,1,Feb 14 2024 07: +0,1707894000
7.141,2,Feb 14 2024 08: +0,1707897600
6.413,1,Feb 14 2024 09: +0,1707901200
6.615,4,Feb 14 2024 11: +0,1707908400
6.615,2,Feb 14 2024 12: +0,1707912000
6.884,3,Feb 14 2024 13: +0,1707915600
6.859,3,Feb 14 2024 14: +0,1707919200
6.469,1,Feb 14 2024 15: +0,1707922800
6.893,2,Feb 14 2024 16: +0,1707926400
6.928,6,Feb 14 2024 17: +0,1707930000
6.737,3,Feb 14 2024 18: +0,1707933600
6.562,2,Feb 14 2024 19: +0,1707937200
6.373,2,Feb 14 2024 20: +0,1707940800
6.909,4,Feb 14 2024 21: +0,1707944400
6.808,2,Feb 14 2024 22: +0,1707948000
6.762,2,Feb 14 2024 23: +0,1707951600
6.443,1,Feb 15 2024 00: +0,1707955200
5.927,1,Feb 15 2024 01: +0,1707958800
6.278,1,Feb 15 2024 02: +0,1707962400
6.453,1,Feb 15 2024 03: +0,1707966000
6.81,1,Feb 15 2024 04: +0,1707969600
6.804,2,Feb 15 2024 07: +0,1707980400
6.459,1,Feb 15 2024 08: +0,1707984000
6.403,3,Feb 15 2024 09: +0,1707987600
6.395,3,Feb 15 2024 10: +0,1707991200
6.422,2,Feb 15 2024 11: +0,1707994800
6.403,5,Feb 15 2024 12: +0,1707998400
6.448,7,Feb 15 2024 13: +0,1708002000
6.271,2,Feb 15 2024 14: +0,1708005600
6.829,3,Feb 15 2024 15: +0,1708009200
6.974,2,Feb 15 2024 16: +0,1708012800
6.837,1,Feb 15 2024 17: +0,1708016400
6.507,3,Feb 15 2024 18: +0,1708020000
6.78,2,Feb 15 2024 19: +0,1708023600
6.823,7,Feb 15 2024 20: +0,1708027200
6.413,5,Feb 15 2024 21: +0,1708030800
6.68,2,Feb 15 2024 22: +0,1708034400
7.049,2,Feb 15 2024 23: +0,1708038000
6.413,1,Feb 16 2024 00: +0,1708041600
6.295,2,Feb 16 2024 01: +0,1708045200
6.66,1,Feb 16 2024 04: +0,1708056000
6.573,1,Feb 16 2024 05: +0,1708059600
6.965,1,Feb 16 2024 07: +0,1708066800
6.736,4,Feb 16 2024 08: +0,1708070400
6.855,1,Feb 16 2024 10: +0,1708077600
6.863,1,Feb 16 2024 11: +0,1708081200
6.82,2,Feb 16 2024 12: +0,1708084800
6.871,3,Feb 16 2024 13: +0,1708088400
6.816,2,Feb 16 2024 14: +0,1708092000
7.165,6,Feb 16 2024 16: +0,1708099200
7.368,2,Feb 16 2024 17: +0,1708102800
7.055,4,Feb 16 2024 18: +0,1708106400
7.074,1,Feb 16 2024 19: +0,1708110000
6.648,4,Feb 16 2024 20: +0,1708113600
7.12,7,Feb 16 2024 21: +0,1708117200
6.89,1,Feb 16 2024 22: +0,1708120800
7.17,3,Feb 16 2024 23: +0,1708124400
6.396,2,Feb 17 2024 00: +0,1708128000
6.899,1,Feb 17 2024 01: +0,1708131600
6.942,1,Feb 17 2024 02: +0,1708135200
6.756,1,Feb 17 2024 03: +0,1708138800
7.028,1,Feb 17 2024 04: +0,1708142400
6.749,1,Feb 17 2024 06: +0,1708149600
6.389,1,Feb 17 2024 08: +0,1708156800
6.633,3,Feb 17 2024 09: +0,1708160400
6.453,2,Feb 17 2024 10: +0,1708164000
6.528,3,Feb 17 2024 11: +0,1708167600
6.639,5,Feb 17 2024 12: +0,1708171200
6.088,4,Feb 17 2024 13: +0,1708174800
6.181,8,Feb 17 2024 14: +0,1708178400
6.533,5,Feb 17 2024 15: +0,1708182000
6.429,3,Feb 17 2024 16: +0,1708185600
6.386,9,Feb 17 2024 17: +0,1708189200
6.182,1,Feb 17 2024 18: +0,1708192800
6.615,2,Feb 17 2024 19: +0,1708196400
6.679,3,Feb 17 2024 20: +0,1708200000
6.615,7,Feb 17 2024 21: +0,1708203600
6.625,3,Feb 17 2024 22: +0,1708207200
6.218,2,Feb 17 2024 23: +0,1708210800
6.206,3,Feb 18 2024 00: +0,1708214400
6.211,1,Feb 18 2024 03: +0,1708225200
6.225,1,Feb 18 2024 04: +0,1708228800
7.128,1,Feb 18 2024 05: +0,1708232400
6.388,2,Feb 18 2024 06: +0,1708236000
6.693,1,Feb 18 2024 07: +0,1708239600
6.259,4,Feb 18 2024 09: +0,1708246800
6.688,3,Feb 18 2024 10: +0,1708250400
6.483,1,Feb 18 2024 11: +0,1708254000
6.986,2,Feb 18 2024 12: +0,1708257600
6.917,2,Feb 18 2024 13: +0,1708261200
6.699,2,Feb 18 2024 14: +0,1708264800
6.256,4,Feb 18 2024 15: +0,1708268400
6.539,3,Feb 18 2024 16: +0,1708272000
6.492,2,Feb 18 2024 17: +0,1708275600
6.043,3,Feb 18 2024 18: +0,1708279200
5.948,3,Feb 18 2024 19: +0,1708282800
6.33,6,Feb 18 2024 20: +0,1708286400
5.944,2,Feb 18 2024 21: +0,1708290000
6.359,3,Feb 18 2024 22: +0,1708293600
5.94,3,Feb 18 2024 23: +0,1708297200
6.612,1,Feb 19 2024 00: +0,1708300800
6.681,1,Feb 19 2024 03: +0,1708311600
6.722,1,Feb 19 2024 04: +0,1708315200
6.692,1,Feb 19 2024 05: +0,1708318800
6.327,1,Feb 19 2024 06: +0,1708322400
6.549,2,Feb 19 2024 07: +0,1708326000
6.636,1,Feb 19 2024 08: +0,1708329600
6.716,2,Feb 19 2024 10: +0,1708336800
6.274,3,Feb 19 2024 11: +0,1708340400
6.318,4,Feb 19 2024 12: +0,1708344000
6.717,2,Feb 19 2024 13: +0,1708347600
5.944,2,Feb 19 2024 14: +0,1708351200
6.252,4,Feb 19 2024 15: +0,1708354800
6.472,1,Feb 19 2024 16: +0,1708358400
6.712,2,Feb 19 2024 17: +0,1708362000
6.713,5,Feb 19 2024 18: +0,1708365600
6.698,5,Feb 19 2024 19: +0,1708369200
6.155,2,Feb 19 2024 20: +0,1708372800
6.051,5,Feb 19 2024 21: +0,1708376400
6.051,1,Feb 19 2024 22: +0,1708380000
6.211,2,Feb 19 2024 23: +0,1708383600
6.403,2,Feb 20 2024 00: +0,1708387200
5.522,1,Feb 20 2024 01: +0,1708390800
6.486,1,Feb 20 2024 04: +0,1708401600
5.709,1,Feb 20 2024 05: +0,1708405200
6.423,2,Feb 20 2024 07: +0,1708412400
6.488,1,Feb 20 2024 08: +0,1708416000
6.546,3,Feb 20 2024 09: +0,1708419600
5.656,3,Feb 20 2024 10: +0,1708423200
6.699,3,Feb 20 2024 11: +0,1708426800
6.143,3,Feb 20 2024 12: +0,1708430400
6.94,2,Feb 20 2024 13: +0,1708434000
6.35,3,Feb 20 2024 14: +0,1708437600
6.359,1,Feb 20 2024 15: +0,1708441200
6.002,1,Feb 20 2024 17: +0,1708448400
6.041,5,Feb 20 2024 18: +0,1708452000
6.041,2,Feb 20 2024 19: +0,1708455600
6.037,5,Feb 20 2024 20: +0,1708459200
6.051,3,Feb 20 2024 21: +0,1708462800
6.499,3,Feb 20 2024 22: +0,1708466400
6.652,2,Feb 20 2024 23: +0,1708470000
6.462,1,Feb 21 2024 03: +0,1708484400
6.604,2,Feb 21 2024 06: +0,1708495200
6.063,1,Feb 21 2024 07: +0,1708498800
6.056,2,Feb 21 2024 08: +0,1708502400
6.097,2,Feb 21 2024 09: +0,1708506000
6.157,1,Feb 21 2024 10: +0,1708509600
6.681,3,Feb 21 2024 11: +0,1708513200
6.653,3,Feb 21 2024 12: +0,1708516800
6.471,2,Feb 21 2024 13: +0,1708520400
6.366,2,Feb 21 2024 14: +0,1708524000
6.67,1,Feb 21 2024 15: +0,1708527600
6.236,2,Feb 21 2024 16: +0,1708531200
6.657,6,Feb 21 2024 17: +0,1708534800
6.674,3,Feb 21 2024 18: +0,1708538400
6.722,1,Feb 21 2024 19: +0,1708542000
6.781,5,Feb 21 2024 20: +0,1708545600
6.633,2,Feb 21 2024 21: +0,1708549200
6.926,1,Feb 21 2024 22: +0,1708552800
6.791,2,Feb 21 2024 23: +0,1708556400
6.484,2,Feb 22 2024 00: +0,1708560000
6.598,1,Feb 22 2024 04: +0,1708574400
6.312,2,Feb 22 2024 06: +0,1708581600
6.391,3,Feb 22 2024 09: +0,1708592400
6.557,1,Feb 22 2024 10: +0,1708596000
6.583,4,Feb 22 2024 11: +0,1708599600
6.338,2,Feb 22 2024 12: +0,1708603200
6.623,2,Feb 22 2024 13: +0,1708606800
6.587,2,Feb 22 2024 14: +0,1708610400
6.563,4,Feb 22 2024 15: +0,1708614000
6.162,4,Feb 22 2024 16: +0,1708617600
6.315,4,Feb 22 2024 17: +0,1708621200
6.277,2,Feb 22 2024 18: +0,1708624800
6.663,3,Feb 22 2024 19: +0,1708628400
6.729,7,Feb 22 2024 20: +0,1708632000
6.331,7,Feb 22 2024 21: +0,1708635600
6.556,2,Feb 22 2024 22: +0,1708639200
6.922,1,Feb 22 2024 23: +0,1708642800
7.085,3,Feb 23 2024 00: +0,1708646400
6.682,3,Feb 23 2024 01: +0,1708650000
6.665,1,Feb 23 2024 02: +0,1708653600
6.928,1,Feb 23 2024 04: +0,1708660800
6.846,4,Feb 23 2024 10: +0,1708682400
6.748,1,Feb 23 2024 11: +0,1708686000
6.766,3,Feb 23 2024 13: +0,1708693200
6.669,2,Feb 23 2024 14: +0,1708696800
6.768,4,Feb 23 2024 15: +0,1708700400
6.872,2,Feb 23 2024 16: +0,1708704000
6.741,4,Feb 23 2024 17: +0,1708707600
6.559,3,Feb 23 2024 18: +0,1708711200
6.872,1,Feb 23 2024 19: +0,1708714800
6.902,6,Feb 23 2024 20: +0,1708718400
6.945,2,Feb 23 2024 21: +0,1708722000
6.048,2,Feb 23 2024 22: +0,1708725600
6.364,1,Feb 23 2024 23: +0,1708729200
6.296,2,Feb 24 2024 00: +0,1708732800
6.359,1,Feb 24 2024 01: +0,1708736400
6.336,1,Feb 24 2024 03: +0,1708743600
6.414,1,Feb 24 2024 04: +0,1708747200
6.72,1,Feb 24 2024 05: +0,1708750800
6.584,1,Feb 24 2024 08: +0,1708761600
6.731,1,Feb 24 2024 09: +0,1708765200
6.717,4,Feb 24 2024 10: +0,1708768800
6.695,3,Feb 24 2024 11: +0,1708772400
6.605,3,Feb 24 2024 13: +0,1708779600
6.475,4,Feb 24 2024 14: +0,1708783200
6.493,3,Feb 24 2024 15: +0,1708786800
6.523,2,Feb 24 2024 16: +0,1708790400
6.704,5,Feb 24 2024 17: +0,1708794000
6.774,5,Feb 24 2024 18: +0,1708797600
6.847,2,Feb 24 2024 19: +0,1708801200
6.667,3,Feb 24 2024 20: +0,1708804800
6.711,7,Feb 24 2024 21: +0,1708808400
6.793,5,Feb 24 2024 22: +0,1708812000
6.845,3,Feb 24 2024 23: +0,1708815600
6.708,2,Feb 25 2024 00: +0,1708819200
6.819,2,Feb 25 2024 01: +0,1708822800
5.704,1,Feb 25 2024 02: +0,1708826400
6.602,1,Feb 25 2024 04: +0,1708833600
5.704,1,Feb 25 2024 06: +0,1708840800
6.91,2,Feb 25 2024 08: +0,1708848000
7.34,1,Feb 25 2024 09: +0,1708851600
6.177,4,Feb 25 2024 10: +0,1708855200
6.845,3,Feb 25 2024 11: +0,1708858800
6.144,1,Feb 25 2024 12: +0,1708862400
6.336,1,Feb 25 2024 13: +0,1708866000
6.094,4,Feb 25 2024 14: +0,1708869600
6.797,2,Feb 25 2024 15: +0,1708873200
6.842,2,Feb 25 2024 16: +0,1708876800
6.844,3,Feb 25 2024 17: +0,1708880400
6.879,5,Feb 25 2024 18: +0,1708884000
6.672,2,Feb 25 2024 19: +0,1708887600
6.544,4,Feb 25 2024 20: +0,1708891200
6.147,1,Feb 25 2024 21: +0,1708894800
6.711,1,Feb 25 2024 22: +0,1708898400
6.135,1,Feb 25 2024 23: +0,1708902000
6.328,1,Feb 26 2024 00: +0,1708905600
6.391,2,Feb 26 2024 01: +0,1708909200
6.32,1,Feb 26 2024 02: +0,1708912800
6.536,2,Feb 26 2024 03: +0,1708916400
6.602,1,Feb 26 2024 04: +0,1708920000
6.535,1,Feb 26 2024 06: +0,1708927200
6.575,3,Feb 26 2024 07: +0,1708930800
6.696,1,Feb 26 2024 08: +0,1708934400
6.713,1,Feb 26 2024 09: +0,1708938000
6.144,2,Feb 26 2024 12: +0,1708948800
6.457,2,Feb 26 2024 13: +0,1708952400
6.509,3,Feb 26 2024 14: +0,1708956000
6.319,2,Feb 26 2024 15: +0,1708959600
6.443,4,Feb 26 2024 16: +0,1708963200
6.584,1,Feb 26 2024 17: +0,1708966800
6.595,4,Feb 26 2024 18: +0,1708970400
6.586,5,Feb 26 2024 19: +0,1708974000
6.75,2,Feb 26 2024 20: +0,1708977600
6.675,7,Feb 26 2024 21: +0,1708981200
6.955,2,Feb 26 2024 22: +0,1708984800
6.405,1,Feb 27 2024 02: +0,1708999200
6.32,1,Feb 27 2024 03: +0,1709002800
6.596,1,Feb 27 2024 04: +0,1709006400
6.304,1,Feb 27 2024 05: +0,1709010000
6.809,2,Feb 27 2024 06: +0,1709013600
6.899,2,Feb 27 2024 07: +0,1709017200
6.894,3,Feb 27 2024 08: +0,1709020800
6.464,1,Feb 27 2024 09: +0,1709024400
6.646,2,Feb 27 2024 10: +0,1709028000
6.848,1,Feb 27 2024 11: +0,1709031600
6.383,3,Feb 27 2024 12: +0,1709035200
6.682,2,Feb 27 2024 13: +0,1709038800
6.884,3,Feb 27 2024 14: +0,1709042400
6.541,2,Feb 27 2024 15: +0,1709046000
6.649,3,Feb 27 2024 16: +0,1709049600
6.517,7,Feb 27 2024 17: +0,1709053200
6.662,4,Feb 27 2024 18: +0,1709056800
6.893,4,Feb 27 2024 19: +0,1709060400
6.879,1,Feb 27 2024 21: +0,1709067600
6.598,2,Feb 27 2024 22: +0,1709071200
6.373,2,Feb 27 2024 23: +0,1709074800
6.517,1,Feb 28 2024 00: +0,1709078400
5.451,1,Feb 28 2024 02: +0,1709085600
6.592,2,Feb 28 2024 03: +0,1709089200
6.636,2,Feb 28 2024 04: +0,1709092800
6.854,1,Feb 28 2024 05: +0,1709096400
6.854,1,Feb 28 2024 08: +0,1709107200
6.375,1,Feb 28 2024 10: +0,1709114400
6.865,4,Feb 28 2024 11: +0,1709118000
6.88,4,Feb 28 2024 12: +0,1709121600
6.665,4,Feb 28 2024 13: +0,1709125200
6.738,5,Feb 28 2024 15: +0,1709132400
6.647,2,Feb 28 2024 16: +0,1709136000
6.513,6,Feb 28 2024 17: +0,1709139600
6.517,3,Feb 28 2024 18: +0,1709143200
6.406,5,Feb 28 2024 19: +0,1709146800
6.586,2,Feb 28 2024 20: +0,1709150400
6.666,4,Feb 28 2024 21: +0,1709154000
6.58,1,Feb 28 2024 22: +0,1709157600
6.695,2,Feb 28 2024 23: +0,1709161200
6.721,1,Feb 29 2024 00: +0,1709164800
6.828,1,Feb 29 2024 01: +0,1709168400
6.717,1,Feb 29 2024 02: +0,1709172000
6.834,1,Feb 29 2024 05: +0,1709182800
6.515,2,Feb 29 2024 06: +0,1709186400
6.43,1,Feb 29 2024 07: +0,1709190000
6.864,2,Feb 29 2024 08: +0,1709193600
6.391,3,Feb 29 2024 10: +0,1709200800
6.618,3,Feb 29 2024 11: +0,1709204400
6.686,2,Feb 29 2024 12: +0,1709208000
6.595,2,Feb 29 2024 13: +0,1709211600
6.876,1,Feb 29 2024 14: +0,1709215200
6.898,6,Feb 29 2024 15: +0,1709218800
6.902,3,Feb 29 2024 16: +0,1709222400
6.847,4,Feb 29 2024 17: +0,1709226000
6.833,3,Feb 29 2024 18: +0,1709229600
6.92,3,Feb 29 2024 19: +0,1709233200
6.417,2,Feb 29 2024 20: +0,1709236800
6.502,7,Feb 29 2024 21: +0,1709240400
6.673,2,Feb 29 2024 22: +0,1709244000
6.934,1,Feb 29 2024 23: +0,1709247600
6.391,1,Mar 01 2024 00: +0,1709251200
6.913,2,Mar 01 2024 01: +0,1709254800
6.965,3,Mar 01 2024 02: +0,1709258400
6.335,1,Mar 01 2024 03: +0,1709262000
6.995,4,Mar 01 2024 04: +0,1709265600
6.987,1,Mar 01 2024 06: +0,1709272800
6.719,3,Mar 01 2024 07: +0,1709276400
6.995,3,Mar 01 2024 08: +0,1709280000
6.995,1,Mar 01 2024 09: +0,1709283600
6.853,3,Mar 01 2024 12: +0,1709294400
6.9,3,Mar 01 2024 13: +0,1709298000
6.814,1,Mar 01 2024 14: +0,1709301600
6.934,2,Mar 01 2024 15: +0,1709305200
6.763,3,Mar 01 2024 16: +0,1709308800
6.937,12,Mar 01 2024 17: +0,1709312400
7.052,6,Mar 01 2024 18: +0,1709316000
7.266,3,Mar 01 2024 19: +0,1709319600
6.639,2,Mar 01 2024 20: +0,1709323200
7.183,4,Mar 01 2024 21: +0,1709326800
6.999,3,Mar 01 2024 22: +0,1709330400
7.001,3,Mar 01 2024 23: +0,1709334000
6.951,1,Mar 02 2024 00: +0,1709337600
7.023,1,Mar 02 2024 01: +0,1709341200
6.427,2,Mar 02 2024 04: +0,1709352000
6.183,2,Mar 02 2024 05: +0,1709355600
6.712,2,Mar 02 2024 06: +0,1709359200
6.761,2,Mar 02 2024 07: +0,1709362800
6.681,2,Mar 02 2024 08: +0,1709366400
6.808,2,Mar 02 2024 09: +0,1709370000
7.172,1,Mar 02 2024 10: +0,1709373600
7.214,6,Mar 02 2024 11: +0,1709377200
7.415,1,Mar 02 2024 12: +0,1709380800
7.232,1,Mar 02 2024 13: +0,1709384400
6.815,5,Mar 02 2024 14: +0,1709388000
6.922,3,Mar 02 2024 15: +0,1709391600
6.969,4,Mar 02 2024 16: +0,1709395200
7.149,1,Mar 02 2024 17: +0,1709398800
6.886,2,Mar 02 2024 18: +0,1709402400
6.997,5,Mar 02 2024 19: +0,1709406000
6.343,3,Mar 02 2024 21: +0,1709413200
6.535,2,Mar 02 2024 22: +0,1709416800
6.726,3,Mar 02 2024 23: +0,1709420400
6.612,1,Mar 03 2024 00: +0,1709424000
6.853,1,Mar 03 2024 01: +0,1709427600
6.772,2,Mar 03 2024 04: +0,1709438400
6.826,1,Mar 03 2024 05: +0,1709442000
6.863,3,Mar 03 2024 06: +0,1709445600
6.862,4,Mar 03 2024 08: +0,1709452800
6.562,1,Mar 03 2024 10: +0,1709460000
6.506,3,Mar 03 2024 11: +0,1709463600
7.138,5,Mar 03 2024 12: +0,1709467200
7.163,3,Mar 03 2024 13: +0,1709470800
7.321,3,Mar 03 2024 14: +0,1709474400
6.607,1,Mar 03 2024 15: +0,1709478000
6.485,5,Mar 03 2024 16: +0,1709481600
6.861,4,Mar 03 2024 17: +0,1709485200
6.516,5,Mar 03 2024 18: +0,1709488800
6.394,5,Mar 03 2024 19: +0,1709492400
7.223,6,Mar 03 2024 20: +0,1709496000
6.835,2,Mar 03 2024 21: +0,1709499600
6.545,1,Mar 03 2024 22: +0,1709503200
6.909,1,Mar 03 2024 23: +0,1709506800
7.177,1,Mar 04 2024 01: +0,1709514000
6.953,1,Mar 04 2024 05: +0,1709528400
7.14,1,Mar 04 2024 06: +0,1709532000
6.652,2,Mar 04 2024 07: +0,1709535600
7.078,2,Mar 04 2024 08: +0,1709539200
7.134,1,Mar 04 2024 09: +0,1709542800
7.069,2,Mar 04 2024 10: +0,1709546400
7.225,1,Mar 04 2024 11: +0,1709550000
7.224,1,Mar 04 2024 12: +0,1709553600
7.301,4,Mar 04 2024 13: +0,1709557200
6.772,3,Mar 04 2024 14: +0,1709560800
7.261,4,Mar 04 2024 15: +0,1709564400
7.305,2,Mar 04 2024 16: +0,1709568000
7.167,2,Mar 04 2024 17: +0,1709571600
6.346,4,Mar 04 2024 18: +0,1709575200
6.927,4,Mar 04 2024 19: +0,1709578800
6.703,2,Mar 04 2024 20: +0,1709582400
7.32,2,Mar 04 2024 21: +0,1709586000
7.262,2,Mar 04 2024 22: +0,1709589600
6.953,1,Mar 05 2024 01: +0,1709600400
6.304,1,Mar 05 2024 02: +0,1709604000
6.974,1,Mar 05 2024 04: +0,1709611200
6.683,2,Mar 05 2024 05: +0,1709614800
7.016,1,Mar 05 2024 06: +0,1709618400
7.205,2,Mar 05 2024 08: +0,1709625600
7.204,1,Mar 05 2024 10: +0,1709632800
6.794,2,Mar 05 2024 12: +0,1709640000
6.473,1,Mar 05 2024 13: +0,1709643600
7.078,4,Mar 05 2024 14: +0,1709647200
6.798,2,Mar 05 2024 15: +0,1709650800
7.03,2,Mar 05 2024 16: +0,1709654400
6.873,4,Mar 05 2024 17: +0,1709658000
7.153,4,Mar 05 2024 18: +0,1709661600
6.651,2,Mar 05 2024 20: +0,1709668800
7.025,2,Mar 05 2024 21: +0,1709672400
6.983,1,Mar 05 2024 22: +0,1709676000
6.861,2,Mar 06 2024 01: +0,1709686800
7.188,1,Mar 06 2024 02: +0,1709690400
7.315,1,Mar 06 2024 04: +0,1709697600
6.847,1,Mar 06 2024 05: +0,1709701200
6.616,1,Mar 06 2024 06: +0,1709704800
6.711,2,Mar 06 2024 07: +0,1709708400
6.843,1,Mar 06 2024 08: +0,1709712000
6.943,1,Mar 06 2024 09: +0,1709715600
6.437,1,Mar 06 2024 10: +0,1709719200
6.38,2,Mar 06 2024 11: +0,1709722800
6.847,3,Mar 06 2024 12: +0,1709726400
6.102,3,Mar 06 2024 13: +0,1709730000
6.74,2,Mar 06 2024 14: +0,1709733600
6.973,3,Mar 06 2024 15: +0,1709737200
6.974,1,Mar 06 2024 16: +0,1709740800
7.096,1,Mar 06 2024 17: +0,1709744400
7.168,3,Mar 06 2024 18: +0,1709748000
7.06,4,Mar 06 2024 19: +0,1709751600
6.988,5,Mar 06 2024 20: +0,1709755200
7.449,1,Mar 06 2024 22: +0,1709762400
6.749,1,Mar 06 2024 23: +0,1709766000
6.784,1,Mar 07 2024 00: +0,1709769600
6.904,1,Mar 07 2024 01: +0,1709773200
7.021,1,Mar 07 2024 04: +0,1709784000
7.025,1,Mar 07 2024 05: +0,1709787600
7.025,1,Mar 07 2024 07: +0,1709794800
6.912,3,Mar 07 2024 08: +0,1709798400
6.935,1,Mar 07 2024 09: +0,1709802000
6.639,2,Mar 07 2024 10: +0,1709805600
6.904,2,Mar 07 2024 11: +0,1709809200
7.037,1,Mar 07 2024 13: +0,1709816400
6.78,5,Mar 07 2024 14: +0,1709820000
6.149,3,Mar 07 2024 15: +0,1709823600
7.029,3,Mar 07 2024 17: +0,1709830800
7.052,5,Mar 07 2024 18: +0,1709834400
7.039,5,Mar 07 2024 19: +0,1709838000
6.608,2,Mar 07 2024 20: +0,1709841600
6.571,5,Mar 07 2024 21: +0,1709845200
7.083,1,Mar 07 2024 22: +0,1709848800
6.854,1,Mar 07 2024 23: +0,1709852400
7.06,1,Mar 08 2024 00: +0,1709856000
7.07,1,Mar 08 2024 03: +0,1709866800
6.951,2,Mar 08 2024 04: +0,1709870400
7.037,1,Mar 08 2024 05: +0,1709874000
6.436,1,Mar 08 2024 07: +0,1709881200
7.06,1,Mar 08 2024 08: +0,1709884800
6.432,1,Mar 08 2024 09: +0,1709888400
7.048,3,Mar 08 2024 10: +0,1709892000
6.085,2,Mar 08 2024 11: +0,1709895600
6.5,3,Mar 08 2024 12: +0,1709899200
6.826,2,Mar 08 2024 13: +0,1709902800
6.516,1,Mar 08 2024 14: +0,1709906400
6.681,7,Mar 08 2024 15: +0,1709910000
6.511,1,Mar 08 2024 16: +0,1709913600
6.296,3,Mar 08 2024 17: +0,1709917200
6.557,4,Mar 08 2024 18: +0,1709920800
6.749,6,Mar 08 2024 19: +0,1709924400
6.397,1,Mar 08 2024 20: +0,1709928000
6.606,2,Mar 08 2024 21: +0,1709931600
6.807,4,Mar 08 2024 22: +0,1709935200
6.868,2,Mar 09 2024 00: +0,1709942400
7.078,1,Mar 09 2024 01: +0,1709946000
7.056,2,Mar 09 2024 02: +0,1709949600
6.918,1,Mar 09 2024 04: +0,1709956800
6.253,2,Mar 09 2024 05: +0,1709960400
6.226,1,Mar 09 2024 07: +0,1709967600
6.959,5,Mar 09 2024 08: +0,1709971200
6.925,2,Mar 09 2024 09: +0,1709974800
6.921,4,Mar 09 2024 10: +0,1709978400
6.928,2,Mar 09 2024 11: +0,1709982000
6.961,2,Mar 09 2024 13: +0,1709989200
6.968,1,Mar 09 2024 14: +0,1709992800
6.249,1,Mar 09 2024 15: +0,1709996400
6.226,3,Mar 09 2024 16: +0,1710000000
6.512,2,Mar 09 2024 17: +0,1710003600
6.954,3,Mar 09 2024 18: +0,1710007200
6.969,1,Mar 09 2024 19: +0,1710010800
6.898,2,Mar 09 2024 21: +0,1710018000
6.248,4,Mar 09 2024 23: +0,1710025200
6.23,2,Mar 10 2024 00: +0,1710028800
6.39,2,Mar 10 2024 02: +0,1710036000
6.475,1,Mar 10 2024 03: +0,1710039600
6.215,3,Mar 10 2024 04: +0,1710043200
6.222,2,Mar 10 2024 05: +0,1710046800
6.387,3,Mar 10 2024 07: +0,1710054000
6.653,1,Mar 10 2024 08: +0,1710057600
6.797,2,Mar 10 2024 10: +0,1710064800
6.864,4,Mar 10 2024 11: +0,1710068400
5.874,1,Mar 10 2024 12: +0,1710072000
6.815,3,Mar 10 2024 14: +0,1710079200
6.742,6,Mar 10 2024 15: +0,1710082800
6.86,4,Mar 10 2024 16: +0,1710086400
6.756,3,Mar 10 2024 17: +0,1710090000
6.67,5,Mar 10 2024 18: +0,1710093600
6.692,1,Mar 10 2024 19: +0,1710097200
6.215,1,Mar 10 2024 20: +0,1710100800
6.78,3,Mar 10 2024 21: +0,1710104400
6.855,3,Mar 10 2024 22: +0,1710108000
6.756,1,Mar 10 2024 23: +0,1710111600
6.881,1,Mar 11 2024 00: +0,1710115200
6.632,2,Mar 11 2024 04: +0,1710129600
6.28,1,Mar 11 2024 07: +0,1710140400
6.226,1,Mar 11 2024 08: +0,1710144000
6.397,3,Mar 11 2024 09: +0,1710147600
6.335,2,Mar 11 2024 10: +0,1710151200
6.54,1,Mar 11 2024 11: +0,1710154800
6.787,3,Mar 11 2024 14: +0,1710165600
6.787,3,Mar 11 2024 15: +0,1710169200
6.695,3,Mar 11 2024 17: +0,1710176400
6.372,4,Mar 11 2024 18: +0,1710180000
6.793,3,Mar 11 2024 19: +0,1710183600
6.665,4,Mar 11 2024 20: +0,1710187200
6.772,2,Mar 11 2024 21: +0,1710190800
6.868,4,Mar 11 2024 22: +0,1710194400
6.925,1,Mar 11 2024 23: +0,1710198000
6.934,1,Mar 12 2024 00: +0,1710201600
6.153,1,Mar 12 2024 01: +0,1710205200
6.426,1,Mar 12 2024 02: +0,1710208800
6.955,2,Mar 12 2024 03: +0,1710212400
6.974,1,Mar 12 2024 04: +0,1710216000
6.65,2,Mar 12 2024 08: +0,1710230400
6.988,1,Mar 12 2024 09: +0,1710234000
6.123,1,Mar 12 2024 10: +0,1710237600
6.835,1,Mar 12 2024 11: +0,1710241200
6.816,4,Mar 12 2024 12: +0,1710244800
6.987,1,Mar 12 2024 13: +0,1710248400
5.883,1,Mar 12 2024 14: +0,1710252000
6.989,3,Mar 12 2024 15: +0,1710255600
6.54,2,Mar 12 2024 16: +0,1710259200
6.275,2,Mar 12 2024 17: +0,1710262800
6.239,2,Mar 12 2024 18: +0,1710266400
6.202,1,Mar 12 2024 19: +0,1710270000
6.546,7,Mar 12 2024 20: +0,1710273600
6.457,3,Mar 12 2024 21: +0,1710277200
6.877,1,Mar 12 2024 22: +0,1710280800
6.573,4,Mar 13 2024 00: +0,1710288000
6.525,1,Mar 13 2024 01: +0,1710291600
6.581,1,Mar 13 2024 03: +0,1710298800
6.296,2,Mar 13 2024 05: +0,1710306000
5.146,1,Mar 13 2024 06: +0,1710309600
6.764,1,Mar 13 2024 08: +0,1710316800
6.02,1,Mar 13 2024 09: +0,1710320400
6.465,2,Mar 13 2024 10: +0,1710324000
6.854,5,Mar 13 2024 11: +0,1710327600
6.036,2,Mar 13 2024 12: +0,1710331200
6.037,2,Mar 13 2024 13: +0,1710334800
6.204,4,Mar 13 2024 14: +0,1710338400
6.131,3,Mar 13 2024 15: +0,1710342000
5.92,2,Mar 13 2024 16: +0,1710345600
6.005,1,Mar 13 2024 17: +0,1710349200
6.757,4,Mar 13 2024 18: +0,1710352800
6.693,3,Mar 13 2024 19: +0,1710356400
6.701,2,Mar 13 2024 20: +0,1710360000
6.814,2,Mar 13 2024 21: +0,1710363600
6.64,2,Mar 13 2024 22: +0,1710367200
6.403,2,Mar 14 2024 01: +0,1710378000
6.778,2,Mar 14 2024 03: +0,1710385200
6.139,1,Mar 14 2024 06: +0,1710396000
6.162,4,Mar 14 2024 07: +0,1710399600
5.963,3,Mar 14 2024 08: +0,1710403200
6.063,2,Mar 14 2024 09: +0,1710406800
5.92,3,Mar 14 2024 10: +0,1710410400
6.114,2,Mar 14 2024 11: +0,1710414000
5.99,2,Mar 14 2024 12: +0,1710417600
6.021,5,Mar 14 2024 13: +0,1710421200
5.973,5,Mar 14 2024 14: +0,1710424800
6.028,5,Mar 14 2024 15: +0,1710428400
6.302,4,Mar 14 2024 16: +0,1710432000
6.178,4,Mar 14 2024 17: +0,1710435600
6.234,1,Mar 14 2024 18: +0,1710439200
6.104,4,Mar 14 2024 19: +0,1710442800
5.76,2,Mar 14 2024 20: +0,1710446400
5.942,9,Mar 14 2024 21: +0,1710450000
5.961,4,Mar 14 2024 22: +0,1710453600
5.906,9,Mar 14 2024 23: +0,1710457200
6.079,2,Mar 15 2024 00: +0,1710460800
6.304,1,Mar 15 2024 01: +0,1710464400
6.04,1,Mar 15 2024 04: +0,1710475200
6.162,1,Mar 15 2024 05: +0,1710478800
6.309,3,Mar 15 2024 06: +0,1710482400
6.348,3,Mar 15 2024 07: +0,1710486000
5.901,2,Mar 15 2024 08: +0,1710489600
6.193,4,Mar 15 2024 09: +0,1710493200
6.005,5,Mar 15 2024 11: +0,1710500400
5.91,3,Mar 15 2024 12: +0,1710504000
5.922,4,Mar 15 2024 13: +0,1710507600
6.116,5,Mar 15 2024 14: +0,1710511200
6.115,2,Mar 15 2024 15: +0,1710514800
6.216,4,Mar 15 2024 16: +0,1710518400
6.006,6,Mar 15 2024 17: +0,1710522000
6.151,2,Mar 15 2024 18: +0,1710525600
5.855,5,Mar 15 2024 19: +0,1710529200
6.1,4,Mar 15 2024 21: +0,1710536400
5.831,4,Mar 15 2024 22: +0,1710540000
5.8,6,Mar 15 2024 23: +0,1710543600
5.969,2,Mar 16 2024 01: +0,1710550800
6.15,1,Mar 16 2024 02: +0,1710554400
6.028,3,Mar 16 2024 03: +0,1710558000
6.225,1,Mar 16 2024 04: +0,1710561600
5.776,1,Mar 16 2024 05: +0,1710565200
6.237,3,Mar 16 2024 06: +0,1710568800
6.156,1,Mar 16 2024 07: +0,1710572400
5.983,2,Mar 16 2024 08: +0,1710576000
5.958,6,Mar 16 2024 11: +0,1710586800
5.981,5,Mar 16 2024 12: +0,1710590400
6.328,4,Mar 16 2024 13: +0,1710594000
6.193,4,Mar 16 2024 14: +0,1710597600
5.988,4,Mar 16 2024 15: +0,1710601200
5.98,7,Mar 16 2024 16: +0,1710604800
5.981,3,Mar 16 2024 17: +0,1710608400
6.351,3,Mar 16 2024 18: +0,1710612000
5.967,6,Mar 16 2024 19: +0,1710615600
6.262,2,Mar 16 2024 20: +0,1710619200
6.065,3,Mar 16 2024 21: +0,1710622800
6.014,2,Mar 16 2024 22: +0,1710626400
6.237,2,Mar 16 2024 23: +0,1710630000
6.146,2,Mar 17 2024 00: +0,1710633600
6.186,1,Mar 17 2024 01: +0,1710637200
5.494,2,Mar 17 2024 02: +0,1710640800
6.126,2,Mar 17 2024 03: +0,1710644400
6.14,1,Mar 17 2024 05: +0,1710651600
6.153,2,Mar 17 2024 06: +0,1710655200
6.217,1,Mar 17 2024 07: +0,1710658800
6.911,1,Mar 17 2024 08: +0,1710662400
6.32,4,Mar 17 2024 09: +0,1710666000
6.305,2,Mar 17 2024 10: +0,1710669600
5.98,1,Mar 17 2024 11: +0,1710673200
6.35,6,Mar 17 2024 12: +0,1710676800
6.463,3,Mar 17 2024 13: +0,1710680400
6.186,1,Mar 17 2024 14: +0,1710684000
6.394,4,Mar 17 2024 15: +0,1710687600
6.229,7,Mar 17 2024 16: +0,1710691200
5.084,2,Mar 17 2024 17: +0,1710694800
6.64,5,Mar 17 2024 18: +0,1710698400
6.591,1,Mar 17 2024 19: +0,1710702000
5.817,5,Mar 17 2024 20: +0,1710705600
6.321,3,Mar 17 2024 21: +0,1710709200
5.713,5,Mar 17 2024 22: +0,1710712800
6.225,2,Mar 17 2024 23: +0,1710716400
6.687,1,Mar 18 2024 00: +0,1710720000
5.745,1,Mar 18 2024 04: +0,1710734400
6.633,1,Mar 18 2024 05: +0,1710738000
6.566,3,Mar 18 2024 07: +0,1710745200
6.404,1,Mar 18 2024 08: +0,1710748800
5.8,3,Mar 18 2024 11: +0,1710759600
6.062,2,Mar 18 2024 12: +0,1710763200
5.8,1,Mar 18 2024 13: +0,1710766800
6.299,2,Mar 18 2024 14: +0,1710770400
6.19,4,Mar 18 2024 15: +0,1710774000
5.789,5,Mar 18 2024 16: +0,1710777600
6.359,5,Mar 18 2024 17: +0,1710781200
6.188,2,Mar 18 2024 18: +0,1710784800
6.063,3,Mar 18 2024 20: +0,1710792000
6.175,3,Mar 18 2024 21: +0,1710795600
6.39,4,Mar 18 2024 22: +0,1710799200
5.745,1,Mar 19 2024 00: +0,1710806400
6.197,2,Mar 19 2024 02: +0,1710813600
6.32,2,Mar 19 2024 03: +0,1710817200
6.453,1,Mar 19 2024 07: +0,1710831600
5.905,3,Mar 19 2024 09: +0,1710838800
6.35,1,Mar 19 2024 10: +0,1710842400
6.389,1,Mar 19 2024 11: +0,1710846000
6.211,4,Mar 19 2024 12: +0,1710849600
6.443,1,Mar 19 2024 13: +0,1710853200
6.024,2,Mar 19 2024 15: +0,1710860400
5.917,3,Mar 19 2024 16: +0,1710864000
6.226,4,Mar 19 2024 17: +0,1710867600
6.162,5,Mar 19 2024 18: +0,1710871200
6.196,2,Mar 19 2024 19: +0,1710874800
5.949,4,Mar 19 2024 20: +0,1710878400
5.926,1,Mar 20 2024 02: +0,1710900000
5.918,3,Mar 20 2024 04: +0,1710907200
6.1,1,Mar 20 2024 05: +0,1710910800
5.921,1,Mar 20 2024 06: +0,1710914400
5.893,2,Mar 20 2024 07: +0,1710918000
5.795,1,Mar 20 2024 08: +0,1710921600
5.934,1,Mar 20 2024 09: +0,1710925200
6.009,2,Mar 20 2024 10: +0,1710928800
6.033,1,Mar 20 2024 11: +0,1710932400
6.089,4,Mar 20 2024 13: +0,1710939600
6.015,1,Mar 20 2024 14: +0,1710943200
6.119,1,Mar 20 2024 15: +0,1710946800
5.921,5,Mar 20 2024 16: +0,1710950400
6.008,5,Mar 20 2024 17: +0,1710954000
6.123,3,Mar 20 2024 18: +0,1710957600
6.256,5,Mar 20 2024 19: +0,1710961200
6.211,4,Mar 20 2024 20: +0,1710964800
6.206,6,Mar 20 2024 21: +0,1710968400
6.008,6,Mar 20 2024 22: +0,1710972000
5.842,1,Mar 20 2024 23: +0,1710975600
6.027,3,Mar 21 2024 00: +0,1710979200
6.412,1,Mar 21 2024 01: +0,1710982800
6.412,1,Mar 21 2024 02: +0,1710986400
6.412,1,Mar 21 2024 04: +0,1710993600
6.438,1,Mar 21 2024 05: +0,1710997200
6.035,1,Mar 21 2024 09: +0,1711011600
6.538,4,Mar 21 2024 10: +0,1711015200
6.051,2,Mar 21 2024 13: +0,1711026000
6.6,3,Mar 21 2024 14: +0,1711029600
6.487,4,Mar 21 2024 15: +0,1711033200
6.491,13,Mar 21 2024 16: +0,1711036800
6.538,4,Mar 21 2024 17: +0,1711040400
6.027,2,Mar 21 2024 18: +0,1711044000
5.839,4,Mar 21 2024 19: +0,1711047600
6.007,3,Mar 21 2024 20: +0,1711051200
5.34,2,Mar 21 2024 21: +0,1711054800
6.313,2,Mar 21 2024 22: +0,1711058400
6.214,3,Mar 21 2024 23: +0,1711062000
6.59,2,Mar 22 2024 00: +0,1711065600
5.96,2,Mar 22 2024 04: +0,1711080000
6.626,1,Mar 22 2024 06: +0,1711087200
6.649,1,Mar 22 2024 07: +0,1711090800
6.653,2,Mar 22 2024 08: +0,1711094400
6.642,2,Mar 22 2024 09: +0,1711098000
6.7,1,Mar 22 2024 10: +0,1711101600
6.624,3,Mar 22 2024 11: +0,1711105200
6.666,5,Mar 22 2024 12: +0,1711108800
6.635,5,Mar 22 2024 13: +0,1711112400
6.691,5,Mar 22 2024 14: +0,1711116000
6.637,5,Mar 22 2024 15: +0,1711119600
6.692,6,Mar 22 2024 17: +0,1711126800
6.774,5,Mar 22 2024 18: +0,1711130400
6.782,4,Mar 22 2024 19: +0,1711134000
6.809,2,Mar 22 2024 20: +0,1711137600
6.278,3,Mar 22 2024 21: +0,1711141200
6.404,2,Mar 22 2024 22: +0,1711144800
5.945,3,Mar 22 2024 23: +0,1711148400
6.335,2,Mar 23 2024 00: +0,1711152000
6.824,1,Mar 23 2024 01: +0,1711155600
5.833,1,Mar 23 2024 04: +0,1711166400
6.084,2,Mar 23 2024 05: +0,1711170000
6.731,1,Mar 23 2024 07: +0,1711177200
6.483,3,Mar 23 2024 09: +0,1711184400
5.945,1,Mar 23 2024 10: +0,1711188000
6.536,2,Mar 23 2024 11: +0,1711191600
6.647,5,Mar 23 2024 12: +0,1711195200
6.809,1,Mar 23 2024 13: +0,1711198800
6.808,7,Mar 23 2024 14: +0,1711202400
6.577,2,Mar 23 2024 16: +0,1711209600
6.784,2,Mar 23 2024 17: +0,1711213200
6.809,4,Mar 23 2024 18: +0,1711216800
6.809,3,Mar 23 2024 19: +0,1711220400
6.724,4,Mar 23 2024 20: +0,1711224000
6.827,6,Mar 23 2024 21: +0,1711227600
6.211,2,Mar 23 2024 22: +0,1711231200
6.42,3,Mar 23 2024 23: +0,1711234800
6.664,1,Mar 24 2024 00: +0,1711238400
5.939,2,Mar 24 2024 01: +0,1711242000
6.428,3,Mar 24 2024 04: +0,1711252800
5.985,1,Mar 24 2024 08: +0,1711267200
6.811,4,Mar 24 2024 09: +0,1711270800
6.865,3,Mar 24 2024 11: +0,1711278000
6.821,2,Mar 24 2024 12: +0,1711281600
6.645,3,Mar 24 2024 13: +0,1711285200
6.728,3,Mar 24 2024 14: +0,1711288800
6.802,2,Mar 24 2024 16: +0,1711296000
6.599,1,Mar 24 2024 17: +0,1711299600
6.872,2,Mar 24 2024 19: +0,1711306800
6.817,6,Mar 24 2024 20: +0,1711310400
6.349,1,Mar 24 2024 21: +0,1711314000
6.517,2,Mar 24 2024 22: +0,1711317600
6.218,2,Mar 25 2024 03: +0,1711335600
6.745,1,Mar 25 2024 05: +0,1711342800
6.373,1,Mar 25 2024 08: +0,1711353600
6.432,3,Mar 25 2024 11: +0,1711364400
6.433,1,Mar 25 2024 12: +0,1711368000
6.758,2,Mar 25 2024 14: +0,1711375200
6.649,5,Mar 25 2024 15: +0,1711378800
6.363,3,Mar 25 2024 16: +0,1711382400
6.782,5,Mar 25 2024 17: +0,1711386000
6.763,3,Mar 25 2024 19: +0,1711393200
6.024,3,Mar 25 2024 20: +0,1711396800
6.711,1,Mar 25 2024 21: +0,1711400400
5.838,2,Mar 25 2024 22: +0,1711404000
5.945,1,Mar 25 2024 23: +0,1711407600
6.349,4,Mar 26 2024 00: +0,1711411200
5.7,1,Mar 26 2024 01: +0,1711414800
6.12,1,Mar 26 2024 02: +0,1711418400
6.437,1,Mar 26 2024 04: +0,1711425600
5.937,1,Mar 26 2024 06: +0,1711432800
6.249,3,Mar 26 2024 07: +0,1711436400
5.985,1,Mar 26 2024 09: +0,1711443600
4.929,1,Mar 26 2024 10: +0,1711447200
6.618,3,Mar 26 2024 11: +0,1711450800
6.622,1,Mar 26 2024 12: +0,1711454400
6.712,1,Mar 26 2024 14: +0,1711461600
6.168,2,Mar 26 2024 16: +0,1711468800
6.37,1,Mar 26 2024 17: +0,1711472400
6.293,3,Mar 26 2024 18: +0,1711476000
6.566,2,Mar 26 2024 19: +0,1711479600
6.322,4,Mar 26 2024 20: +0,1711483200
6.373,3,Mar 26 2024 21: +0,1711486800
6.366,2,Mar 26 2024 23: +0,1711494000
6.66,3,Mar 27 2024 00: +0,1711497600
6.346,1,Mar 27 2024 01: +0,1711501200
6.75,1,Mar 27 2024 06: +0,1711519200
6.725,2,Mar 27 2024 07: +0,1711522800
6.545,1,Mar 27 2024 09: +0,1711530000
5.985,1,Mar 27 2024 10: +0,1711533600
6.496,2,Mar 27 2024 11: +0,1711537200
6.358,4,Mar 27 2024 12: +0,1711540800
6.285,2,Mar 27 2024 13: +0,1711544400
6.386,2,Mar 27 2024 14: +0,1711548000
6.243,1,Mar 27 2024 15: +0,1711551600
6.086,3,Mar 27 2024 16: +0,1711555200
6.033,2,Mar 27 2024 17: +0,1711558800
5.961,5,Mar 27 2024 18: +0,1711562400
6.072,4,Mar 27 2024 19: +0,1711566000
6.172,2,Mar 27 2024 20: +0,1711569600
6.285,1,Mar 27 2024 21: +0,1711573200
6.016,3,Mar 27 2024 22: +0,1711576800
5.961,3,Mar 27 2024 23: +0,1711580400
5.478,1,Mar 28 2024 00: +0,1711584000
6.5,1,Mar 28 2024 01: +0,1711587600
6.124,2,Mar 28 2024 05: +0,1711602000
6.161,1,Mar 28 2024 06: +0,1711605600
6.176,1,Mar 28 2024 07: +0,1711609200
6.245,1,Mar 28 2024 08: +0,1711612800
6.245,3,Mar 28 2024 09: +0,1711616400
6.255,3,Mar 28 2024 10: +0,1711620000
6.259,1,Mar 28 2024 11: +0,1711623600
6.287,3,Mar 28 2024 12: +0,1711627200
6.303,3,Mar 28 2024 13: +0,1711630800
6.418,1,Mar 28 2024 14: +0,1711634400
6.465,1,Mar 28 2024 15: +0,1711638000
6.473,5,Mar 28 2024 16: +0,1711641600
6.107,4,Mar 28 2024 17: +0,1711645200
6.436,3,Mar 28 2024 18: +0,1711648800
6.418,1,Mar 28 2024 19: +0,1711652400
6.119,4,Mar 28 2024 20: +0,1711656000
6.344,9,Mar 28 2024 22: +0,1711663200
6.474,2,Mar 28 2024 23: +0,1711666800
6.555,1,Mar 29 2024 00: +0,1711670400
5.367,1,Mar 29 2024 01: +0,1711674000
6.076,2,Mar 29 2024 03: +0,1711681200
6.297,2,Mar 29 2024 07: +0,1711695600
6.565,2,Mar 29 2024 08: +0,1711699200
6.61,3,Mar 29 2024 10: +0,1711706400
6.633,1,Mar 29 2024 11: +0,1711710000
6.656,4,Mar 29 2024 12: +0,1711713600
6.658,1,Mar 29 2024 13: +0,1711717200
6.601,2,Mar 29 2024 14: +0,1711720800
6.668,1,Mar 29 2024 15: +0,1711724400
6.409,3,Mar 29 2024 16: +0,1711728000
5.977,3,Mar 29 2024 17: +0,1711731600
6.571,1,Mar 29 2024 18: +0,1711735200
6.795,2,Mar 29 2024 19: +0,1711738800
6.203,2,Mar 29 2024 20: +0,1711742400
6.567,4,Mar 29 2024 21: +0,1711746000
5.958,1,Mar 29 2024 22: +0,1711749600
6.573,2,Mar 29 2024 23: +0,1711753200
5.994,2,Mar 30 2024 00: +0,1711756800
5.7,1,Mar 30 2024 01: +0,1711760400
6.052,2,Mar 30 2024 03: +0,1711767600
6.293,3,Mar 30 2024 04: +0,1711771200
5.882,2,Mar 30 2024 05: +0,1711774800
6.064,1,Mar 30 2024 06: +0,1711778400
6.119,2,Mar 30 2024 08: +0,1711785600
6.34,3,Mar 30 2024 09: +0,1711789200
6.33,1,Mar 30 2024 10: +0,1711792800
6.708,2,Mar 30 2024 11: +0,1711796400
6.707,4,Mar 30 2024 12: +0,1711800000
6.769,2,Mar 30 2024 13: +0,1711803600
6.376,1,Mar 30 2024 14: +0,1711807200
6.431,4,Mar 30 2024 15: +0,1711810800
6.797,3,Mar 30 2024 16: +0,1711814400
6.867,3,Mar 30 2024 17: +0,1711818000
6.371,2,Mar 30 2024 18: +0,1711821600
6.865,3,Mar 30 2024 19: +0,1711825200
6.857,1,Mar 30 2024 20: +0,1711828800
6.407,2,Mar 30 2024 21: +0,1711832400
6.865,1,Mar 31 2024 00: +0,1711843200
5.965,1,Mar 31 2024 01: +0,1711846800
6.857,1,Mar 31 2024 02: +0,1711846800
6.391,1,Mar 31 2024 03: +0,1711850400
6.771,1,Mar 31 2024 08: +0,1711868400
6.477,2,Mar 31 2024 09: +0,1711872000
6.185,2,Mar 31 2024 10: +0,1711875600
6.415,3,Mar 31 2024 11: +0,1711879200
6.587,2,Mar 31 2024 12: +0,1711882800
6.293,4,Mar 31 2024 13: +0,1711886400
6.245,2,Mar 31 2024 15: +0,1711893600
6.691,3,Mar 31 2024 16: +0,1711897200
6.176,4,Mar 31 2024 17: +0,1711900800
6.328,1,Mar 31 2024 18: +0,1711904400
6.261,1,Mar 31 2024 19: +0,1711908000
6.373,7,Mar 31 2024 20: +0,1711911600
6.397,2,Mar 31 2024 21: +0,1711915200
6.051,4,Mar 31 2024 22: +0,1711918800
6.331,2,Mar 31 2024 23: +0,1711922400
6.396,2,Apr 01 2024 02: +0,1711933200
6.103,2,Apr 01 2024 04: +0,1711940400
6.131,2,Apr 01 2024 05: +0,1711944000
3.956,1,Apr 01 2024 06: +0,1711947600
6.32,1,Apr 01 2024 07: +0,1711951200
6.833,3,Apr 01 2024 08: +0,1711954800
6.915,1,Apr 01 2024 09: +0,1711958400
6.772,1,Apr 01 2024 10: +0,1711962000
7.063,2,Apr 01 2024 11: +0,1711965600
6.829,1,Apr 01 2024 12: +0,1711969200
6.606,2,Apr 01 2024 13: +0,1711972800
6.835,2,Apr 01 2024 14: +0,1711976400
6.746,4,Apr 01 2024 16: +0,1711983600
6.846,7,Apr 01 2024 17: +0,1711987200
6.896,4,Apr 01 2024 18: +0,1711990800
6.827,1,Apr 01 2024 19: +0,1711994400
6.966,3,Apr 01 2024 20: +0,1711998000
6.885,2,Apr 01 2024 21: +0,1712001600
6.833,1,Apr 01 2024 22: +0,1712005200
5.965,3,Apr 01 2024 23: +0,1712008800
6.418,2,Apr 02 2024 03: +0,1712023200
5.965,1,Apr 02 2024 04: +0,1712026800
6.929,1,Apr 02 2024 06: +0,1712034000
6.931,1,Apr 02 2024 07: +0,1712037600
7.033,3,Apr 02 2024 08: +0,1712041200
6.909,1,Apr 02 2024 11: +0,1712052000
6.713,1,Apr 02 2024 12: +0,1712055600
6.89,1,Apr 02 2024 13: +0,1712059200
6.759,2,Apr 02 2024 15: +0,1712066400
6.78,2,Apr 02 2024 16: +0,1712070000
6.914,5,Apr 02 2024 17: +0,1712073600
6.833,3,Apr 02 2024 18: +0,1712077200
6.942,1,Apr 02 2024 20: +0,1712084400
6.062,3,Apr 02 2024 21: +0,1712088000
6.498,2,Apr 02 2024 22: +0,1712091600
6.013,1,Apr 03 2024 00: +0,1712098800
6.329,2,Apr 03 2024 01: +0,1712102400
6.854,2,Apr 03 2024 10: +0,1712134800
5.894,3,Apr 03 2024 11: +0,1712138400
6.709,2,Apr 03 2024 13: +0,1712145600
6.836,2,Apr 03 2024 14: +0,1712149200
6.885,1,Apr 03 2024 15: +0,1712152800
6.502,3,Apr 03 2024 16: +0,1712156400
6.716,3,Apr 03 2024 17: +0,1712160000
6.771,2,Apr 03 2024 18: +0,1712163600
6.583,1,Apr 03 2024 19: +0,1712167200
6.349,3,Apr 03 2024 20: +0,1712170800
6.119,2,Apr 03 2024 21: +0,1712174400
5.957,3,Apr 03 2024 22: +0,1712178000
6.139,2,Apr 03 2024 23: +0,1712181600
6.483,1,Apr 04 2024 01: +0,1712188800
5.957,1,Apr 04 2024 02: +0,1712192400
5.516,1,Apr 04 2024 03: +0,1712196000
6.473,1,Apr 04 2024 04: +0,1712199600
6.479,1,Apr 04 2024 08: +0,1712214000
6.366,1,Apr 04 2024 09: +0,1712217600
6.431,1,Apr 04 2024 10: +0,1712221200
6.445,1,Apr 04 2024 12: +0,1712228400
6.435,4,Apr 04 2024 13: +0,1712232000
6.455,3,Apr 04 2024 15: +0,1712239200
6.53,2,Apr 04 2024 16: +0,1712242800
6.352,4,Apr 04 2024 17: +0,1712246400
6.492,1,Apr 04 2024 18: +0,1712250000
5.336,2,Apr 04 2024 19: +0,1712253600
6.432,3,Apr 04 2024 20: +0,1712257200
6.46,1,Apr 04 2024 21: +0,1712260800
6.499,4,Apr 04 2024 22: +0,1712264400
6.552,3,Apr 04 2024 23: +0,1712268000
6.551,1,Apr 05 2024 00: +0,1712271600
5.926,1,Apr 05 2024 01: +0,1712275200
6.632,1,Apr 05 2024 02: +0,1712278800
6.629,1,Apr 05 2024 07: +0,1712296800
6.636,1,Apr 05 2024 08: +0,1712300400
6.653,2,Apr 05 2024 10: +0,1712307600
6.686,3,Apr 05 2024 11: +0,1712311200
6.393,2,Apr 05 2024 12: +0,1712314800
6.809,5,Apr 05 2024 13: +0,1712318400
6.862,2,Apr 05 2024 14: +0,1712322000
6.898,4,Apr 05 2024 15: +0,1712325600
6.837,2,Apr 05 2024 16: +0,1712329200
6.671,2,Apr 05 2024 17: +0,1712332800
6.401,5,Apr 05 2024 18: +0,1712336400
6.559,5,Apr 05 2024 19: +0,1712340000
6.866,2,Apr 05 2024 20: +0,1712343600
6.073,2,Apr 05 2024 21: +0,1712347200
6.862,4,Apr 05 2024 22: +0,1712350800
6.943,1,Apr 05 2024 23: +0,1712354400
6.751,2,Apr 06 2024 02: +0,1712365200
6.847,2,Apr 06 2024 05: +0,1712376000
6.537,2,Apr 06 2024 06: +0,1712379600
6.658,1,Apr 06 2024 08: +0,1712386800
6.754,1,Apr 06 2024 09: +0,1712390400
6.618,4,Apr 06 2024 10: +0,1712394000
6.502,3,Apr 06 2024 11: +0,1712397600
6.675,2,Apr 06 2024 12: +0,1712401200
6.799,1,Apr 06 2024 13: +0,1712404800
6.404,3,Apr 06 2024 14: +0,1712408400
6.473,1,Apr 06 2024 15: +0,1712412000
6.4,3,Apr 06 2024 16: +0,1712415600
6.505,1,Apr 06 2024 17: +0,1712419200
6.275,1,Apr 06 2024 18: +0,1712422800
6.872,2,Apr 06 2024 19: +0,1712426400
6.708,3,Apr 06 2024 20: +0,1712430000
6.716,5,Apr 06 2024 21: +0,1712433600
5.983,1,Apr 06 2024 22: +0,1712437200
5.614,1,Apr 06 2024 23: +0,1712440800
6.053,1,Apr 07 2024 00: +0,1712444400
6.397,2,Apr 07 2024 01: +0,1712448000
6.746,1,Apr 07 2024 03: +0,1712455200
6.053,1,Apr 07 2024 04: +0,1712458800
6.032,3,Apr 07 2024 06: +0,1712466000
6.808,3,Apr 07 2024 07: +0,1712469600
6.817,1,Apr 07 2024 08: +0,1712473200
6.746,1,Apr 07 2024 09: +0,1712476800
6.138,6,Apr 07 2024 10: +0,1712480400
6.479,3,Apr 07 2024 12: +0,1712487600
6.865,3,Apr 07 2024 13: +0,1712491200
6.468,3,Apr 07 2024 14: +0,1712494800
6.662,2,Apr 07 2024 15: +0,1712498400
6.064,5,Apr 07 2024 16: +0,1712502000
6.862,5,Apr 07 2024 17: +0,1712505600
6.857,5,Apr 07 2024 18: +0,1712509200
6.276,4,Apr 07 2024 19: +0,1712512800
6.874,7,Apr 07 2024 20: +0,1712516400
6.951,2,Apr 07 2024 21: +0,1712520000
6.314,2,Apr 07 2024 22: +0,1712523600
6.49,2,Apr 08 2024 00: +0,1712530800
6.922,1,Apr 08 2024 01: +0,1712534400
6.484,1,Apr 08 2024 04: +0,1712545200
6.923,1,Apr 08 2024 05: +0,1712548800
6.928,1,Apr 08 2024 06: +0,1712552400
6.85,1,Apr 08 2024 07: +0,1712556000
7.644,1,Apr 08 2024 08: +0,1712559600
6.485,2,Apr 08 2024 09: +0,1712563200
6.687,1,Apr 08 2024 11: +0,1712570400
6.501,3,Apr 08 2024 13: +0,1712577600
6.79,2,Apr 08 2024 14: +0,1712581200
6.813,5,Apr 08 2024 15: +0,1712584800
6.917,3,Apr 08 2024 16: +0,1712588400
6.379,4,Apr 08 2024 18: +0,1712595600
6.476,2,Apr 08 2024 19: +0,1712599200
6.817,2,Apr 08 2024 20: +0,1712602800
6.494,1,Apr 08 2024 21: +0,1712606400
6.574,2,Apr 08 2024 22: +0,1712610000
6.936,2,Apr 08 2024 23: +0,1712613600
6.911,2,Apr 09 2024 04: +0,1712631600
6.461,1,Apr 09 2024 05: +0,1712635200
6.927,3,Apr 09 2024 07: +0,1712642400
6.758,1,Apr 09 2024 09: +0,1712649600
6.703,2,Apr 09 2024 10: +0,1712653200
6.915,1,Apr 09 2024 11: +0,1712656800
6.936,1,Apr 09 2024 12: +0,1712660400
6.177,2,Apr 09 2024 13: +0,1712664000
6.105,3,Apr 09 2024 14: +0,1712667600
6.537,3,Apr 09 2024 15: +0,1712671200
6.231,4,Apr 09 2024 16: +0,1712674800
6.809,4,Apr 09 2024 17: +0,1712678400
6.728,4,Apr 09 2024 18: +0,1712682000
6.663,3,Apr 09 2024 19: +0,1712685600
6.706,3,Apr 09 2024 20: +0,1712689200
6.7,1,Apr 09 2024 21: +0,1712692800
6.81,3,Apr 09 2024 22: +0,1712696400
6.883,3,Apr 09 2024 23: +0,1712700000
6.778,3,Apr 10 2024 00: +0,1712703600
7.887,2,Apr 10 2024 02: +0,1712710800
6.746,1,Apr 10 2024 03: +0,1712714400
5.791,1,Apr 10 2024 04: +0,1712718000
4.962,1,Apr 10 2024 05: +0,1712721600
6.907,1,Apr 10 2024 06: +0,1712725200
6.728,1,Apr 10 2024 08: +0,1712732400
6.646,2,Apr 10 2024 09: +0,1712736000
6.77,3,Apr 10 2024 10: +0,1712739600
6.798,3,Apr 10 2024 11: +0,1712743200
6.811,3,Apr 10 2024 12: +0,1712746800
6.762,1,Apr 10 2024 13: +0,1712750400
5.927,3,Apr 10 2024 15: +0,1712757600
5.863,1,Apr 10 2024 16: +0,1712761200
5.955,2,Apr 10 2024 17: +0,1712764800
6.128,3,Apr 10 2024 18: +0,1712768400
6.391,5,Apr 10 2024 19: +0,1712772000
6.602,2,Apr 10 2024 20: +0,1712775600
6.194,2,Apr 10 2024 21: +0,1712779200
6.548,2,Apr 10 2024 22: +0,1712782800
6.918,1,Apr 10 2024 23: +0,1712786400
5.999,1,Apr 11 2024 00: +0,1712790000
6.824,1,Apr 11 2024 01: +0,1712793600
5.816,2,Apr 11 2024 02: +0,1712797200
6.433,3,Apr 11 2024 05: +0,1712808000
6.702,1,Apr 11 2024 06: +0,1712811600
6.425,3,Apr 11 2024 07: +0,1712815200
6.39,3,Apr 11 2024 09: +0,1712822400
5.986,1,Apr 11 2024 10: +0,1712826000
6.453,1,Apr 11 2024 11: +0,1712829600
6.46,3,Apr 11 2024 12: +0,1712833200
6.465,1,Apr 11 2024 13: +0,1712836800
6.465,1,Apr 11 2024 14: +0,1712840400
6.474,3,Apr 11 2024 15: +0,1712844000
6.53,2,Apr 11 2024 16: +0,1712847600
6.609,4,Apr 11 2024 17: +0,1712851200
6.706,2,Apr 11 2024 18: +0,1712854800
6.621,5,Apr 11 2024 19: +0,1712858400
6.835,3,Apr 11 2024 20: +0,1712862000
6.88,3,Apr 11 2024 21: +0,1712865600
5.959,1,Apr 11 2024 22: +0,1712869200
6.794,1,Apr 11 2024 23: +0,1712872800
6.851,1,Apr 12 2024 00: +0,1712876400
6.836,2,Apr 12 2024 03: +0,1712887200
6.838,3,Apr 12 2024 04: +0,1712890800
6.841,1,Apr 12 2024 06: +0,1712898000
6.24,2,Apr 12 2024 07: +0,1712901600
6.101,2,Apr 12 2024 08: +0,1712905200
6.273,2,Apr 12 2024 09: +0,1712908800
5.803,4,Apr 12 2024 10: +0,1712912400
6.489,1,Apr 12 2024 12: +0,1712919600
6.564,4,Apr 12 2024 14: +0,1712926800
6.274,2,Apr 12 2024 15: +0,1712930400
6.811,5,Apr 12 2024 16: +0,1712934000
6.811,1,Apr 12 2024 17: +0,1712937600
6.208,2,Apr 12 2024 18: +0,1712941200
6.024,7,Apr 12 2024 20: +0,1712948400
6.057,7,Apr 12 2024 21: +0,1712952000
6.56,1,Apr 12 2024 22: +0,1712955600
6.597,1,Apr 13 2024 01: +0,1712966400
6.558,1,Apr 13 2024 04: +0,1712977200
6.618,1,Apr 13 2024 05: +0,1712980800
6.633,2,Apr 13 2024 07: +0,1712988000
6.287,2,Apr 13 2024 08: +0,1712991600
6.508,4,Apr 13 2024 09: +0,1712995200
6.651,2,Apr 13 2024 10: +0,1712998800
6.65,1,Apr 13 2024 11: +0,1713002400
6.652,3,Apr 13 2024 12: +0,1713006000
6.4,1,Apr 13 2024 13: +0,1713009600
5.975,1,Apr 13 2024 14: +0,1713013200
6.484,2,Apr 13 2024 15: +0,1713016800
6.337,3,Apr 13 2024 16: +0,1713020400
6.633,2,Apr 13 2024 17: +0,1713024000
6.481,3,Apr 13 2024 18: +0,1713027600
6.578,3,Apr 13 2024 19: +0,1713031200
6.574,4,Apr 13 2024 20: +0,1713034800
6.462,4,Apr 13 2024 21: +0,1713038400
6.437,1,Apr 13 2024 22: +0,1713042000
5.958,2,Apr 14 2024 00: +0,1713049200
6.191,1,Apr 14 2024 01: +0,1713052800
6.437,1,Apr 14 2024 03: +0,1713060000
6.437,1,Apr 14 2024 06: +0,1713070800
6.443,1,Apr 14 2024 07: +0,1713074400
6.5,5,Apr 14 2024 08: +0,1713078000
6.255,2,Apr 14 2024 10: +0,1713085200
6.345,3,Apr 14 2024 11: +0,1713088800
6.396,2,Apr 14 2024 12: +0,1713092400
6.562,3,Apr 14 2024 13: +0,1713096000
5.975,2,Apr 14 2024 14: +0,1713099600
6.578,5,Apr 14 2024 15: +0,1713103200
6.725,3,Apr 14 2024 16: +0,1713106800
6.347,2,Apr 14 2024 17: +0,1713110400
5.947,2,Apr 14 2024 18: +0,1713114000
6.363,2,Apr 14 2024 19: +0,1713117600
6.757,6,Apr 14 2024 20: +0,1713121200
6.064,3,Apr 14 2024 21: +0,1713124800
6.281,1,Apr 15 2024 00: +0,1713135600
5.983,3,Apr 15 2024 05: +0,1713153600
6.413,1,Apr 15 2024 07: +0,1713160800
5.839,2,Apr 15 2024 08: +0,1713164400
5.823,1,Apr 15 2024 09: +0,1713168000
6.515,2,Apr 15 2024 10: +0,1713171600
6.43,1,Apr 15 2024 11: +0,1713175200
6.023,1,Apr 15 2024 12: +0,1713178800
6.25,1,Apr 15 2024 13: +0,1713182400
6.19,2,Apr 15 2024 14: +0,1713186000
6.248,6,Apr 15 2024 15: +0,1713189600
6.196,2,Apr 15 2024 16: +0,1713193200
6.103,5,Apr 15 2024 17: +0,1713196800
6.077,3,Apr 15 2024 18: +0,1713200400
6.42,3,Apr 15 2024 19: +0,1713204000
6.513,3,Apr 15 2024 20: +0,1713207600
6.564,2,Apr 15 2024 21: +0,1713211200
6.49,4,Apr 15 2024 22: +0,1713214800
6.794,1,Apr 15 2024 23: +0,1713218400
5.938,1,Apr 16 2024 00: +0,1713222000
5.93,1,Apr 16 2024 01: +0,1713225600
5.964,1,Apr 16 2024 03: +0,1713232800
6.366,2,Apr 16 2024 06: +0,1713243600
6.831,2,Apr 16 2024 07: +0,1713247200
6.843,1,Apr 16 2024 08: +0,1713250800
5.947,2,Apr 16 2024 09: +0,1713254400
6.003,8,Apr 16 2024 10: +0,1713258000
5.413,1,Apr 16 2024 11: +0,1713261600
6.465,3,Apr 16 2024 12: +0,1713265200
6.486,1,Apr 16 2024 13: +0,1713268800
6.652,2,Apr 16 2024 14: +0,1713272400
6.776,3,Apr 16 2024 15: +0,1713276000
6.606,2,Apr 16 2024 16: +0,1713279600
6.737,4,Apr 16 2024 18: +0,1713286800
6.562,3,Apr 16 2024 19: +0,1713290400
5.614,3,Apr 16 2024 20: +0,1713294000
5.959,3,Apr 16 2024 21: +0,1713297600
6.023,4,Apr 16 2024 22: +0,1713301200
6.023,1,Apr 16 2024 23: +0,1713304800
6.023,1,Apr 17 2024 01: +0,1713312000
6.348,1,Apr 17 2024 02: +0,1713315600
6.354,1,Apr 17 2024 03: +0,1713319200
6.558,1,Apr 17 2024 05: +0,1713326400
6.174,1,Apr 17 2024 06: +0,1713330000
6.372,2,Apr 17 2024 07: +0,1713333600
6.271,1,Apr 17 2024 09: +0,1713340800
8.368,1,Apr 17 2024 10: +0,1713344400
6.32,1,Apr 17 2024 11: +0,1713348000
6.434,4,Apr 17 2024 12: +0,1713351600
6.647,5,Apr 17 2024 13: +0,1713355200
6.512,2,Apr 17 2024 14: +0,1713358800
6.538,3,Apr 17 2024 15: +0,1713362400
6.528,2,Apr 17 2024 16: +0,1713366000
6.764,3,Apr 17 2024 17: +0,1713369600
6.268,2,Apr 17 2024 18: +0,1713373200
6.23,3,Apr 17 2024 19: +0,1713376800
6.506,3,Apr 17 2024 20: +0,1713380400
6.421,2,Apr 17 2024 21: +0,1713384000
6.541,1,Apr 17 2024 22: +0,1713387600
6.098,2,Apr 18 2024 01: +0,1713398400
6.245,2,Apr 18 2024 05: +0,1713412800
6.25,1,Apr 18 2024 08: +0,1713423600
6.244,2,Apr 18 2024 10: +0,1713430800
6.261,3,Apr 18 2024 11: +0,1713434400
6.648,4,Apr 18 2024 12: +0,1713438000
6.281,1,Apr 18 2024 13: +0,1713441600
5.646,3,Apr 18 2024 14: +0,1713445200
5.956,5,Apr 18 2024 15: +0,1713448800
6.41,3,Apr 18 2024 16: +0,1713452400
5.473,2,Apr 18 2024 17: +0,1713456000
6.143,5,Apr 18 2024 18: +0,1713459600
5.875,5,Apr 18 2024 19: +0,1713463200
6.73,1,Apr 18 2024 20: +0,1713466800
6.331,3,Apr 18 2024 21: +0,1713470400
6.169,4,Apr 18 2024 22: +0,1713474000
6.505,3,Apr 18 2024 23: +0,1713477600
6.208,2,Apr 19 2024 00: +0,1713481200
5.902,1,Apr 19 2024 01: +0,1713484800
5.628,2,Apr 19 2024 06: +0,1713502800
5.962,2,Apr 19 2024 07: +0,1713506400
5.473,2,Apr 19 2024 08: +0,1713510000
5.989,4,Apr 19 2024 09: +0,1713513600
6.027,4,Apr 19 2024 10: +0,1713517200
6.444,4,Apr 19 2024 11: +0,1713520800
6.622,3,Apr 19 2024 12: +0,1713524400
5.933,2,Apr 19 2024 15: +0,1713535200
6.263,5,Apr 19 2024 16: +0,1713538800
6.457,6,Apr 19 2024 17: +0,1713542400
6.629,6,Apr 19 2024 18: +0,1713546000
5.932,7,Apr 19 2024 19: +0,1713549600
6.644,1,Apr 19 2024 21: +0,1713556800
6.511,2,Apr 19 2024 22: +0,1713560400
6.575,2,Apr 19 2024 23: +0,1713564000
6.109,2,Apr 20 2024 00: +0,1713567600
6.625,1,Apr 20 2024 01: +0,1713571200
6.591,1,Apr 20 2024 04: +0,1713582000
5.831,1,Apr 20 2024 05: +0,1713585600
6.612,1,Apr 20 2024 07: +0,1713592800
6.43,2,Apr 20 2024 09: +0,1713600000
5.614,1,Apr 20 2024 10: +0,1713603600
6.337,3,Apr 20 2024 11: +0,1713607200
5.722,2,Apr 20 2024 12: +0,1713610800
5.751,1,Apr 20 2024 13: +0,1713614400
6.049,3,Apr 20 2024 14: +0,1713618000
6.132,4,Apr 20 2024 15: +0,1713621600
6.088,4,Apr 20 2024 16: +0,1713625200
6.344,1,Apr 20 2024 17: +0,1713628800
6.13,2,Apr 20 2024 18: +0,1713632400
6.521,1,Apr 20 2024 19: +0,1713636000
6.37,1,Apr 20 2024 20: +0,1713639600
6.339,4,Apr 20 2024 21: +0,1713643200
6.429,3,Apr 20 2024 22: +0,1713646800
6.345,1,Apr 20 2024 23: +0,1713650400
6.352,3,Apr 21 2024 00: +0,1713654000
6.846,1,Apr 21 2024 01: +0,1713657600
7.212,1,Apr 21 2024 03: +0,1713664800
7.028,1,Apr 21 2024 05: +0,1713672000
6.121,1,Apr 21 2024 06: +0,1713675600
5.822,3,Apr 21 2024 08: +0,1713682800
6.421,2,Apr 21 2024 09: +0,1713686400
6.101,3,Apr 21 2024 10: +0,1713690000
6.009,3,Apr 21 2024 11: +0,1713693600
6.007,4,Apr 21 2024 12: +0,1713697200
6.144,5,Apr 21 2024 13: +0,1713700800
6.016,4,Apr 21 2024 14: +0,1713704400
6.023,3,Apr 21 2024 15: +0,1713708000
5.935,2,Apr 21 2024 16: +0,1713711600
5.833,2,Apr 21 2024 17: +0,1713715200
5.921,4,Apr 21 2024 18: +0,1713718800
5.821,3,Apr 21 2024 19: +0,1713722400
5.851,3,Apr 21 2024 20: +0,1713726000
5.884,2,Apr 21 2024 21: +0,1713729600
5.894,3,Apr 21 2024 23: +0,1713736800
5.705,1,Apr 22 2024 00: +0,1713740400
5.668,1,Apr 22 2024 01: +0,1713744000
5.783,3,Apr 22 2024 06: +0,1713762000
5.907,1,Apr 22 2024 07: +0,1713765600
5.735,1,Apr 22 2024 08: +0,1713769200
5.736,2,Apr 22 2024 09: +0,1713772800
5.876,2,Apr 22 2024 10: +0,1713776400
6.015,2,Apr 22 2024 11: +0,1713780000
6.008,2,Apr 22 2024 12: +0,1713783600
5.975,3,Apr 22 2024 13: +0,1713787200
5.675,2,Apr 22 2024 14: +0,1713790800
5.593,4,Apr 22 2024 15: +0,1713794400
6.067,2,Apr 22 2024 16: +0,1713798000
5.688,2,Apr 22 2024 17: +0,1713801600
5.948,2,Apr 22 2024 18: +0,1713805200
5.893,7,Apr 22 2024 19: +0,1713808800
5.993,3,Apr 22 2024 20: +0,1713812400
6.05,4,Apr 22 2024 21: +0,1713816000
6.2,1,Apr 22 2024 22: +0,1713819600
5.7,1,Apr 23 2024 00: +0,1713826800
5.58,1,Apr 23 2024 01: +0,1713830400
6.005,1,Apr 23 2024 04: +0,1713841200
6.171,1,Apr 23 2024 07: +0,1713852000
5.95,1,Apr 23 2024 08: +0,1713855600
6.627,1,Apr 23 2024 09: +0,1713859200
5.995,1,Apr 23 2024 10: +0,1713862800
6.203,5,Apr 23 2024 11: +0,1713866400
6.458,2,Apr 23 2024 12: +0,1713870000
6.257,2,Apr 23 2024 13: +0,1713873600
6.242,3,Apr 23 2024 14: +0,1713877200
6.192,4,Apr 23 2024 15: +0,1713880800
6.228,3,Apr 23 2024 16: +0,1713884400
5.955,2,Apr 23 2024 17: +0,1713888000
5.885,3,Apr 23 2024 18: +0,1713891600
6.187,3,Apr 23 2024 19: +0,1713895200
5.967,3,Apr 23 2024 20: +0,1713898800
5.939,4,Apr 23 2024 21: +0,1713902400
6.167,2,Apr 23 2024 22: +0,1713906000
5.665,1,Apr 24 2024 00: +0,1713913200
5.846,1,Apr 24 2024 01: +0,1713916800
5.58,1,Apr 24 2024 02: +0,1713920400
5.724,2,Apr 24 2024 06: +0,1713934800
6.235,3,Apr 24 2024 08: +0,1713942000
5.756,1,Apr 24 2024 09: +0,1713945600
5.889,3,Apr 24 2024 10: +0,1713949200
6.189,2,Apr 24 2024 11: +0,1713952800
6.113,1,Apr 24 2024 12: +0,1713956400
6.224,4,Apr 24 2024 13: +0,1713960000
6.208,3,Apr 24 2024 14: +0,1713963600
6.25,5,Apr 24 2024 15: +0,1713967200
5.969,2,Apr 24 2024 16: +0,1713970800
5.972,4,Apr 24 2024 17: +0,1713974400
6.131,3,Apr 24 2024 18: +0,1713978000
5.922,2,Apr 24 2024 19: +0,1713981600
5.569,2,Apr 24 2024 20: +0,1713985200
5.593,2,Apr 24 2024 21: +0,1713988800
5.733,2,Apr 24 2024 22: +0,1713992400
5.885,2,Apr 24 2024 23: +0,1713996000
5.04,1,Apr 25 2024 00: +0,1713999600
5.891,1,Apr 25 2024 03: +0,1714010400
5.994,1,Apr 25 2024 05: +0,1714017600
6.195,3,Apr 25 2024 06: +0,1714021200
6.03,1,Apr 25 2024 07: +0,1714024800
6.254,2,Apr 25 2024 08: +0,1714028400
6.269,1,Apr 25 2024 09: +0,1714032000
6.289,2,Apr 25 2024 10: +0,1714035600
6.265,1,Apr 25 2024 11: +0,1714039200
6.106,3,Apr 25 2024 14: +0,1714050000
6.031,2,Apr 25 2024 15: +0,1714053600
6.237,5,Apr 25 2024 16: +0,1714057200
5.66,1,Apr 25 2024 17: +0,1714060800
6.299,1,Apr 25 2024 18: +0,1714064400
6.083,4,Apr 25 2024 19: +0,1714068000
6.32,1,Apr 25 2024 20: +0,1714071600
6.236,2,Apr 25 2024 21: +0,1714075200
6.034,2,Apr 25 2024 22: +0,1714078800
6.204,1,Apr 25 2024 23: +0,1714082400
5.636,3,Apr 26 2024 00: +0,1714086000
5.182,2,Apr 26 2024 01: +0,1714089600
5.872,1,Apr 26 2024 03: +0,1714096800
5.9,2,Apr 26 2024 04: +0,1714100400
5.995,1,Apr 26 2024 06: +0,1714107600
5.508,1,Apr 26 2024 07: +0,1714111200
5.668,2,Apr 26 2024 08: +0,1714114800
5.956,2,Apr 26 2024 09: +0,1714118400
5.777,3,Apr 26 2024 11: +0,1714125600
5.7,3,Apr 26 2024 12: +0,1714129200
5.869,1,Apr 26 2024 13: +0,1714132800
5.718,1,Apr 26 2024 14: +0,1714136400
5.714,1,Apr 26 2024 15: +0,1714140000
5.838,3,Apr 26 2024 16: +0,1714143600
5.851,6,Apr 26 2024 17: +0,1714147200
5.911,9,Apr 26 2024 18: +0,1714150800
6.167,2,Apr 26 2024 19: +0,1714154400
5.637,3,Apr 26 2024 20: +0,1714158000
5.943,4,Apr 26 2024 21: +0,1714161600
5.962,2,Apr 26 2024 22: +0,1714165200
5.577,1,Apr 27 2024 00: +0,1714172400
6.048,1,Apr 27 2024 01: +0,1714176000
5.724,1,Apr 27 2024 06: +0,1714194000
5.73,3,Apr 27 2024 07: +0,1714197600
5.503,2,Apr 27 2024 08: +0,1714201200
5.858,2,Apr 27 2024 09: +0,1714204800
5.994,5,Apr 27 2024 11: +0,1714212000
5.754,3,Apr 27 2024 12: +0,1714215600
5.58,5,Apr 27 2024 13: +0,1714219200
5.763,3,Apr 27 2024 15: +0,1714226400
5.803,4,Apr 27 2024 16: +0,1714230000
6.005,5,Apr 27 2024 17: +0,1714233600
6.007,4,Apr 27 2024 18: +0,1714237200
6.166,6,Apr 27 2024 19: +0,1714240800
6.242,2,Apr 27 2024 20: +0,1714244400
6.21,1,Apr 27 2024 21: +0,1714248000
6.042,2,Apr 27 2024 22: +0,1714251600
6.23,1,Apr 27 2024 23: +0,1714255200
6.232,1,Apr 28 2024 00: +0,1714258800
6.027,2,Apr 28 2024 02: +0,1714266000
5.612,1,Apr 28 2024 06: +0,1714280400
5.372,2,Apr 28 2024 07: +0,1714284000
6.27,3,Apr 28 2024 09: +0,1714291200
5.88,2,Apr 28 2024 10: +0,1714294800
5.923,4,Apr 28 2024 11: +0,1714298400
5.512,2,Apr 28 2024 12: +0,1714302000
6.23,1,Apr 28 2024 13: +0,1714305600
6.383,1,Apr 28 2024 14: +0,1714309200
5.977,2,Apr 28 2024 15: +0,1714312800
5.899,1,Apr 28 2024 17: +0,1714320000
5.969,3,Apr 28 2024 18: +0,1714323600
6.093,2,Apr 28 2024 19: +0,1714327200
6.048,3,Apr 28 2024 20: +0,1714330800
5.751,1,Apr 28 2024 21: +0,1714334400
5.875,3,Apr 28 2024 22: +0,1714338000
5.986,1,Apr 28 2024 23: +0,1714341600
5.914,2,Apr 29 2024 00: +0,1714345200
5.883,3,Apr 29 2024 03: +0,1714356000
5.679,2,Apr 29 2024 04: +0,1714359600
5.791,2,Apr 29 2024 05: +0,1714363200
5.734,1,Apr 29 2024 07: +0,1714370400
5.985,1,Apr 29 2024 08: +0,1714374000
6.152,3,Apr 29 2024 09: +0,1714377600
5.652,1,Apr 29 2024 10: +0,1714381200
5.616,1,Apr 29 2024 12: +0,1714388400
5.743,1,Apr 29 2024 13: +0,1714392000
5.709,2,Apr 29 2024 15: +0,1714399200
6.048,5,Apr 29 2024 16: +0,1714402800
5.853,1,Apr 29 2024 18: +0,1714410000
5.615,2,Apr 29 2024 19: +0,1714413600
5.985,3,Apr 29 2024 20: +0,1714417200
5.9,4,Apr 29 2024 21: +0,1714420800
5.826,2,Apr 29 2024 22: +0,1714424400
5.756,2,Apr 30 2024 01: +0,1714435200
5.892,1,Apr 30 2024 03: +0,1714442400
5.563,1,Apr 30 2024 04: +0,1714446000
5.58,1,Apr 30 2024 07: +0,1714456800
5.584,3,Apr 30 2024 09: +0,1714464000
5.584,1,Apr 30 2024 10: +0,1714467600
5.705,4,Apr 30 2024 11: +0,1714471200
5.976,1,Apr 30 2024 12: +0,1714474800
5.94,1,Apr 30 2024 13: +0,1714478400
5.606,1,Apr 30 2024 14: +0,1714482000
5.836,2,Apr 30 2024 15: +0,1714485600
5.893,3,Apr 30 2024 16: +0,1714489200
5.58,1,Apr 30 2024 17: +0,1714492800
5.947,3,Apr 30 2024 18: +0,1714496400
5.972,6,Apr 30 2024 19: +0,1714500000
5.838,3,Apr 30 2024 20: +0,1714503600
5.99,1,Apr 30 2024 21: +0,1714507200
5.944,4,Apr 30 2024 22: +0,1714510800
6.097,1,Apr 30 2024 23: +0,1714514400
5.57,1,May 01 2024 03: +0,1714528800
5.726,1,May 01 2024 04: +0,1714532400
5.879,2,May 01 2024 06: +0,1714539600
5.384,2,May 01 2024 08: +0,1714546800
5.654,3,May 01 2024 09: +0,1714550400
5.588,3,May 01 2024 10: +0,1714554000
5.536,7,May 01 2024 11: +0,1714557600
5.602,5,May 01 2024 12: +0,1714561200
5.579,3,May 01 2024 13: +0,1714564800
5.711,1,May 01 2024 14: +0,1714568400
5.602,5,May 01 2024 15: +0,1714572000
5.711,3,May 01 2024 16: +0,1714575600
5.639,4,May 01 2024 17: +0,1714579200
5.623,3,May 01 2024 18: +0,1714582800
5.681,6,May 01 2024 19: +0,1714586400
5.704,3,May 01 2024 20: +0,1714590000
5.871,6,May 01 2024 21: +0,1714593600
5.96,4,May 01 2024 22: +0,1714597200
5.966,5,May 01 2024 23: +0,1714600800
5.721,1,May 02 2024 01: +0,1714608000
5.826,1,May 02 2024 03: +0,1714615200
5.891,1,May 02 2024 05: +0,1714622400
5.926,2,May 02 2024 07: +0,1714629600
6.209,1,May 02 2024 08: +0,1714633200
6.279,2,May 02 2024 10: +0,1714640400
5.895,3,May 02 2024 11: +0,1714644000
5.95,3,May 02 2024 12: +0,1714647600
5.743,4,May 02 2024 13: +0,1714651200
6.096,8,May 02 2024 14: +0,1714654800
6.165,3,May 02 2024 15: +0,1714658400
6.121,4,May 02 2024 17: +0,1714665600
6.122,2,May 02 2024 18: +0,1714669200
6.147,2,May 02 2024 19: +0,1714672800
6.006,5,May 02 2024 20: +0,1714676400
6.034,2,May 03 2024 02: +0,1714698000
6.046,1,May 03 2024 03: +0,1714701600
5.887,1,May 03 2024 05: +0,1714708800
5.865,1,May 03 2024 06: +0,1714712400
5.981,2,May 03 2024 07: +0,1714716000
6.066,1,May 03 2024 08: +0,1714719600
6.067,1,May 03 2024 09: +0,1714723200
6.051,5,May 03 2024 10: +0,1714726800
6.146,1,May 03 2024 11: +0,1714730400
6.315,2,May 03 2024 12: +0,1714734000
6.043,3,May 03 2024 13: +0,1714737600
5.97,1,May 03 2024 14: +0,1714741200
5.77,2,May 03 2024 15: +0,1714744800
6.031,4,May 03 2024 16: +0,1714748400
5.942,4,May 03 2024 17: +0,1714752000
6.049,5,May 03 2024 18: +0,1714755600
5.994,3,May 03 2024 19: +0,1714759200
6.153,3,May 03 2024 20: +0,1714762800
6.057,5,May 03 2024 21: +0,1714766400
6.16,1,May 03 2024 22: +0,1714770000
5.69,1,May 03 2024 23: +0,1714773600
5.874,2,May 04 2024 00: +0,1714777200
6.11,1,May 04 2024 02: +0,1714784400
6.105,1,May 04 2024 03: +0,1714788000
6.185,1,May 04 2024 06: +0,1714798800
6.223,1,May 04 2024 07: +0,1714802400
6.116,1,May 04 2024 08: +0,1714806000
6.145,1,May 04 2024 09: +0,1714809600
5.882,1,May 04 2024 10: +0,1714813200
6.06,2,May 04 2024 11: +0,1714816800
6.182,3,May 04 2024 12: +0,1714820400
6.003,4,May 04 2024 13: +0,1714824000
6.17,3,May 04 2024 14: +0,1714827600
5.994,2,May 04 2024 15: +0,1714831200
6.208,5,May 04 2024 16: +0,1714834800
5.922,2,May 04 2024 17: +0,1714838400
6.265,4,May 04 2024 18: +0,1714842000
5.862,1,May 04 2024 19: +0,1714845600
6.447,1,May 04 2024 20: +0,1714849200
6.285,3,May 04 2024 21: +0,1714852800
6.028,2,May 04 2024 22: +0,1714856400
6.156,2,May 04 2024 23: +0,1714860000
6.007,1,May 05 2024 00: +0,1714863600
6.262,1,May 05 2024 02: +0,1714870800
5.598,1,May 05 2024 03: +0,1714874400
5.959,1,May 05 2024 05: +0,1714881600
6.243,3,May 05 2024 06: +0,1714885200
5.991,2,May 05 2024 07: +0,1714888800
6.242,3,May 05 2024 08: +0,1714892400
6.359,2,May 05 2024 09: +0,1714896000
6.131,1,May 05 2024 10: +0,1714899600
6.256,2,May 05 2024 11: +0,1714903200
6.366,2,May 05 2024 12: +0,1714906800
6.363,1,May 05 2024 13: +0,1714910400
6.245,4,May 05 2024 14: +0,1714914000
6.188,2,May 05 2024 15: +0,1714917600
6.406,3,May 05 2024 16: +0,1714921200
6.169,1,May 05 2024 17: +0,1714924800
6.417,2,May 05 2024 18: +0,1714928400
5.598,1,May 05 2024 19: +0,1714932000
5.954,3,May 05 2024 20: +0,1714935600
6.159,2,May 05 2024 21: +0,1714939200
6.294,1,May 05 2024 22: +0,1714942800
6.406,1,May 05 2024 23: +0,1714946400
6.407,1,May 06 2024 00: +0,1714950000
6.411,1,May 06 2024 02: +0,1714957200
6.407,1,May 06 2024 03: +0,1714960800
6.647,1,May 06 2024 04: +0,1714964400
6.353,1,May 06 2024 08: +0,1714978800
6.113,1,May 06 2024 11: +0,1714989600
6.034,2,May 06 2024 12: +0,1714993200
6.208,1,May 06 2024 13: +0,1714996800
6.242,3,May 06 2024 15: +0,1715004000
6.238,1,May 06 2024 16: +0,1715007600
6.309,2,May 06 2024 17: +0,1715011200
6.324,2,May 06 2024 18: +0,1715014800
6.384,3,May 06 2024 19: +0,1715018400
6.399,3,May 06 2024 20: +0,1715022000
5.949,3,May 06 2024 21: +0,1715025600
6.454,1,May 06 2024 22: +0,1715029200
6.147,2,May 06 2024 23: +0,1715032800
6.147,2,May 07 2024 00: +0,1715036400
5.87,1,May 07 2024 03: +0,1715047200
6.06,1,May 07 2024 06: +0,1715058000
5.906,2,May 07 2024 08: +0,1715065200
6.29,1,May 07 2024 09: +0,1715068800
5.881,2,May 07 2024 10: +0,1715072400
6.0,3,May 07 2024 11: +0,1715076000
6.211,2,May 07 2024 12: +0,1715079600
5.863,2,May 07 2024 13: +0,1715083200
6.0,1,May 07 2024 14: +0,1715086800
6.031,4,May 07 2024 17: +0,1715097600
5.42,2,May 07 2024 18: +0,1715101200
6.156,6,May 07 2024 19: +0,1715104800
6.378,4,May 07 2024 20: +0,1715108400
6.354,1,May 07 2024 21: +0,1715112000
6.367,1,May 07 2024 22: +0,1715115600
6.175,3,May 08 2024 03: +0,1715133600
6.116,2,May 08 2024 06: +0,1715144400
6.369,1,May 08 2024 07: +0,1715148000
6.37,1,May 08 2024 08: +0,1715151600
6.393,1,May 08 2024 09: +0,1715155200
5.915,2,May 08 2024 10: +0,1715158800
5.638,1,May 08 2024 12: +0,1715166000
6.462,1,May 08 2024 13: +0,1715169600
6.358,2,May 08 2024 15: +0,1715176800
5.956,3,May 08 2024 16: +0,1715180400
6.372,5,May 08 2024 17: +0,1715184000
6.339,4,May 08 2024 18: +0,1715187600
6.373,4,May 08 2024 19: +0,1715191200
5.343,4,May 08 2024 21: +0,1715198400
5.802,3,May 08 2024 22: +0,1715202000
6.284,1,May 08 2024 23: +0,1715205600
5.646,1,May 09 2024 00: +0,1715209200
5.729,2,May 09 2024 01: +0,1715212800
5.822,3,May 09 2024 05: +0,1715227200
6.158,2,May 09 2024 07: +0,1715234400
6.352,1,May 09 2024 08: +0,1715238000
6.353,2,May 09 2024 09: +0,1715241600
6.353,1,May 09 2024 10: +0,1715245200
6.014,2,May 09 2024 11: +0,1715248800
6.354,1,May 09 2024 12: +0,1715252400
6.353,1,May 09 2024 13: +0,1715256000
5.466,2,May 09 2024 14: +0,1715259600
5.983,3,May 09 2024 15: +0,1715263200
5.713,4,May 09 2024 16: +0,1715266800
5.962,4,May 09 2024 17: +0,1715270400
5.979,3,May 09 2024 18: +0,1715274000
5.908,3,May 09 2024 19: +0,1715277600
6.115,3,May 09 2024 20: +0,1715281200
5.927,2,May 09 2024 21: +0,1715284800
5.611,1,May 09 2024 22: +0,1715288400
5.941,1,May 09 2024 23: +0,1715292000
6.223,1,May 10 2024 00: +0,1715295600
6.232,1,May 10 2024 05: +0,1715313600
6.188,1,May 10 2024 07: +0,1715320800
6.229,1,May 10 2024 08: +0,1715324400
6.194,4,May 10 2024 09: +0,1715328000
5.923,2,May 10 2024 10: +0,1715331600
6.208,2,May 10 2024 11: +0,1715335200
6.275,5,May 10 2024 13: +0,1715342400
5.793,1,May 10 2024 14: +0,1715346000
5.78,1,May 10 2024 15: +0,1715349600
5.802,2,May 10 2024 16: +0,1715353200
6.123,2,May 10 2024 17: +0,1715356800
6.115,2,May 10 2024 18: +0,1715360400
6.215,5,May 10 2024 19: +0,1715364000
5.275,2,May 10 2024 20: +0,1715367600
6.152,3,May 10 2024 21: +0,1715371200
6.297,3,May 10 2024 22: +0,1715374800
6.019,2,May 10 2024 23: +0,1715378400
6.252,1,May 11 2024 00: +0,1715382000
6.146,1,May 11 2024 03: +0,1715392800
6.316,1,May 11 2024 07: +0,1715407200
6.242,2,May 11 2024 08: +0,1715410800
6.224,2,May 11 2024 09: +0,1715414400
5.745,3,May 11 2024 10: +0,1715418000
6.302,1,May 11 2024 11: +0,1715421600
5.583,2,May 11 2024 12: +0,1715425200
6.161,2,May 11 2024 13: +0,1715428800
6.171,1,May 11 2024 14: +0,1715432400
5.973,1,May 11 2024 16: +0,1715439600
5.846,2,May 11 2024 17: +0,1715443200
5.599,2,May 11 2024 18: +0,1715446800
5.872,1,May 11 2024 19: +0,1715450400
5.75,4,May 11 2024 20: +0,1715454000
5.829,4,May 11 2024 21: +0,1715457600
5.798,1,May 11 2024 22: +0,1715461200
5.901,5,May 11 2024 23: +0,1715464800
6.18,1,May 12 2024 00: +0,1715468400
6.101,4,May 12 2024 01: +0,1715472000
6.362,1,May 12 2024 04: +0,1715482800
6.338,1,May 12 2024 06: +0,1715490000
5.682,1,May 12 2024 07: +0,1715493600
5.658,1,May 12 2024 09: +0,1715500800
5.977,2,May 12 2024 10: +0,1715504400
5.927,3,May 12 2024 12: +0,1715511600
5.96,3,May 12 2024 13: +0,1715515200
6.34,1,May 12 2024 14: +0,1715518800
5.706,1,May 12 2024 15: +0,1715522400
6.227,6,May 12 2024 16: +0,1715526000
6.271,2,May 12 2024 17: +0,1715529600
6.361,1,May 12 2024 18: +0,1715533200
6.359,5,May 12 2024 19: +0,1715536800
6.361,3,May 12 2024 20: +0,1715540400
6.366,5,May 12 2024 21: +0,1715544000
6.219,1,May 12 2024 22: +0,1715547600
5.998,2,May 12 2024 23: +0,1715551200
6.156,1,May 13 2024 03: +0,1715565600
6.17,1,May 13 2024 07: +0,1715580000
6.216,3,May 13 2024 09: +0,1715587200
6.219,4,May 13 2024 10: +0,1715590800
6.278,3,May 13 2024 12: +0,1715598000
5.777,1,May 13 2024 14: +0,1715605200
5.911,1,May 13 2024 15: +0,1715608800
6.06,2,May 13 2024 16: +0,1715612400
5.914,5,May 13 2024 17: +0,1715616000
6.066,2,May 13 2024 18: +0,1715619600
6.37,4,May 13 2024 19: +0,1715623200
6.025,4,May 13 2024 20: +0,1715626800
5.523,2,May 13 2024 21: +0,1715630400
5.864,1,May 14 2024 01: +0,1715644800
5.879,1,May 14 2024 02: +0,1715648400
5.785,1,May 14 2024 03: +0,1715652000
6.243,2,May 14 2024 04: +0,1715655600
6.347,1,May 14 2024 05: +0,1715659200
6.351,1,May 14 2024 09: +0,1715673600
6.279,2,May 14 2024 11: +0,1715680800
6.289,3,May 14 2024 12: +0,1715684400
6.1,2,May 14 2024 13: +0,1715688000
6.331,1,May 14 2024 14: +0,1715691600
6.395,2,May 14 2024 15: +0,1715695200
6.45,1,May 14 2024 16: +0,1715698800
6.438,4,May 14 2024 17: +0,1715702400
6.474,2,May 14 2024 18: +0,1715706000
5.984,2,May 14 2024 19: +0,1715709600
5.902,2,May 14 2024 20: +0,1715713200
5.168,3,May 14 2024 21: +0,1715716800
5.952,1,May 14 2024 22: +0,1715720400
5.603,1,May 15 2024 01: +0,1715731200
4.768,1,May 15 2024 04: +0,1715742000
5.611,1,May 15 2024 05: +0,1715745600
6.162,2,May 15 2024 08: +0,1715756400
5.926,2,May 15 2024 09: +0,1715760000
6.252,3,May 15 2024 10: +0,1715763600
6.255,1,May 15 2024 11: +0,1715767200
5.595,1,May 15 2024 12: +0,1715770800
5.971,3,May 15 2024 13: +0,1715774400
5.698,1,May 15 2024 15: +0,1715781600
6.142,2,May 15 2024 16: +0,1715785200
5.947,2,May 15 2024 17: +0,1715788800
6.235,3,May 15 2024 18: +0,1715792400
6.243,1,May 15 2024 19: +0,1715796000
6.177,1,May 15 2024 20: +0,1715799600
6.151,2,May 15 2024 21: +0,1715803200
6.211,1,May 15 2024 22: +0,1715806800
6.268,2,May 16 2024 00: +0,1715814000
6.008,2,May 16 2024 01: +0,1715817600
6.037,1,May 16 2024 03: +0,1715824800
5.524,1,May 16 2024 04: +0,1715828400
5.611,3,May 16 2024 05: +0,1715832000
5.735,1,May 16 2024 06: +0,1715835600
5.631,2,May 16 2024 08: +0,1715842800
5.98,3,May 16 2024 10: +0,1715850000
5.611,3,May 16 2024 12: +0,1715857200
5.968,2,May 16 2024 13: +0,1715860800
6.257,2,May 16 2024 14: +0,1715864400
6.3,2,May 16 2024 15: +0,1715868000
6.289,3,May 16 2024 16: +0,1715871600
6.451,3,May 16 2024 17: +0,1715875200
6.451,2,May 16 2024 18: +0,1715878800
6.536,5,May 16 2024 20: +0,1715886000
6.353,2,May 16 2024 21: +0,1715889600
6.533,1,May 16 2024 23: +0,1715896800
5.737,1,May 17 2024 00: +0,1715900400
6.334,1,May 17 2024 07: +0,1715925600
5.861,1,May 17 2024 08: +0,1715929200
5.626,1,May 17 2024 09: +0,1715932800
6.027,3,May 17 2024 10: +0,1715936400
6.129,2,May 17 2024 11: +0,1715940000
6.285,3,May 17 2024 13: +0,1715947200
5.944,2,May 17 2024 14: +0,1715950800
5.579,3,May 17 2024 16: +0,1715958000
5.537,2,May 17 2024 17: +0,1715961600
5.674,2,May 17 2024 18: +0,1715965200
5.892,1,May 17 2024 19: +0,1715968800
5.914,4,May 17 2024 20: +0,1715972400
6.134,1,May 17 2024 21: +0,1715976000
5.908,1,May 17 2024 22: +0,1715979600
5.978,1,May 17 2024 23: +0,1715983200
5.064,2,May 18 2024 00: +0,1715986800
5.927,1,May 18 2024 01: +0,1715990400
5.843,1,May 18 2024 04: +0,1716001200
5.951,3,May 18 2024 07: +0,1716012000
5.634,2,May 18 2024 08: +0,1716015600
5.692,2,May 18 2024 09: +0,1716019200
6.063,3,May 18 2024 10: +0,1716022800
6.054,4,May 18 2024 12: +0,1716030000
5.886,2,May 18 2024 13: +0,1716033600
6.183,4,May 18 2024 14: +0,1716037200
5.939,2,May 18 2024 15: +0,1716040800
5.635,1,May 18 2024 16: +0,1716044400
6.236,5,May 18 2024 17: +0,1716048000
5.612,3,May 18 2024 18: +0,1716051600
6.264,2,May 18 2024 19: +0,1716055200
6.155,3,May 18 2024 20: +0,1716058800
6.135,4,May 18 2024 21: +0,1716062400
6.222,1,May 18 2024 22: +0,1716066000
5.502,1,May 18 2024 23: +0,1716069600
5.793,1,May 19 2024 00: +0,1716073200
6.016,1,May 19 2024 03: +0,1716084000
6.493,1,May 19 2024 04: +0,1716087600
5.872,2,May 19 2024 08: +0,1716102000
5.936,2,May 19 2024 09: +0,1716105600
6.014,4,May 19 2024 11: +0,1716112800
5.566,4,May 19 2024 12: +0,1716116400
5.609,5,May 19 2024 13: +0,1716120000
5.292,2,May 19 2024 14: +0,1716123600
5.842,2,May 19 2024 15: +0,1716127200
5.674,2,May 19 2024 16: +0,1716130800
5.79,2,May 19 2024 17: +0,1716134400
5.54,2,May 19 2024 18: +0,1716138000
6.187,1,May 19 2024 19: +0,1716141600
5.982,4,May 19 2024 20: +0,1716145200
5.92,2,May 19 2024 21: +0,1716148800
5.884,1,May 19 2024 22: +0,1716152400
5.458,1,May 20 2024 02: +0,1716166800
5.795,2,May 20 2024 03: +0,1716170400
6.19,1,May 20 2024 06: +0,1716181200
6.34,1,May 20 2024 07: +0,1716184800
5.612,1,May 20 2024 08: +0,1716188400
6.163,1,May 20 2024 09: +0,1716192000
5.557,2,May 20 2024 10: +0,1716195600
5.77,2,May 20 2024 12: +0,1716202800
6.003,3,May 20 2024 13: +0,1716206400
6.005,3,May 20 2024 14: +0,1716210000
5.659,3,May 20 2024 16: +0,1716217200
6.222,1,May 20 2024 17: +0,1716220800
6.09,2,May 20 2024 18: +0,1716224400
6.21,3,May 20 2024 19: +0,1716228000
6.222,5,May 20 2024 20: +0,1716231600
6.247,6,May 20 2024 21: +0,1716235200
6.309,1,May 20 2024 22: +0,1716238800
6.407,3,May 20 2024 23: +0,1716242400
5.124,1,May 21 2024 04: +0,1716260400
4.998,1,May 21 2024 05: +0,1716264000
5.974,1,May 21 2024 08: +0,1716274800
5.395,2,May 21 2024 09: +0,1716278400
6.155,1,May 21 2024 10: +0,1716282000
5.054,1,May 21 2024 11: +0,1716285600
6.12,1,May 21 2024 12: +0,1716289200
5.967,5,May 21 2024 14: +0,1716296400
6.064,1,May 21 2024 15: +0,1716300000
6.108,3,May 21 2024 16: +0,1716303600
5.532,1,May 21 2024 17: +0,1716307200
5.782,6,May 21 2024 19: +0,1716314400
6.177,3,May 21 2024 20: +0,1716318000
5.79,2,May 21 2024 21: +0,1716321600
5.795,2,May 21 2024 22: +0,1716325200
6.284,1,May 21 2024 23: +0,1716328800
5.431,1,May 22 2024 00: +0,1716332400
5.852,2,May 22 2024 03: +0,1716343200
5.997,1,May 22 2024 07: +0,1716357600
5.976,1,May 22 2024 10: +0,1716368400
6.051,1,May 22 2024 11: +0,1716372000
5.959,4,May 22 2024 12: +0,1716375600
6.006,2,May 22 2024 13: +0,1716379200
5.599,2,May 22 2024 14: +0,1716382800
5.778,3,May 22 2024 15: +0,1716386400
6.026,2,May 22 2024 16: +0,1716390000
5.962,2,May 22 2024 17: +0,1716393600
6.029,3,May 22 2024 19: +0,1716400800
5.976,4,May 22 2024 21: +0,1716408000
5.984,1,May 23 2024 00: +0,1716418800
5.695,2,May 23 2024 01: +0,1716422400
5.549,1,May 23 2024 02: +0,1716426000
5.588,2,May 23 2024 06: +0,1716440400
5.588,1,May 23 2024 07: +0,1716444000
5.549,3,May 23 2024 08: +0,1716447600
5.549,1,May 23 2024 09: +0,1716451200
5.635,1,May 23 2024 10: +0,1716454800
5.653,4,May 23 2024 11: +0,1716458400
5.844,1,May 23 2024 12: +0,1716462000
5.541,1,May 23 2024 13: +0,1716465600
5.564,2,May 23 2024 14: +0,1716469200
5.637,4,May 23 2024 16: +0,1716476400
5.53,4,May 23 2024 17: +0,1716480000
5.608,4,May 23 2024 18: +0,1716483600
5.569,5,May 23 2024 19: +0,1716487200
5.792,3,May 23 2024 20: +0,1716490800
5.705,2,May 23 2024 21: +0,1716494400
5.577,2,May 23 2024 23: +0,1716501600
5.816,1,May 24 2024 01: +0,1716508800
5.813,1,May 24 2024 02: +0,1716512400
5.42,1,May 24 2024 03: +0,1716516000
5.815,2,May 24 2024 04: +0,1716519600
5.675,2,May 24 2024 06: +0,1716526800
6.017,1,May 24 2024 07: +0,1716530400
5.526,2,May 24 2024 08: +0,1716534000
5.803,1,May 24 2024 09: +0,1716537600
5.519,2,May 24 2024 11: +0,1716544800
5.631,3,May 24 2024 12: +0,1716548400
5.69,4,May 24 2024 13: +0,1716552000
5.597,2,May 24 2024 14: +0,1716555600
5.537,3,May 24 2024 15: +0,1716559200
5.661,4,May 24 2024 16: +0,1716562800
5.796,3,May 24 2024 17: +0,1716566400
5.887,2,May 24 2024 18: +0,1716570000
5.396,3,May 24 2024 19: +0,1716573600
5.727,1,May 24 2024 20: +0,1716577200
5.683,2,May 24 2024 21: +0,1716580800
5.363,1,May 24 2024 22: +0,1716584400
5.502,1,May 24 2024 23: +0,1716588000
5.602,1,May 25 2024 03: +0,1716602400
5.347,2,May 25 2024 04: +0,1716606000
5.558,2,May 25 2024 05: +0,1716609600
5.744,2,May 25 2024 06: +0,1716613200
6.004,2,May 25 2024 07: +0,1716616800
5.591,3,May 25 2024 11: +0,1716631200
5.382,2,May 25 2024 12: +0,1716634800
5.263,4,May 25 2024 13: +0,1716638400
5.302,1,May 25 2024 14: +0,1716642000
5.302,1,May 25 2024 16: +0,1716649200
5.201,3,May 25 2024 17: +0,1716652800
5.396,1,May 25 2024 18: +0,1716656400
5.398,2,May 25 2024 19: +0,1716660000
5.314,2,May 25 2024 20: +0,1716663600
5.448,5,May 25 2024 21: +0,1716667200
5.302,3,May 25 2024 22: +0,1716670800
5.552,2,May 25 2024 23: +0,1716674400
5.687,2,May 26 2024 02: +0,1716685200
5.687,1,May 26 2024 03: +0,1716688800
5.31,1,May 26 2024 05: +0,1716696000
5.31,1,May 26 2024 09: +0,1716710400
5.699,3,May 26 2024 10: +0,1716714000
5.696,4,May 26 2024 11: +0,1716717600
5.7,3,May 26 2024 12: +0,1716721200
5.342,4,May 26 2024 15: +0,1716732000
5.484,1,May 26 2024 16: +0,1716735600
5.619,1,May 26 2024 17: +0,1716739200
5.702,2,May 26 2024 18: +0,1716742800
5.708,6,May 26 2024 19: +0,1716746400
5.519,1,May 26 2024 20: +0,1716750000
5.501,1,May 26 2024 21: +0,1716753600
5.671,1,May 27 2024 05: +0,1716782400
5.671,3,May 27 2024 08: +0,1716793200
5.482,2,May 27 2024 09: +0,1716796800
5.71,2,May 27 2024 10: +0,1716800400
5.718,1,May 27 2024 11: +0,1716804000
5.643,2,May 27 2024 12: +0,1716807600
5.811,2,May 27 2024 13: +0,1716811200
5.758,3,May 27 2024 14: +0,1716814800
5.843,3,May 27 2024 15: +0,1716818400
5.919,2,May 27 2024 16: +0,1716822000
5.719,2,May 27 2024 18: +0,1716829200
5.743,4,May 27 2024 19: +0,1716832800
5.963,3,May 27 2024 20: +0,1716836400
4.999,1,May 27 2024 22: +0,1716843600
5.291,1,May 27 2024 23: +0,1716847200
5.782,1,May 28 2024 00: +0,1716850800
5.867,1,May 28 2024 02: +0,1716858000
5.239,1,May 28 2024 07: +0,1716876000
5.974,1,May 28 2024 08: +0,1716879600
5.207,1,May 28 2024 09: +0,1716883200
5.861,1,May 28 2024 10: +0,1716886800
5.971,3,May 28 2024 11: +0,1716890400
5.971,1,May 28 2024 12: +0,1716894000
5.966,2,May 28 2024 13: +0,1716897600
5.574,1,May 28 2024 14: +0,1716901200
5.446,2,May 28 2024 16: +0,1716908400
5.656,1,May 28 2024 17: +0,1716912000
5.7,4,May 28 2024 18: +0,1716915600
5.294,2,May 28 2024 19: +0,1716919200
5.845,2,May 28 2024 20: +0,1716922800
5.711,2,May 28 2024 21: +0,1716926400
5.208,1,May 28 2024 23: +0,1716933600
5.959,2,May 29 2024 00: +0,1716937200
5.423,1,May 29 2024 08: +0,1716966000
5.023,2,May 29 2024 11: +0,1716976800
5.231,3,May 29 2024 13: +0,1716984000
5.75,1,May 29 2024 14: +0,1716987600
5.632,1,May 29 2024 15: +0,1716991200
5.36,4,May 29 2024 16: +0,1716994800
5.5,3,May 29 2024 17: +0,1716998400
5.14,2,May 29 2024 18: +0,1717002000
5.397,2,May 29 2024 19: +0,1717005600
10.446,2,May 29 2024 20: +0,1717009200
5.418,3,May 29 2024 21: +0,1717012800
4.712,1,May 30 2024 00: +0,1717023600
5.554,2,May 30 2024 01: +0,1717027200
5.458,2,May 30 2024 03: +0,1717034400
5.184,1,May 30 2024 04: +0,1717038000
5.709,1,May 30 2024 06: +0,1717045200
5.42,2,May 30 2024 07: +0,1717048800
4.452,2,May 30 2024 09: +0,1717056000
5.591,7,May 30 2024 11: +0,1717063200
5.459,2,May 30 2024 12: +0,1717066800
5.262,5,May 30 2024 13: +0,1717070400
5.727,6,May 30 2024 14: +0,1717074000
5.489,2,May 30 2024 15: +0,1717077600
5.098,2,May 30 2024 16: +0,1717081200
5.538,1,May 30 2024 17: +0,1717084800
5.477,3,May 30 2024 18: +0,1717088400
5.014,3,May 30 2024 19: +0,1717092000
5.405,1,May 30 2024 20: +0,1717095600
5.278,3,May 30 2024 21: +0,1717099200
5.482,1,May 30 2024 22: +0,1717102800
5.16,3,May 30 2024 23: +0,1717106400
5.372,1,May 31 2024 02: +0,1717117200
5.29,1,May 31 2024 07: +0,1717135200
5.197,1,May 31 2024 08: +0,1717138800
5.272,2,May 31 2024 09: +0,1717142400
5.325,3,May 31 2024 10: +0,1717146000
5.304,1,May 31 2024 11: +0,1717149600
5.181,4,May 31 2024 12: +0,1717153200
5.306,5,May 31 2024 13: +0,1717156800
5.192,1,May 31 2024 15: +0,1717164000
5.209,6,May 31 2024 16: +0,1717167600
5.142,4,May 31 2024 17: +0,1717171200
5.137,5,May 31 2024 18: +0,1717174800
5.165,5,May 31 2024 19: +0,1717178400
5.113,3,May 31 2024 20: +0,1717182000
5.192,2,May 31 2024 21: +0,1717185600
5.368,1,May 31 2024 22: +0,1717189200
5.379,2,May 31 2024 23: +0,1717192800
5.124,2,Jun 01 2024 00: +0,1717196400
5.375,1,Jun 01 2024 01: +0,1717200000
5.286,1,Jun 01 2024 03: +0,1717207200
5.192,3,Jun 01 2024 04: +0,1717210800
5.313,1,Jun 01 2024 05: +0,1717214400
5.016,2,Jun 01 2024 06: +0,1717218000
5.379,1,Jun 01 2024 07: +0,1717221600
5.372,3,Jun 01 2024 08: +0,1717225200
5.411,2,Jun 01 2024 09: +0,1717228800
5.409,5,Jun 01 2024 10: +0,1717232400
5.458,3,Jun 01 2024 11: +0,1717236000
5.774,3,Jun 01 2024 12: +0,1717239600
5.817,2,Jun 01 2024 13: +0,1717243200
5.934,3,Jun 01 2024 14: +0,1717246800
5.462,5,Jun 01 2024 15: +0,1717250400
5.71,1,Jun 01 2024 16: +0,1717254000
5.735,1,Jun 01 2024 17: +0,1717257600
5.293,2,Jun 01 2024 18: +0,1717261200
5.725,3,Jun 01 2024 19: +0,1717264800
5.685,3,Jun 01 2024 20: +0,1717268400
5.726,2,Jun 01 2024 21: +0,1717272000
5.921,1,Jun 01 2024 22: +0,1717275600
5.899,1,Jun 01 2024 23: +0,1717279200
5.851,3,Jun 02 2024 00: +0,1717282800
5.882,1,Jun 02 2024 08: +0,1717311600
5.568,2,Jun 02 2024 10: +0,1717318800
5.631,3,Jun 02 2024 13: +0,1717329600
5.027,2,Jun 02 2024 14: +0,1717333200
5.581,4,Jun 02 2024 15: +0,1717336800
5.105,1,Jun 02 2024 16: +0,1717340400
5.562,4,Jun 02 2024 17: +0,1717344000
5.544,1,Jun 02 2024 18: +0,1717347600
5.458,5,Jun 02 2024 19: +0,1717351200
5.725,3,Jun 02 2024 20: +0,1717354800
5.78,1,Jun 02 2024 21: +0,1717358400
5.727,1,Jun 02 2024 22: +0,1717362000
5.569,2,Jun 02 2024 23: +0,1717365600
5.584,2,Jun 03 2024 00: +0,1717369200
5.654,2,Jun 03 2024 01: +0,1717372800
5.521,1,Jun 03 2024 04: +0,1717383600
5.604,3,Jun 03 2024 07: +0,1717394400
5.741,2,Jun 03 2024 08: +0,1717398000
5.748,1,Jun 03 2024 09: +0,1717401600
5.763,1,Jun 03 2024 10: +0,1717405200
5.33,2,Jun 03 2024 11: +0,1717408800
5.184,3,Jun 03 2024 13: +0,1717416000
5.352,2,Jun 03 2024 14: +0,1717419600
5.366,3,Jun 03 2024 15: +0,1717423200
5.015,2,Jun 03 2024 16: +0,1717426800
5.75,3,Jun 03 2024 17: +0,1717430400
5.759,2,Jun 03 2024 18: +0,1717434000
5.772,1,Jun 03 2024 19: +0,1717437600
5.648,8,Jun 03 2024 20: +0,1717441200
5.932,1,Jun 03 2024 21: +0,1717444800
5.386,2,Jun 03 2024 22: +0,1717448400
5.648,2,Jun 04 2024 00: +0,1717455600
5.651,2,Jun 04 2024 01: +0,1717459200
5.995,1,Jun 04 2024 02: +0,1717462800
5.774,2,Jun 04 2024 03: +0,1717466400
5.549,2,Jun 04 2024 05: +0,1717473600
5.654,2,Jun 04 2024 06: +0,1717477200
5.882,1,Jun 04 2024 08: +0,1717484400
5.701,3,Jun 04 2024 09: +0,1717488000
5.654,3,Jun 04 2024 11: +0,1717495200
5.69,1,Jun 04 2024 12: +0,1717498800
5.494,2,Jun 04 2024 13: +0,1717502400
5.623,1,Jun 04 2024 15: +0,1717509600
5.623,2,Jun 04 2024 16: +0,1717513200
5.704,3,Jun 04 2024 17: +0,1717516800
5.772,5,Jun 04 2024 18: +0,1717520400
5.174,1,Jun 04 2024 19: +0,1717524000
5.747,2,Jun 04 2024 20: +0,1717527600
5.385,1,Jun 04 2024 22: +0,1717534800
5.332,1,Jun 05 2024 03: +0,1717552800
5.308,2,Jun 05 2024 04: +0,1717556400
5.663,1,Jun 05 2024 05: +0,1717560000
5.828,2,Jun 05 2024 07: +0,1717567200
5.714,2,Jun 05 2024 08: +0,1717570800
5.783,1,Jun 05 2024 09: +0,1717574400
5.348,2,Jun 05 2024 10: +0,1717578000
6.085,1,Jun 05 2024 12: +0,1717585200
5.134,1,Jun 05 2024 13: +0,1717588800
5.45,1,Jun 05 2024 14: +0,1717592400
5.451,4,Jun 05 2024 15: +0,1717596000
5.731,4,Jun 05 2024 16: +0,1717599600
5.964,2,Jun 05 2024 17: +0,1717603200
5.971,3,Jun 05 2024 18: +0,1717606800
5.922,4,Jun 05 2024 19: +0,1717610400
5.303,1,Jun 05 2024 21: +0,1717617600
5.844,1,Jun 05 2024 22: +0,1717621200
5.588,2,Jun 05 2024 23: +0,1717624800
5.851,1,Jun 06 2024 01: +0,1717632000
5.833,1,Jun 06 2024 05: +0,1717646400
5.089,1,Jun 06 2024 07: +0,1717653600
5.516,2,Jun 06 2024 08: +0,1717657200
5.827,1,Jun 06 2024 09: +0,1717660800
5.656,1,Jun 06 2024 10: +0,1717664400
5.661,2,Jun 06 2024 11: +0,1717668000
5.707,4,Jun 06 2024 12: +0,1717671600
5.45,2,Jun 06 2024 13: +0,1717675200
5.703,5,Jun 06 2024 14: +0,1717678800
5.753,1,Jun 06 2024 15: +0,1717682400
5.533,2,Jun 06 2024 16: +0,1717686000
5.45,4,Jun 06 2024 17: +0,1717689600
5.084,2,Jun 06 2024 18: +0,1717693200
5.768,4,Jun 06 2024 19: +0,1717696800
5.877,5,Jun 06 2024 20: +0,1717700400
5.316,1,Jun 06 2024 23: +0,1717711200
5.589,1,Jun 07 2024 02: +0,1717722000
5.237,1,Jun 07 2024 06: +0,1717736400
5.482,1,Jun 07 2024 07: +0,1717740000
5.886,1,Jun 07 2024 08: +0,1717743600
5.393,1,Jun 07 2024 09: +0,1717747200
5.482,2,Jun 07 2024 10: +0,1717750800
5.412,2,Jun 07 2024 11: +0,1717754400
5.45,3,Jun 07 2024 13: +0,1717761600
5.283,4,Jun 07 2024 14: +0,1717765200
5.394,4,Jun 07 2024 15: +0,1717768800
5.663,4,Jun 07 2024 17: +0,1717776000
5.593,3,Jun 07 2024 18: +0,1717779600
5.675,2,Jun 07 2024 19: +0,1717783200
5.275,4,Jun 07 2024 20: +0,1717786800
5.656,3,Jun 07 2024 21: +0,1717790400
5.561,3,Jun 07 2024 22: +0,1717794000
5.535,1,Jun 07 2024 23: +0,1717797600
5.556,2,Jun 08 2024 00: +0,1717801200
5.56,4,Jun 08 2024 01: +0,1717804800
5.134,1,Jun 08 2024 03: +0,1717812000
5.277,1,Jun 08 2024 06: +0,1717822800
5.553,1,Jun 08 2024 08: +0,1717830000
5.745,2,Jun 08 2024 09: +0,1717833600
5.323,1,Jun 08 2024 10: +0,1717837200
5.8,1,Jun 08 2024 11: +0,1717840800
5.6,5,Jun 08 2024 12: +0,1717844400
5.638,5,Jun 08 2024 13: +0,1717848000
5.618,1,Jun 08 2024 14: +0,1717851600
5.201,4,Jun 08 2024 15: +0,1717855200
5.585,2,Jun 08 2024 16: +0,1717858800
5.527,2,Jun 08 2024 17: +0,1717862400
5.54,4,Jun 08 2024 18: +0,1717866000
5.323,1,Jun 08 2024 19: +0,1717869600
5.324,3,Jun 08 2024 20: +0,1717873200
5.536,4,Jun 08 2024 22: +0,1717880400
5.661,1,Jun 09 2024 00: +0,1717887600
5.393,1,Jun 09 2024 02: +0,1717894800
5.268,3,Jun 09 2024 03: +0,1717898400
5.599,3,Jun 09 2024 05: +0,1717905600
5.49,1,Jun 09 2024 06: +0,1717909200
5.61,3,Jun 09 2024 07: +0,1717912800
5.643,1,Jun 09 2024 08: +0,1717916400
5.576,2,Jun 09 2024 11: +0,1717927200
5.64,1,Jun 09 2024 13: +0,1717934400
5.658,12,Jun 09 2024 14: +0,1717938000
5.803,2,Jun 09 2024 15: +0,1717941600
5.648,1,Jun 09 2024 17: +0,1717948800
5.213,1,Jun 09 2024 18: +0,1717952400
5.509,4,Jun 09 2024 19: +0,1717956000
5.839,1,Jun 09 2024 20: +0,1717959600
5.451,2,Jun 09 2024 21: +0,1717963200
5.482,1,Jun 09 2024 22: +0,1717966800
5.576,1,Jun 09 2024 23: +0,1717970400
5.584,1,Jun 10 2024 00: +0,1717974000
5.431,1,Jun 10 2024 04: +0,1717988400
5.403,1,Jun 10 2024 07: +0,1717999200
5.481,2,Jun 10 2024 08: +0,1718002800
5.166,2,Jun 10 2024 09: +0,1718006400
5.511,1,Jun 10 2024 10: +0,1718010000
5.552,2,Jun 10 2024 11: +0,1718013600
5.486,3,Jun 10 2024 12: +0,1718017200
5.423,4,Jun 10 2024 13: +0,1718020800
5.482,3,Jun 10 2024 14: +0,1718024400
5.533,4,Jun 10 2024 15: +0,1718028000
5.502,2,Jun 10 2024 16: +0,1718031600
5.719,3,Jun 10 2024 17: +0,1718035200
5.743,2,Jun 10 2024 18: +0,1718038800
5.791,2,Jun 10 2024 19: +0,1718042400
5.812,3,Jun 10 2024 20: +0,1718046000
5.623,1,Jun 10 2024 21: +0,1718049600
5.592,2,Jun 10 2024 22: +0,1718053200
5.265,1,Jun 11 2024 00: +0,1718060400
5.316,1,Jun 11 2024 04: +0,1718074800
5.877,1,Jun 11 2024 06: +0,1718082000
5.589,1,Jun 11 2024 07: +0,1718085600
5.829,1,Jun 11 2024 08: +0,1718089200
5.592,1,Jun 11 2024 09: +0,1718092800
5.608,1,Jun 11 2024 10: +0,1718096400
5.881,1,Jun 11 2024 11: +0,1718100000
5.876,1,Jun 11 2024 12: +0,1718103600
5.881,1,Jun 11 2024 14: +0,1718110800
5.766,1,Jun 11 2024 15: +0,1718114400
5.766,3,Jun 11 2024 16: +0,1718118000
5.766,3,Jun 11 2024 17: +0,1718121600
5.782,4,Jun 11 2024 18: +0,1718125200
5.844,2,Jun 11 2024 19: +0,1718128800
5.807,3,Jun 11 2024 20: +0,1718132400
5.787,3,Jun 11 2024 21: +0,1718136000
5.426,2,Jun 11 2024 23: +0,1718143200
5.815,2,Jun 12 2024 01: +0,1718150400
5.087,1,Jun 12 2024 02: +0,1718154000
5.626,1,Jun 12 2024 03: +0,1718157600
5.625,1,Jun 12 2024 04: +0,1718161200
5.777,1,Jun 12 2024 05: +0,1718164800
5.814,1,Jun 12 2024 06: +0,1718168400
5.521,1,Jun 12 2024 07: +0,1718172000
5.812,1,Jun 12 2024 08: +0,1718175600
5.782,1,Jun 12 2024 10: +0,1718182800
5.715,2,Jun 12 2024 11: +0,1718186400
5.811,4,Jun 12 2024 12: +0,1718190000
5.813,1,Jun 12 2024 13: +0,1718193600
5.81,1,Jun 12 2024 14: +0,1718197200
5.7,4,Jun 12 2024 16: +0,1718204400
5.744,2,Jun 12 2024 17: +0,1718208000
4.858,1,Jun 12 2024 18: +0,1718211600
5.813,1,Jun 12 2024 19: +0,1718215200
5.614,5,Jun 12 2024 20: +0,1718218800
5.748,3,Jun 12 2024 22: +0,1718226000
5.792,2,Jun 12 2024 23: +0,1718229600
5.59,4,Jun 13 2024 00: +0,1718233200
5.503,2,Jun 13 2024 01: +0,1718236800
5.632,2,Jun 13 2024 04: +0,1718247600
5.818,2,Jun 13 2024 07: +0,1718258400
5.539,1,Jun 13 2024 08: +0,1718262000
5.687,1,Jun 13 2024 10: +0,1718269200
5.745,1,Jun 13 2024 11: +0,1718272800
5.744,1,Jun 13 2024 12: +0,1718276400
5.815,3,Jun 13 2024 13: +0,1718280000
5.509,2,Jun 13 2024 14: +0,1718283600
5.65,2,Jun 13 2024 15: +0,1718287200
5.808,1,Jun 13 2024 16: +0,1718290800
5.518,1,Jun 13 2024 17: +0,1718294400
5.726,3,Jun 13 2024 18: +0,1718298000
5.563,2,Jun 13 2024 19: +0,1718301600
5.482,3,Jun 13 2024 20: +0,1718305200
5.656,2,Jun 13 2024 21: +0,1718308800
5.735,1,Jun 14 2024 01: +0,1718323200
5.521,1,Jun 14 2024 06: +0,1718341200
5.363,1,Jun 14 2024 07: +0,1718344800
5.843,1,Jun 14 2024 08: +0,1718348400
5.735,3,Jun 14 2024 09: +0,1718352000
5.805,1,Jun 14 2024 11: +0,1718359200
5.381,3,Jun 14 2024 13: +0,1718366400
5.182,2,Jun 14 2024 15: +0,1718373600
5.757,3,Jun 14 2024 16: +0,1718377200
5.734,3,Jun 14 2024 17: +0,1718380800
5.436,2,Jun 14 2024 18: +0,1718384400
5.766,1,Jun 14 2024 19: +0,1718388000
5.823,1,Jun 14 2024 20: +0,1718391600
5.791,2,Jun 14 2024 21: +0,1718395200
5.847,1,Jun 14 2024 22: +0,1718398800
5.134,1,Jun 14 2024 23: +0,1718402400
5.443,2,Jun 15 2024 00: +0,1718406000
5.092,2,Jun 15 2024 02: +0,1718413200
5.102,2,Jun 15 2024 10: +0,1718442000
5.689,1,Jun 15 2024 12: +0,1718449200
5.121,1,Jun 15 2024 13: +0,1718452800
5.529,1,Jun 15 2024 14: +0,1718456400
5.023,2,Jun 15 2024 15: +0,1718460000
5.585,2,Jun 15 2024 16: +0,1718463600
5.679,1,Jun 15 2024 17: +0,1718467200
