price,quantity,date,unix timestamp
3.743,763,Sep 22 2021 01: +0,1632268800
3.741,454,Sep 23 2021 01: +0,1632355200
3.885,315,Sep 24 2021 01: +0,1632441600
3.905,316,Sep 25 2021 01: +0,1632528000
3.941,277,Sep 26 2021 01: +0,1632614400
4.062,188,Sep 27 2021 01: +0,1632700800
3.893,242,Sep 28 2021 01: +0,1632787200
3.032,470,Sep 29 2021 01: +0,1632873600
3.168,335,Sep 30 2021 01: +0,1632960000
3.293,293,Oct 01 2021 01: +0,1633046400
3.645,285,Oct 02 2021 01: +0,1633132800
4.125,244,Oct 03 2021 01: +0,1633219200
4.044,179,Oct 04 2021 01: +0,1633305600
4.413,265,Oct 05 2021 01: +0,1633392000
3.577,468,Oct 06 2021 01: +0,1633478400
3.567,330,Oct 07 2021 01: +0,1633564800
3.662,262,Oct 08 2021 01: +0,1633651200
4.03,305,Oct 09 2021 01: +0,1633737600
4.164,279,Oct 10 2021 01: +0,1633824000
3.909,193,Oct 11 2021 01: +0,1633910400
3.934,278,Oct 12 2021 01: +0,1633996800
3.521,393,Oct 13 2021 01: +0,1634083200
2.968,352,Oct 14 2021 01: +0,1634169600
2.754,266,Oct 15 2021 01: +0,1634256000
2.938,286,Oct 16 2021 01: +0,1634342400
3.084,255,Oct 17 2021 01: +0,1634428800
2.972,158,Oct 18 2021 01: +0,1634515200
2.881,229,Oct 19 2021 01: +0,1634601600
2.497,371,Oct 20 2021 01: +0,1634688000
2.269,271,Oct 21 2021 01: +0,1634774400
2.102,405,Oct 22 2021 01: +0,1634860800
2.071,270,Oct 23 2021 01: +0,1634947200
2.134,217,Oct 24 2021 01: +0,1635033600
2.163,225,Oct 25 2021 01: +0,1635120000
2.126,258,Oct 26 2021 01: +0,1635206400
2.082,416,Oct 27 2021 01: +0,1635292800
2.068,298,Oct 28 2021 01: +0,1635379200
2.02,257,Oct 29 2021 01: +0,1635465600
2.09,286,Oct 30 2021 01: +0,1635552000
2.471,259,Oct 31 2021 01: +0,1635638400
2.515,214,Nov 01 2021 01: +0,1635728400
2.545,231,Nov 02 2021 01: +0,1635814800
2.22,415,Nov 03 2021 01: +0,1635901200
2.155,302,Nov 04 2021 01: +0,1635987600
2.202,289,Nov 05 2021 01: +0,1636074000
2.232,263,Nov 06 2021 01: +0,1636160400
2.203,222,Nov 07 2021 01: +0,1636246800
2.099,208,Nov 08 2021 01: +0,1636333200
2.047,222,Nov 09 2021 01: +0,1636419600
1.738,508,Nov 10 2021 01: +0,1636506000
1.725,344,Nov 11 2021 01: +0,1636592400
1.681,303,Nov 12 2021 01: +0,1636678800
1.743,267,Nov 13 2021 01: +0,1636765200
1.782,275,Nov 14 2021 01: +0,1636851600
1.777,232,Nov 15 2021 01: +0,1636938000
1.805,231,Nov 16 2021 01: +0,1637024400
1.768,353,Nov 17 2021 01: +0,1637110800
1.733,310,Nov 18 2021 01: +0,1637197200
1.704,310,Nov 19 2021 01: +0,1637283600
1.79,286,Nov 20 2021 01: +0,1637370000
1.787,267,Nov 21 2021 01: +0,1637456400
1.819,225,Nov 22 2021 01: +0,1637542800
1.723,203,Nov 23 2021 01: +0,1637629200
1.618,343,Nov 24 2021 01: +0,1637715600
1.581,321,Nov 25 2021 01: +0,1637802000
1.52,314,Nov 26 2021 01: +0,1637888400
1.548,284,Nov 27 2021 01: +0,1637974800
1.525,261,Nov 28 2021 01: +0,1638061200
1.562,218,Nov 29 2021 01: +0,1638147600
1.506,296,Nov 30 2021 01: +0,1638234000
1.399,407,Dec 01 2021 01: +0,1638320400
1.453,268,Dec 02 2021 01: +0,1638406800
1.518,254,Dec 03 2021 01: +0,1638493200
1.597,322,Dec 04 2021 01: +0,1638579600
1.62,315,Dec 05 2021 01: +0,1638666000
1.628,222,Dec 06 2021 01: +0,1638752400
1.688,229,Dec 07 2021 01: +0,1638838800
1.591,339,Dec 08 2021 01: +0,1638925200
1.58,290,Dec 09 2021 01: +0,1639011600
1.63,270,Dec 10 2021 01: +0,1639098000
1.65,314,Dec 11 2021 01: +0,1639184400
1.544,253,Dec 12 2021 01: +0,1639270800
1.576,235,Dec 13 2021 01: +0,1639357200
1.565,184,Dec 14 2021 01: +0,1639443600
1.444,264,Dec 15 2021 01: +0,1639530000
1.436,238,Dec 16 2021 01: +0,1639616400
1.426,232,Dec 17 2021 01: +0,1639702800
1.431,264,Dec 18 2021 01: +0,1639789200
1.421,279,Dec 19 2021 01: +0,1639875600
1.383,207,Dec 20 2021 01: +0,1639962000
1.41,228,Dec 21 2021 01: +0,1640048400
1.303,305,Dec 22 2021 01: +0,1640134800
1.247,338,Dec 23 2021 01: +0,1640221200
1.273,240,Dec 24 2021 01: +0,1640307600
1.285,266,Dec 25 2021 01: +0,1640394000
1.275,306,Dec 26 2021 01: +0,1640480400
1.353,238,Dec 27 2021 01: +0,1640566800
1.321,255,Dec 28 2021 01: +0,1640653200
1.272,352,Dec 29 2021 01: +0,1640739600
1.281,328,Dec 30 2021 01: +0,1640826000
1.309,311,Dec 31 2021 01: +0,1640912400
1.418,302,Jan 01 2022 01: +0,1640998800
1.411,326,Jan 02 2022 01: +0,1641085200
1.4,283,Jan 03 2022 01: +0,1641171600
1.413,327,Jan 04 2022 01: +0,1641258000
1.468,537,Jan 05 2022 01: +0,1641344400
1.518,375,Jan 06 2022 01: +0,1641430800
1.573,330,Jan 07 2022 01: +0,1641517200
1.56,348,Jan 08 2022 01: +0,1641603600
1.515,310,Jan 09 2022 01: +0,1641690000
1.432,219,Jan 10 2022 01: +0,1641776400
1.522,260,Jan 11 2022 01: +0,1641862800
1.444,266,Jan 12 2022 01: +0,1641949200
1.445,249,Jan 13 2022 01: +0,1642035600
1.447,274,Jan 14 2022 01: +0,1642122000
1.401,291,Jan 15 2022 01: +0,1642208400
1.344,274,Jan 16 2022 01: +0,1642294800
1.357,246,Jan 17 2022 01: +0,1642381200
1.374,232,Jan 18 2022 01: +0,1642467600
1.373,208,Jan 19 2022 01: +0,1642554000
1.415,219,Jan 20 2022 01: +0,1642640400
1.41,284,Jan 21 2022 01: +0,1642726800
1.399,346,Jan 22 2022 01: +0,1642813200
1.415,316,Jan 23 2022 01: +0,1642899600
1.414,289,Jan 24 2022 01: +0,1642986000
1.443,277,Jan 25 2022 01: +0,1643072400
1.422,288,Jan 26 2022 01: +0,1643158800
1.392,278,Jan 27 2022 01: +0,1643245200
1.35,327,Jan 28 2022 01: +0,1643331600
1.361,348,Jan 29 2022 01: +0,1643418000
1.361,335,Jan 30 2022 01: +0,1643504400
1.348,279,Jan 31 2022 01: +0,1643590800
1.347,305,Feb 01 2022 01: +0,1643677200
1.354,325,Feb 02 2022 01: +0,1643763600
1.402,260,Feb 03 2022 01: +0,1643850000
1.453,241,Feb 04 2022 01: +0,1643936400
1.479,244,Feb 05 2022 01: +0,1644022800
1.525,297,Feb 06 2022 01: +0,1644109200
1.467,216,Feb 07 2022 01: +0,1644195600
1.476,197,Feb 08 2022 01: +0,1644282000
1.437,230,Feb 09 2022 01: +0,1644368400
1.522,207,Feb 10 2022 01: +0,1644454800
1.538,220,Feb 11 2022 01: +0,1644541200
1.55,202,Feb 12 2022 01: +0,1644627600
1.534,233,Feb 13 2022 01: +0,1644714000
1.5,185,Feb 14 2022 01: +0,1644800400
1.529,204,Feb 15 2022 01: +0,1644886800
1.568,203,Feb 16 2022 01: +0,1644973200
1.522,196,Feb 17 2022 01: +0,1645059600
1.564,214,Feb 18 2022 01: +0,1645146000
1.65,224,Feb 19 2022 01: +0,1645232400
1.676,224,Feb 20 2022 01: +0,1645318800
1.62,187,Feb 21 2022 01: +0,1645405200
1.64,223,Feb 22 2022 01: +0,1645491600
1.651,184,Feb 23 2022 01: +0,1645578000
1.621,153,Feb 24 2022 01: +0,1645664400
1.617,146,Feb 25 2022 01: +0,1645750800
1.605,168,Feb 26 2022 01: +0,1645837200
1.562,191,Feb 27 2022 01: +0,1645923600
1.596,194,Feb 28 2022 01: +0,1646010000
1.596,183,Mar 01 2022 01: +0,1646096400
1.628,145,Mar 02 2022 01: +0,1646182800
1.638,151,Mar 03 2022 01: +0,1646269200
1.618,171,Mar 04 2022 01: +0,1646355600
1.65,206,Mar 05 2022 01: +0,1646442000
1.638,191,Mar 06 2022 01: +0,1646528400
1.624,171,Mar 07 2022 01: +0,1646614800
1.627,166,Mar 08 2022 01: +0,1646701200
1.581,160,Mar 09 2022 01: +0,1646787600
1.578,154,Mar 10 2022 01: +0,1646874000
1.615,151,Mar 11 2022 01: +0,1646960400
1.674,171,Mar 12 2022 01: +0,1647046800
1.749,163,Mar 13 2022 01: +0,1647133200
1.65,123,Mar 14 2022 01: +0,1647219600
1.622,132,Mar 15 2022 01: +0,1647306000
1.639,152,Mar 16 2022 01: +0,1647392400
1.739,123,Mar 17 2022 01: +0,1647478800
1.78,140,Mar 18 2022 01: +0,1647565200
1.776,139,Mar 19 2022 01: +0,1647651600
1.779,126,Mar 20 2022 01: +0,1647738000
1.756,126,Mar 21 2022 01: +0,1647824400
1.835,133,Mar 22 2022 01: +0,1647910800
1.821,128,Mar 23 2022 01: +0,1647997200
1.926,132,Mar 24 2022 01: +0,1648083600
2.021,148,Mar 25 2022 01: +0,1648170000
2.033,161,Mar 26 2022 01: +0,1648256400
2.059,145,Mar 27 2022 01: +0,1648342800
2.11,107,Mar 28 2022 01: +0,1648425600
2.093,123,Mar 29 2022 01: +0,1648512000
2.158,112,Mar 30 2022 01: +0,1648598400
2.165,97,Mar 31 2022 01: +0,1648684800
2.176,114,Apr 01 2022 01: +0,1648771200
2.091,134,Apr 02 2022 01: +0,1648857600
2.045,155,Apr 03 2022 01: +0,1648944000
1.992,115,Apr 04 2022 01: +0,1649030400
2.023,118,Apr 05 2022 01: +0,1649116800
2.057,116,Apr 06 2022 01: +0,1649203200
2.109,121,Apr 07 2022 01: +0,1649289600
2.073,115,Apr 08 2022 01: +0,1649376000
2.118,148,Apr 09 2022 01: +0,1649462400
2.131,149,Apr 10 2022 01: +0,1649548800
2.165,119,Apr 11 2022 01: +0,1649635200
2.2,111,Apr 12 2022 01: +0,1649721600
2.188,108,Apr 13 2022 01: +0,1649808000
2.242,102,Apr 14 2022 01: +0,1649894400
2.332,122,Apr 15 2022 01: +0,1649980800
2.29,125,Apr 16 2022 01: +0,1650067200
2.304,120,Apr 17 2022 01: +0,1650153600
2.284,116,Apr 18 2022 01: +0,1650240000
2.365,87,Apr 19 2022 01: +0,1650326400
2.309,96,Apr 20 2022 01: +0,1650412800
2.264,71,Apr 21 2022 01: +0,1650499200
2.275,117,Apr 22 2022 01: +0,1650585600
2.32,124,Apr 23 2022 01: +0,1650672000
2.276,129,Apr 24 2022 01: +0,1650758400
2.249,103,Apr 25 2022 01: +0,1650844800
2.275,97,Apr 26 2022 01: +0,1650931200
2.142,93,Apr 27 2022 01: +0,1651017600
2.159,104,Apr 28 2022 01: +0,1651104000
2.255,95,Apr 29 2022 01: +0,1651190400
2.235,113,Apr 30 2022 01: +0,1651276800
2.206,112,May 01 2022 01: +0,1651363200
2.196,95,May 02 2022 01: +0,1651449600
2.119,115,May 03 2022 01: +0,1651536000
1.983,194,May 04 2022 01: +0,1651622400
1.922,153,May 05 2022 01: +0,1651708800
1.958,104,May 06 2022 01: +0,1651795200
1.988,112,May 07 2022 01: +0,1651881600
2.009,134,May 08 2022 01: +0,1651968000
1.992,96,May 09 2022 01: +0,1652054400
1.997,97,May 10 2022 01: +0,1652140800
2.047,120,May 11 2022 01: +0,1652227200
1.998,94,May 12 2022 01: +0,1652313600
1.988,94,May 13 2022 01: +0,1652400000
1.995,118,May 14 2022 01: +0,1652486400
1.966,113,May 15 2022 01: +0,1652572800
1.983,105,May 16 2022 01: +0,1652659200
2.015,95,May 17 2022 01: +0,1652745600
2.01,104,May 18 2022 01: +0,1652832000
1.946,105,May 19 2022 01: +0,1652918400
1.947,106,May 20 2022 01: +0,1653004800
2.016,122,May 21 2022 01: +0,1653091200
1.973,116,May 22 2022 01: +0,1653177600
1.965,87,May 23 2022 01: +0,1653264000
2.003,95,May 24 2022 01: +0,1653350400
1.887,113,May 25 2022 01: +0,1653436800
1.976,117,May 26 2022 01: +0,1653523200
1.921,111,May 27 2022 01: +0,1653609600
1.927,102,May 28 2022 01: +0,1653696000
1.884,110,May 29 2022 01: +0,1653782400
1.891,94,May 30 2022 01: +0,1653868800
2.022,103,May 31 2022 01: +0,1653955200
2.121,108,Jun 01 2022 01: +0,1654041600
2.083,102,Jun 02 2022 01: +0,1654128000
1.959,133,Jun 03 2022 01: +0,1654214400
2.021,126,Jun 04 2022 01: +0,1654300800
2.066,103,Jun 05 2022 01: +0,1654387200
2.037,119,Jun 06 2022 01: +0,1654473600
2.098,97,Jun 07 2022 01: +0,1654560000
2.042,109,Jun 08 2022 01: +0,1654646400
2.123,102,Jun 09 2022 01: +0,1654732800
2.073,107,Jun 10 2022 01: +0,1654819200
2.047,92,Jun 11 2022 01: +0,1654905600
2.036,89,Jun 12 2022 01: +0,1654992000
2.046,91,Jun 13 2022 01: +0,1655078400
2.052,92,Jun 14 2022 01: +0,1655164800
1.996,89,Jun 15 2022 01: +0,1655251200
1.995,119,Jun 16 2022 01: +0,1655337600
1.967,87,Jun 17 2022 01: +0,1655424000
1.945,82,Jun 18 2022 01: +0,1655510400
1.966,90,Jun 19 2022 01: +0,1655596800
1.964,79,Jun 20 2022 01: +0,1655683200
1.923,88,Jun 21 2022 01: +0,1655769600
1.924,88,Jun 22 2022 01: +0,1655856000
1.905,98,Jun 23 2022 01: +0,1655942400
1.815,114,Jun 24 2022 01: +0,1656028800
1.811,106,Jun 25 2022 01: +0,1656115200
1.815,101,Jun 26 2022 01: +0,1656201600
1.838,102,Jun 27 2022 01: +0,1656288000
1.876,104,Jun 28 2022 01: +0,1656374400
1.827,89,Jun 29 2022 01: +0,1656460800
1.842,98,Jun 30 2022 01: +0,1656547200
1.87,113,Jul 01 2022 01: +0,1656633600
1.936,132,Jul 02 2022 01: +0,1656720000
1.976,132,Jul 03 2022 01: +0,1656806400
1.957,125,Jul 04 2022 01: +0,1656892800
1.948,104,Jul 05 2022 01: +0,1656979200
1.954,127,Jul 06 2022 01: +0,1657065600
1.946,102,Jul 07 2022 01: +0,1657152000
2.067,97,Jul 08 2022 01: +0,1657238400
1.985,111,Jul 09 2022 01: +0,1657324800
2.135,137,Jul 10 2022 01: +0,1657411200
2.178,104,Jul 11 2022 01: +0,1657497600
2.132,107,Jul 12 2022 01: +0,1657584000
2.333,67,Jul 13 2022 01: +0,1657670400
2.199,109,Jul 14 2022 01: +0,1657756800
2.222,87,Jul 15 2022 01: +0,1657843200
2.249,110,Jul 16 2022 01: +0,1657929600
2.205,100,Jul 17 2022 01: +0,1658016000
2.211,96,Jul 18 2022 01: +0,1658102400
2.121,92,Jul 19 2022 01: +0,1658188800
2.334,68,Jul 20 2022 01: +0,1658275200
2.23,116,Jul 21 2022 01: +0,1658361600
2.295,96,Jul 22 2022 01: +0,1658448000
2.356,97,Jul 23 2022 01: +0,1658534400
2.415,90,Jul 24 2022 01: +0,1658620800
2.396,84,Jul 25 2022 01: +0,1658707200
2.323,100,Jul 26 2022 01: +0,1658793600
2.357,94,Jul 27 2022 01: +0,1658880000
2.387,89,Jul 28 2022 01: +0,1658966400
2.454,72,Jul 29 2022 01: +0,1659052800
2.32,101,Jul 30 2022 01: +0,1659139200
2.362,108,Jul 31 2022 01: +0,1659225600
2.445,98,Aug 01 2022 01: +0,1659312000
2.5,81,Aug 02 2022 01: +0,1659398400
2.506,106,Aug 03 2022 01: +0,1659484800
2.581,115,Aug 04 2022 01: +0,1659571200
2.57,105,Aug 05 2022 01: +0,1659657600
2.583,103,Aug 06 2022 01: +0,1659744000
2.45,106,Aug 07 2022 01: +0,1659830400
2.603,100,Aug 08 2022 01: +0,1659916800
2.617,47,Aug 09 2022 01: +0,1660003200
2.561,104,Aug 10 2022 01: +0,1660089600
2.484,83,Aug 11 2022 01: +0,1660176000
2.445,88,Aug 12 2022 01: +0,1660262400
2.573,84,Aug 13 2022 01: +0,1660348800
2.547,94,Aug 14 2022 01: +0,1660435200
2.557,87,Aug 15 2022 01: +0,1660521600
2.523,104,Aug 16 2022 01: +0,1660608000
2.546,130,Aug 17 2022 01: +0,1660694400
2.618,131,Aug 18 2022 01: +0,1660780800
2.705,121,Aug 19 2022 01: +0,1660867200
2.944,137,Aug 20 2022 01: +0,1660953600
3.004,109,Aug 21 2022 01: +0,1661040000
3.175,89,Aug 22 2022 01: +0,1661126400
3.063,113,Aug 23 2022 01: +0,1661212800
2.953,119,Aug 24 2022 01: +0,1661299200
2.848,103,Aug 25 2022 01: +0,1661385600
2.838,90,Aug 26 2022 01: +0,1661472000
2.837,84,Aug 27 2022 01: +0,1661558400
2.827,86,Aug 28 2022 01: +0,1661644800
2.707,88,Aug 29 2022 01: +0,1661731200
2.574,76,Aug 30 2022 01: +0,1661817600
2.524,103,Aug 31 2022 01: +0,1661904000
2.541,78,Sep 01 2022 01: +0,1661990400
2.38,92,Sep 02 2022 01: +0,1662076800
2.564,122,Sep 03 2022 01: +0,1662163200
2.581,117,Sep 04 2022 01: +0,1662249600
2.696,94,Sep 05 2022 01: +0,1662336000
2.575,81,Sep 06 2022 01: +0,1662422400
2.695,76,Sep 07 2022 01: +0,1662508800
2.784,76,Sep 08 2022 01: +0,1662595200
2.662,91,Sep 09 2022 01: +0,1662681600
2.729,91,Sep 10 2022 01: +0,1662768000
2.756,115,Sep 11 2022 01: +0,1662854400
2.801,104,Sep 12 2022 01: +0,1662940800
2.807,112,Sep 13 2022 01: +0,1663027200
2.776,110,Sep 14 2022 01: +0,1663113600
2.839,105,Sep 15 2022 01: +0,1663200000
2.811,99,Sep 16 2022 01: +0,1663286400
2.824,82,Sep 17 2022 01: +0,1663372800
2.879,113,Sep 18 2022 01: +0,1663459200
2.847,75,Sep 19 2022 01: +0,1663545600
2.746,66,Sep 20 2022 01: +0,1663632000
2.66,80,Sep 21 2022 01: +0,1663718400
2.7,93,Sep 22 2022 01: +0,1663804800
2.55,84,Sep 23 2022 01: +0,1663891200
2.691,106,Sep 24 2022 01: +0,1663977600
2.661,76,Sep 25 2022 01: +0,1664064000
2.628,77,Sep 26 2022 01: +0,1664150400
2.619,78,Sep 27 2022 01: +0,1664236800
2.693,81,Sep 28 2022 01: +0,1664323200
2.581,59,Sep 29 2022 01: +0,1664409600
2.622,89,Sep 30 2022 01: +0,1664496000
2.599,98,Oct 01 2022 01: +0,1664582400
2.659,95,Oct 02 2022 01: +0,1664668800
2.647,78,Oct 03 2022 01: +0,1664755200
2.741,79,Oct 04 2022 01: +0,1664841600
2.723,85,Oct 05 2022 01: +0,1664928000
2.733,88,Oct 06 2022 01: +0,1665014400
2.785,66,Oct 07 2022 01: +0,1665100800
2.784,76,Oct 08 2022 01: +0,1665187200
2.805,98,Oct 09 2022 01: +0,1665273600
2.891,81,Oct 10 2022 01: +0,1665360000
2.855,64,Oct 11 2022 01: +0,1665446400
2.965,48,Oct 12 2022 01: +0,1665532800
2.91,75,Oct 13 2022 01: +0,1665619200
2.695,43,Oct 14 2022 01: +0,1665705600
3.003,109,Oct 15 2022 01: +0,1665792000
3.047,75,Oct 16 2022 01: +0,1665878400
2.886,65,Oct 17 2022 01: +0,1665964800
2.864,53,Oct 18 2022 01: +0,1666051200
2.901,65,Oct 19 2022 01: +0,1666137600
2.842,65,Oct 20 2022 01: +0,1666224000
2.89,62,Oct 21 2022 01: +0,1666310400
2.693,134,Oct 22 2022 01: +0,1666396800
2.723,83,Oct 23 2022 01: +0,1666483200
2.657,62,Oct 24 2022 01: +0,1666569600
2.672,73,Oct 25 2022 01: +0,1666656000
2.651,82,Oct 26 2022 01: +0,1666742400
2.632,75,Oct 27 2022 01: +0,1666828800
2.721,77,Oct 28 2022 01: +0,1666915200
2.726,102,Oct 29 2022 01: +0,1667001600
2.709,100,Oct 30 2022 01: +0,1667088000
2.631,73,Oct 31 2022 01: +0,1667178000
2.751,70,Nov 01 2022 01: +0,1667264400
2.748,84,Nov 02 2022 01: +0,1667350800
2.748,60,Nov 03 2022 01: +0,1667437200
2.726,66,Nov 04 2022 01: +0,1667523600
2.85,79,Nov 05 2022 01: +0,1667610000
2.788,78,Nov 06 2022 01: +0,1667696400
2.897,61,Nov 07 2022 01: +0,1667782800
2.854,47,Nov 08 2022 01: +0,1667869200
2.76,61,Nov 09 2022 01: +0,1667955600
2.902,70,Nov 10 2022 01: +0,1668042000
2.758,78,Nov 11 2022 01: +0,1668128400
2.828,76,Nov 12 2022 01: +0,1668214800
2.751,71,Nov 13 2022 01: +0,1668301200
2.816,75,Nov 14 2022 01: +0,1668387600
2.985,58,Nov 15 2022 01: +0,1668474000
2.868,72,Nov 16 2022 01: +0,1668560400
2.936,55,Nov 17 2022 01: +0,1668646800
2.834,67,Nov 18 2022 01: +0,1668733200
2.739,93,Nov 19 2022 01: +0,1668819600
2.671,90,Nov 20 2022 01: +0,1668906000
2.824,71,Nov 21 2022 01: +0,1668992400
2.745,67,Nov 22 2022 01: +0,1669078800
2.585,122,Nov 23 2022 01: +0,1669165200
2.668,80,Nov 24 2022 01: +0,1669251600
2.51,74,Nov 25 2022 01: +0,1669338000
2.564,90,Nov 26 2022 01: +0,1669424400
2.615,95,Nov 27 2022 01: +0,1669510800
2.744,89,Nov 28 2022 01: +0,1669597200
2.75,61,Nov 29 2022 01: +0,1669683600
3.004,112,Nov 30 2022 01: +0,1669770000
3.07,61,Dec 01 2022 01: +0,1669856400
3.332,130,Dec 02 2022 01: +0,1669942800
3.434,64,Dec 03 2022 01: +0,1670029200
3.474,63,Dec 04 2022 01: +0,1670115600
3.361,61,Dec 05 2022 01: +0,1670202000
3.293,55,Dec 06 2022 01: +0,1670288400
3.321,55,Dec 07 2022 01: +0,1670374800
3.232,45,Dec 08 2022 01: +0,1670461200
3.162,71,Dec 09 2022 01: +0,1670547600
3.11,92,Dec 10 2022 01: +0,1670634000
3.09,68,Dec 11 2022 01: +0,1670720400
3.044,68,Dec 12 2022 01: +0,1670806800
3.05,51,Dec 13 2022 01: +0,1670893200
2.939,61,Dec 14 2022 01: +0,1670979600
3.011,48,Dec 15 2022 01: +0,1671066000
2.993,62,Dec 16 2022 01: +0,1671152400
2.975,66,Dec 17 2022 01: +0,1671238800
3.189,92,Dec 18 2022 01: +0,1671325200
3.193,63,Dec 19 2022 01: +0,1671411600
3.149,65,Dec 20 2022 01: +0,1671498000
3.068,67,Dec 21 2022 01: +0,1671584400
2.956,60,Dec 22 2022 01: +0,1671670800
2.826,114,Dec 23 2022 01: +0,1671757200
2.869,82,Dec 24 2022 01: +0,1671843600
2.8,85,Dec 25 2022 01: +0,1671930000
2.859,83,Dec 26 2022 01: +0,1672016400
2.917,70,Dec 27 2022 01: +0,1672102800
2.672,104,Dec 28 2022 01: +0,1672189200
2.725,86,Dec 29 2022 01: +0,1672275600
2.75,84,Dec 30 2022 01: +0,1672362000
2.787,80,Dec 31 2022 01: +0,1672448400
2.793,62,Jan 01 2023 01: +0,1672534800
3.187,163,Jan 02 2023 01: +0,1672621200
3.39,91,Jan 03 2023 01: +0,1672707600
3.653,116,Jan 04 2023 01: +0,1672794000
3.711,82,Jan 05 2023 01: +0,1672880400
3.776,66,Jan 06 2023 01: +0,1672966800
3.903,67,Jan 07 2023 01: +0,1673053200
3.768,58,Jan 08 2023 01: +0,1673139600
3.797,69,Jan 09 2023 01: +0,1673226000
3.85,79,Jan 10 2023 01: +0,1673312400
3.857,62,Jan 11 2023 01: +0,1673398800
3.805,52,Jan 12 2023 01: +0,1673485200
3.936,67,Jan 13 2023 01: +0,1673571600
3.861,75,Jan 14 2023 01: +0,1673658000
3.828,61,Jan 15 2023 01: +0,1673744400
3.553,54,Jan 16 2023 01: +0,1673830800
3.654,64,Jan 17 2023 01: +0,1673917200
3.716,47,Jan 18 2023 01: +0,1674003600
3.662,51,Jan 19 2023 01: +0,1674090000
3.714,59,Jan 20 2023 01: +0,1674176400
3.851,60,Jan 21 2023 01: +0,1674262800
3.635,65,Jan 22 2023 01: +0,1674349200
3.778,63,Jan 23 2023 01: +0,1674435600
3.537,64,Jan 24 2023 01: +0,1674522000
3.809,57,Jan 25 2023 01: +0,1674608400
3.817,55,Jan 26 2023 01: +0,1674694800
3.767,55,Jan 27 2023 01: +0,1674781200
3.984,73,Jan 28 2023 01: +0,1674867600
3.758,68,Jan 29 2023 01: +0,1674954000
3.805,62,Jan 30 2023 01: +0,1675040400
3.653,51,Jan 31 2023 01: +0,1675126800
3.678,63,Feb 01 2023 01: +0,1675213200
3.618,52,Feb 02 2023 01: +0,1675299600
3.757,52,Feb 03 2023 01: +0,1675386000
3.618,64,Feb 04 2023 01: +0,1675472400
3.567,85,Feb 05 2023 01: +0,1675558800
3.53,56,Feb 06 2023 01: +0,1675645200
3.632,60,Feb 07 2023 01: +0,1675731600
3.685,49,Feb 08 2023 01: +0,1675818000
3.668,66,Feb 09 2023 01: +0,1675904400
3.692,103,Feb 10 2023 01: +0,1675990800
3.693,114,Feb 11 2023 01: +0,1676077200
3.779,121,Feb 12 2023 01: +0,1676163600
3.936,85,Feb 13 2023 01: +0,1676250000
4.036,62,Feb 14 2023 01: +0,1676336400
3.863,2,Feb 14 2023 22: +0,1676412000
4.154,1,Feb 14 2023 23: +0,1676415600
3.613,3,Feb 15 2023 00: +0,1676419200
3.747,3,Feb 15 2023 02: +0,1676426400
3.846,1,Feb 15 2023 03: +0,1676430000
3.928,3,Feb 15 2023 05: +0,1676437200
3.689,2,Feb 15 2023 06: +0,1676440800
3.879,2,Feb 15 2023 07: +0,1676444400
3.888,1,Feb 15 2023 08: +0,1676448000
3.853,3,Feb 15 2023 09: +0,1676451600
3.489,1,Feb 15 2023 10: +0,1676455200
4.178,1,Feb 15 2023 11: +0,1676458800
4.172,4,Feb 15 2023 12: +0,1676462400
4.269,2,Feb 15 2023 13: +0,1676466000
3.689,5,Feb 15 2023 14: +0,1676469600
3.689,5,Feb 15 2023 15: +0,1676473200
3.826,3,Feb 15 2023 16: +0,1676476800
3.745,6,Feb 15 2023 17: +0,1676480400
3.714,5,Feb 15 2023 18: +0,1676484000
4.153,10,Feb 15 2023 19: +0,1676487600
4.332,5,Feb 15 2023 20: +0,1676491200
4.302,4,Feb 15 2023 21: +0,1676494800
4.161,7,Feb 15 2023 22: +0,1676498400
4.26,2,Feb 15 2023 23: +0,1676502000
3.689,2,Feb 16 2023 00: +0,1676505600
3.726,4,Feb 16 2023 01: +0,1676509200
3.83,5,Feb 16 2023 02: +0,1676512800
3.83,5,Feb 16 2023 03: +0,1676516400
3.861,1,Feb 16 2023 04: +0,1676520000
3.845,4,Feb 16 2023 05: +0,1676523600
4.152,1,Feb 16 2023 06: +0,1676527200
4.025,2,Feb 16 2023 07: +0,1676530800
4.206,2,Feb 16 2023 08: +0,1676534400
4.299,3,Feb 16 2023 09: +0,1676538000
3.838,3,Feb 16 2023 10: +0,1676541600
3.83,3,Feb 16 2023 11: +0,1676545200
3.838,3,Feb 16 2023 12: +0,1676548800
3.83,4,Feb 16 2023 13: +0,1676552400
3.95,5,Feb 16 2023 14: +0,1676556000
4.037,3,Feb 16 2023 15: +0,1676559600
3.759,5,Feb 16 2023 16: +0,1676563200
3.926,4,Feb 16 2023 17: +0,1676566800
4.257,5,Feb 16 2023 18: +0,1676570400
3.722,2,Feb 16 2023 19: +0,1676574000
3.918,10,Feb 16 2023 20: +0,1676577600
3.889,3,Feb 16 2023 21: +0,1676581200
3.83,5,Feb 16 2023 22: +0,1676584800
4.028,3,Feb 16 2023 23: +0,1676588400
3.623,3,Feb 17 2023 01: +0,1676595600
4.045,3,Feb 17 2023 02: +0,1676599200
4.058,1,Feb 17 2023 03: +0,1676602800
4.042,3,Feb 17 2023 04: +0,1676606400
3.898,4,Feb 17 2023 05: +0,1676610000
4.032,1,Feb 17 2023 06: +0,1676613600
3.939,2,Feb 17 2023 07: +0,1676617200
4.196,2,Feb 17 2023 08: +0,1676620800
3.755,1,Feb 17 2023 09: +0,1676624400
3.835,4,Feb 17 2023 10: +0,1676628000
3.784,6,Feb 17 2023 12: +0,1676635200
3.794,3,Feb 17 2023 13: +0,1676638800
4.053,7,Feb 17 2023 14: +0,1676642400
3.832,10,Feb 17 2023 15: +0,1676646000
4.129,4,Feb 17 2023 16: +0,1676649600
4.092,5,Feb 17 2023 17: +0,1676653200
4.056,2,Feb 17 2023 18: +0,1676656800
4.157,8,Feb 17 2023 19: +0,1676660400
3.747,5,Feb 17 2023 20: +0,1676664000
4.099,6,Feb 17 2023 21: +0,1676667600
4.073,8,Feb 17 2023 22: +0,1676671200
3.776,3,Feb 17 2023 23: +0,1676674800
3.961,3,Feb 18 2023 00: +0,1676678400
4.298,4,Feb 18 2023 01: +0,1676682000
4.332,1,Feb 18 2023 02: +0,1676685600
3.883,2,Feb 18 2023 03: +0,1676689200
4.375,1,Feb 18 2023 04: +0,1676692800
3.826,1,Feb 18 2023 05: +0,1676696400
4.366,1,Feb 18 2023 07: +0,1676703600
3.746,4,Feb 18 2023 08: +0,1676707200
3.821,6,Feb 18 2023 09: +0,1676710800
4.232,2,Feb 18 2023 10: +0,1676714400
3.82,1,Feb 18 2023 11: +0,1676718000
4.251,1,Feb 18 2023 12: +0,1676721600
3.844,3,Feb 18 2023 13: +0,1676725200
4.314,5,Feb 18 2023 14: +0,1676728800
4.216,3,Feb 18 2023 15: +0,1676732400
4.251,5,Feb 18 2023 16: +0,1676736000
4.049,9,Feb 18 2023 17: +0,1676739600
3.871,9,Feb 18 2023 18: +0,1676743200
3.923,5,Feb 18 2023 19: +0,1676746800
4.333,8,Feb 18 2023 20: +0,1676750400
4.181,6,Feb 18 2023 21: +0,1676754000
4.304,8,Feb 18 2023 22: +0,1676757600
4.269,3,Feb 18 2023 23: +0,1676761200
4.406,5,Feb 19 2023 00: +0,1676764800
3.861,1,Feb 19 2023 01: +0,1676768400
3.82,3,Feb 19 2023 04: +0,1676779200
3.988,1,Feb 19 2023 05: +0,1676782800
3.853,2,Feb 19 2023 07: +0,1676790000
4.178,3,Feb 19 2023 08: +0,1676793600
4.196,1,Feb 19 2023 09: +0,1676797200
3.76,6,Feb 19 2023 10: +0,1676800800
4.22,4,Feb 19 2023 11: +0,1676804400
4.375,2,Feb 19 2023 12: +0,1676808000
4.37,4,Feb 19 2023 13: +0,1676811600
4.331,5,Feb 19 2023 14: +0,1676815200
3.874,9,Feb 19 2023 15: +0,1676818800
4.409,9,Feb 19 2023 16: +0,1676822400
3.776,7,Feb 19 2023 17: +0,1676826000
3.899,6,Feb 19 2023 18: +0,1676829600
4.207,5,Feb 19 2023 19: +0,1676833200
3.871,3,Feb 19 2023 20: +0,1676836800
4.049,5,Feb 19 2023 21: +0,1676840400
4.029,2,Feb 19 2023 22: +0,1676844000
3.867,3,Feb 19 2023 23: +0,1676847600
3.794,3,Feb 20 2023 00: +0,1676851200
4.145,1,Feb 20 2023 01: +0,1676854800
3.664,1,Feb 20 2023 02: +0,1676858400
3.931,2,Feb 20 2023 05: +0,1676869200
3.93,2,Feb 20 2023 08: +0,1676880000
3.769,2,Feb 20 2023 09: +0,1676883600
3.84,4,Feb 20 2023 10: +0,1676887200
4.139,1,Feb 20 2023 11: +0,1676890800
4.146,7,Feb 20 2023 12: +0,1676894400
4.23,1,Feb 20 2023 13: +0,1676898000
3.826,2,Feb 20 2023 14: +0,1676901600
3.818,4,Feb 20 2023 15: +0,1676905200
4.022,3,Feb 20 2023 16: +0,1676908800
3.997,5,Feb 20 2023 17: +0,1676912400
3.96,3,Feb 20 2023 18: +0,1676916000
3.91,3,Feb 20 2023 19: +0,1676919600
4.385,5,Feb 20 2023 20: +0,1676923200
3.877,5,Feb 20 2023 21: +0,1676926800
4.273,2,Feb 20 2023 22: +0,1676930400
3.92,4,Feb 21 2023 00: +0,1676937600
4.125,2,Feb 21 2023 01: +0,1676941200
3.511,1,Feb 21 2023 02: +0,1676944800
3.776,1,Feb 21 2023 03: +0,1676948400
4.427,1,Feb 21 2023 04: +0,1676952000
3.777,1,Feb 21 2023 05: +0,1676955600
3.777,1,Feb 21 2023 07: +0,1676962800
3.928,4,Feb 21 2023 08: +0,1676966400
3.806,4,Feb 21 2023 09: +0,1676970000
3.772,1,Feb 21 2023 10: +0,1676973600
4.419,2,Feb 21 2023 11: +0,1676977200
4.09,3,Feb 21 2023 12: +0,1676980800
3.858,8,Feb 21 2023 13: +0,1676984400
4.204,4,Feb 21 2023 14: +0,1676988000
4.141,8,Feb 21 2023 15: +0,1676991600
3.779,4,Feb 21 2023 16: +0,1676995200
4.058,3,Feb 21 2023 17: +0,1676998800
3.772,3,Feb 21 2023 18: +0,1677002400
4.048,7,Feb 21 2023 19: +0,1677006000
3.796,6,Feb 21 2023 20: +0,1677009600
4.282,3,Feb 21 2023 21: +0,1677013200
4.049,3,Feb 21 2023 22: +0,1677016800
3.941,2,Feb 21 2023 23: +0,1677020400
4.43,1,Feb 22 2023 00: +0,1677024000
3.976,4,Feb 22 2023 01: +0,1677027600
3.884,1,Feb 22 2023 02: +0,1677031200
3.957,1,Feb 22 2023 03: +0,1677034800
3.78,3,Feb 22 2023 04: +0,1677038400
3.722,1,Feb 22 2023 05: +0,1677042000
3.805,2,Feb 22 2023 06: +0,1677045600
4.219,1,Feb 22 2023 07: +0,1677049200
4.192,3,Feb 22 2023 08: +0,1677052800
4.025,2,Feb 22 2023 09: +0,1677056400
4.278,1,Feb 22 2023 10: +0,1677060000
3.706,1,Feb 22 2023 11: +0,1677063600
3.816,2,Feb 22 2023 12: +0,1677067200
3.844,6,Feb 22 2023 13: +0,1677070800
3.573,5,Feb 22 2023 14: +0,1677074400
4.21,4,Feb 22 2023 15: +0,1677078000
4.28,6,Feb 22 2023 16: +0,1677081600
4.167,6,Feb 22 2023 17: +0,1677085200
4.251,7,Feb 22 2023 18: +0,1677088800
3.78,5,Feb 22 2023 19: +0,1677092400
4.093,7,Feb 22 2023 20: +0,1677096000
4.099,7,Feb 22 2023 21: +0,1677099600
4.163,2,Feb 22 2023 22: +0,1677103200
3.78,3,Feb 23 2023 00: +0,1677110400
4.045,2,Feb 23 2023 01: +0,1677114000
3.499,2,Feb 23 2023 02: +0,1677117600
3.913,2,Feb 23 2023 03: +0,1677121200
4.231,1,Feb 23 2023 04: +0,1677124800
4.063,3,Feb 23 2023 06: +0,1677132000
3.796,1,Feb 23 2023 07: +0,1677135600
4.23,4,Feb 23 2023 08: +0,1677139200
3.811,2,Feb 23 2023 09: +0,1677142800
4.078,5,Feb 23 2023 10: +0,1677146400
3.681,1,Feb 23 2023 11: +0,1677150000
4.076,1,Feb 23 2023 12: +0,1677153600
3.736,5,Feb 23 2023 13: +0,1677157200
3.737,6,Feb 23 2023 14: +0,1677160800
4.084,3,Feb 23 2023 15: +0,1677164400
3.752,8,Feb 23 2023 16: +0,1677168000
3.88,6,Feb 23 2023 17: +0,1677171600
3.731,9,Feb 23 2023 18: +0,1677175200
3.681,7,Feb 23 2023 19: +0,1677178800
3.712,11,Feb 23 2023 20: +0,1677182400
3.951,6,Feb 23 2023 21: +0,1677186000
4.047,3,Feb 23 2023 22: +0,1677189600
3.618,4,Feb 23 2023 23: +0,1677193200
4.074,3,Feb 24 2023 00: +0,1677196800
3.928,1,Feb 24 2023 01: +0,1677200400
4.099,3,Feb 24 2023 02: +0,1677204000
4.03,1,Feb 24 2023 03: +0,1677207600
4.05,3,Feb 24 2023 04: +0,1677211200
4.132,1,Feb 24 2023 05: +0,1677214800
3.954,1,Feb 24 2023 06: +0,1677218400
3.59,5,Feb 24 2023 07: +0,1677222000
3.276,1,Feb 24 2023 08: +0,1677225600
3.714,4,Feb 24 2023 09: +0,1677229200
3.96,2,Feb 24 2023 10: +0,1677232800
3.813,2,Feb 24 2023 11: +0,1677236400
3.832,4,Feb 24 2023 12: +0,1677240000
3.731,3,Feb 24 2023 13: +0,1677243600
3.814,6,Feb 24 2023 14: +0,1677247200
3.768,11,Feb 24 2023 15: +0,1677250800
3.755,6,Feb 24 2023 16: +0,1677254400
3.755,9,Feb 24 2023 17: +0,1677258000
3.91,6,Feb 24 2023 18: +0,1677261600
3.789,8,Feb 24 2023 19: +0,1677265200
3.814,5,Feb 24 2023 20: +0,1677268800
3.912,4,Feb 24 2023 21: +0,1677272400
4.09,5,Feb 24 2023 22: +0,1677276000
4.114,6,Feb 24 2023 23: +0,1677279600
4.15,1,Feb 25 2023 00: +0,1677283200
4.118,3,Feb 25 2023 01: +0,1677286800
4.091,2,Feb 25 2023 02: +0,1677290400
3.764,3,Feb 25 2023 03: +0,1677294000
3.499,1,Feb 25 2023 04: +0,1677297600
3.689,1,Feb 25 2023 05: +0,1677301200
4.139,3,Feb 25 2023 06: +0,1677304800
3.955,2,Feb 25 2023 07: +0,1677308400
4.169,1,Feb 25 2023 08: +0,1677312000
4.169,3,Feb 25 2023 09: +0,1677315600
4.127,5,Feb 25 2023 10: +0,1677319200
3.874,1,Feb 25 2023 11: +0,1677322800
4.031,4,Feb 25 2023 12: +0,1677326400
3.784,3,Feb 25 2023 13: +0,1677330000
3.726,6,Feb 25 2023 14: +0,1677333600
3.764,7,Feb 25 2023 15: +0,1677337200
3.774,2,Feb 25 2023 16: +0,1677340800
3.892,11,Feb 25 2023 17: +0,1677344400
4.127,11,Feb 25 2023 18: +0,1677348000
3.803,8,Feb 25 2023 19: +0,1677351600
4.137,7,Feb 25 2023 20: +0,1677355200
3.764,9,Feb 25 2023 21: +0,1677358800
3.368,2,Feb 25 2023 22: +0,1677362400
3.862,7,Feb 25 2023 23: +0,1677366000
4.118,2,Feb 26 2023 00: +0,1677369600
4.03,3,Feb 26 2023 01: +0,1677373200
4.226,2,Feb 26 2023 02: +0,1677376800
4.02,1,Feb 26 2023 03: +0,1677380400
3.689,1,Feb 26 2023 04: +0,1677384000
3.56,1,Feb 26 2023 05: +0,1677387600
3.541,3,Feb 26 2023 06: +0,1677391200
4.076,1,Feb 26 2023 08: +0,1677398400
3.589,2,Feb 26 2023 09: +0,1677402000
3.61,2,Feb 26 2023 10: +0,1677405600
3.727,4,Feb 26 2023 11: +0,1677409200
3.952,5,Feb 26 2023 12: +0,1677412800
3.891,5,Feb 26 2023 13: +0,1677416400
3.747,4,Feb 26 2023 14: +0,1677420000
3.73,6,Feb 26 2023 15: +0,1677423600
3.678,14,Feb 26 2023 16: +0,1677427200
3.551,7,Feb 26 2023 17: +0,1677430800
4.078,4,Feb 26 2023 18: +0,1677434400
3.568,8,Feb 26 2023 19: +0,1677438000
4.092,10,Feb 26 2023 20: +0,1677441600
3.959,5,Feb 26 2023 21: +0,1677445200
4.02,3,Feb 26 2023 22: +0,1677448800
4.031,3,Feb 26 2023 23: +0,1677452400
4.075,3,Feb 27 2023 00: +0,1677456000
4.031,1,Feb 27 2023 01: +0,1677459600
4.128,1,Feb 27 2023 02: +0,1677463200
3.573,4,Feb 27 2023 03: +0,1677466800
4.012,1,Feb 27 2023 04: +0,1677470400
3.797,2,Feb 27 2023 05: +0,1677474000
3.787,2,Feb 27 2023 07: +0,1677481200
3.708,3,Feb 27 2023 08: +0,1677484800
3.541,2,Feb 27 2023 09: +0,1677488400
4.086,4,Feb 27 2023 10: +0,1677492000
3.858,2,Feb 27 2023 11: +0,1677495600
4.134,3,Feb 27 2023 12: +0,1677499200
4.068,2,Feb 27 2023 13: +0,1677502800
3.938,8,Feb 27 2023 14: +0,1677506400
3.803,7,Feb 27 2023 15: +0,1677510000
3.926,2,Feb 27 2023 16: +0,1677513600
3.664,11,Feb 27 2023 17: +0,1677517200
4.011,4,Feb 27 2023 18: +0,1677520800
4.264,7,Feb 27 2023 19: +0,1677524400
3.806,5,Feb 27 2023 20: +0,1677528000
4.153,3,Feb 27 2023 21: +0,1677531600
4.063,5,Feb 27 2023 22: +0,1677535200
3.725,2,Feb 27 2023 23: +0,1677538800
4.026,3,Feb 28 2023 01: +0,1677546000
4.061,2,Feb 28 2023 04: +0,1677556800
3.941,2,Feb 28 2023 06: +0,1677564000
4.276,1,Feb 28 2023 07: +0,1677567600
3.99,1,Feb 28 2023 08: +0,1677571200
3.813,1,Feb 28 2023 09: +0,1677574800
3.987,2,Feb 28 2023 10: +0,1677578400
4.057,2,Feb 28 2023 11: +0,1677582000
4.127,5,Feb 28 2023 12: +0,1677585600
4.128,6,Feb 28 2023 13: +0,1677589200
4.026,7,Feb 28 2023 14: +0,1677592800
4.236,6,Feb 28 2023 15: +0,1677596400
4.079,3,Feb 28 2023 16: +0,1677600000
4.006,4,Feb 28 2023 17: +0,1677603600
3.643,5,Feb 28 2023 18: +0,1677607200
3.894,5,Feb 28 2023 19: +0,1677610800
3.617,6,Feb 28 2023 20: +0,1677614400
3.799,6,Feb 28 2023 21: +0,1677618000
4.092,7,Feb 28 2023 22: +0,1677621600
4.09,3,Feb 28 2023 23: +0,1677625200
3.954,1,Mar 01 2023 00: +0,1677628800
3.897,1,Mar 01 2023 02: +0,1677636000
4.128,1,Mar 01 2023 03: +0,1677639600
3.648,1,Mar 01 2023 04: +0,1677643200
3.804,2,Mar 01 2023 05: +0,1677646800
4.015,1,Mar 01 2023 06: +0,1677650400
3.64,3,Mar 01 2023 07: +0,1677654000
3.168,1,Mar 01 2023 08: +0,1677657600
3.976,7,Mar 01 2023 09: +0,1677661200
4.125,3,Mar 01 2023 10: +0,1677664800
3.823,4,Mar 01 2023 11: +0,1677668400
3.854,3,Mar 01 2023 12: +0,1677672000
3.912,4,Mar 01 2023 13: +0,1677675600
4.152,5,Mar 01 2023 14: +0,1677679200
3.881,2,Mar 01 2023 15: +0,1677682800
3.861,5,Mar 01 2023 16: +0,1677686400
3.834,4,Mar 01 2023 17: +0,1677690000
3.861,4,Mar 01 2023 18: +0,1677693600
4.158,9,Mar 01 2023 19: +0,1677697200
3.726,4,Mar 01 2023 20: +0,1677700800
4.12,6,Mar 01 2023 21: +0,1677704400
4.012,5,Mar 01 2023 22: +0,1677708000
4.212,3,Mar 01 2023 23: +0,1677711600
3.736,2,Mar 02 2023 00: +0,1677715200
4.147,3,Mar 02 2023 01: +0,1677718800
4.27,2,Mar 02 2023 02: +0,1677722400
4.234,1,Mar 02 2023 04: +0,1677729600
3.482,3,Mar 02 2023 05: +0,1677733200
4.014,1,Mar 02 2023 06: +0,1677736800
4.189,3,Mar 02 2023 08: +0,1677744000
4.032,1,Mar 02 2023 09: +0,1677747600
4.125,5,Mar 02 2023 11: +0,1677754800
3.91,2,Mar 02 2023 12: +0,1677758400
4.27,4,Mar 02 2023 13: +0,1677762000
4.258,4,Mar 02 2023 14: +0,1677765600
4.261,3,Mar 02 2023 15: +0,1677769200
4.29,1,Mar 02 2023 16: +0,1677772800
4.166,4,Mar 02 2023 17: +0,1677776400
4.273,6,Mar 02 2023 18: +0,1677780000
3.922,4,Mar 02 2023 19: +0,1677783600
3.842,5,Mar 02 2023 20: +0,1677787200
4.163,5,Mar 02 2023 21: +0,1677790800
4.279,5,Mar 02 2023 22: +0,1677794400
4.141,2,Mar 02 2023 23: +0,1677798000
4.265,1,Mar 03 2023 00: +0,1677801600
4.297,1,Mar 03 2023 01: +0,1677805200
4.136,2,Mar 03 2023 02: +0,1677808800
3.973,2,Mar 03 2023 03: +0,1677812400
3.805,3,Mar 03 2023 05: +0,1677819600
4.301,1,Mar 03 2023 06: +0,1677823200
4.179,1,Mar 03 2023 07: +0,1677826800
4.306,2,Mar 03 2023 08: +0,1677830400
4.302,1,Mar 03 2023 09: +0,1677834000
4.122,2,Mar 03 2023 10: +0,1677837600
4.019,4,Mar 03 2023 11: +0,1677841200
4.11,1,Mar 03 2023 12: +0,1677844800
3.861,6,Mar 03 2023 13: +0,1677848400
4.167,4,Mar 03 2023 14: +0,1677852000
4.077,3,Mar 03 2023 15: +0,1677855600
4.205,4,Mar 03 2023 16: +0,1677859200
4.213,7,Mar 03 2023 17: +0,1677862800
4.199,13,Mar 03 2023 18: +0,1677866400
4.248,6,Mar 03 2023 19: +0,1677870000
4.297,3,Mar 03 2023 20: +0,1677873600
4.156,5,Mar 03 2023 21: +0,1677877200
4.267,7,Mar 03 2023 22: +0,1677880800
4.219,7,Mar 03 2023 23: +0,1677884400
3.722,3,Mar 04 2023 00: +0,1677888000
4.016,2,Mar 04 2023 01: +0,1677891600
4.302,3,Mar 04 2023 02: +0,1677895200
3.88,2,Mar 04 2023 03: +0,1677898800
4.185,1,Mar 04 2023 04: +0,1677902400
3.95,2,Mar 04 2023 05: +0,1677906000
4.15,2,Mar 04 2023 06: +0,1677909600
3.754,4,Mar 04 2023 07: +0,1677913200
3.858,4,Mar 04 2023 08: +0,1677916800
4.147,1,Mar 04 2023 09: +0,1677920400
4.213,3,Mar 04 2023 10: +0,1677924000
3.766,7,Mar 04 2023 11: +0,1677927600
4.228,3,Mar 04 2023 12: +0,1677931200
4.109,7,Mar 04 2023 13: +0,1677934800
4.117,5,Mar 04 2023 14: +0,1677938400
4.149,1,Mar 04 2023 15: +0,1677942000
4.143,7,Mar 04 2023 16: +0,1677945600
4.033,8,Mar 04 2023 17: +0,1677949200
3.941,9,Mar 04 2023 18: +0,1677952800
4.205,6,Mar 04 2023 19: +0,1677956400
3.924,4,Mar 04 2023 20: +0,1677960000
4.003,4,Mar 04 2023 21: +0,1677963600
4.022,4,Mar 04 2023 22: +0,1677967200
3.95,7,Mar 04 2023 23: +0,1677970800
4.216,8,Mar 05 2023 00: +0,1677974400
3.952,2,Mar 05 2023 01: +0,1677978000
3.799,3,Mar 05 2023 02: +0,1677981600
4.23,1,Mar 05 2023 03: +0,1677985200
4.252,1,Mar 05 2023 05: +0,1677992400
4.127,3,Mar 05 2023 06: +0,1677996000
4.292,2,Mar 05 2023 07: +0,1677999600
3.648,1,Mar 05 2023 08: +0,1678003200
4.022,1,Mar 05 2023 09: +0,1678006800
3.859,2,Mar 05 2023 10: +0,1678010400
4.173,2,Mar 05 2023 11: +0,1678014000
3.76,5,Mar 05 2023 12: +0,1678017600
3.946,4,Mar 05 2023 13: +0,1678021200
4.226,8,Mar 05 2023 14: +0,1678024800
3.615,4,Mar 05 2023 15: +0,1678028400
4.27,2,Mar 05 2023 16: +0,1678032000
3.979,6,Mar 05 2023 17: +0,1678035600
4.257,7,Mar 05 2023 18: +0,1678039200
3.757,5,Mar 05 2023 19: +0,1678042800
4.146,2,Mar 05 2023 20: +0,1678046400
3.59,3,Mar 05 2023 21: +0,1678050000
3.995,5,Mar 05 2023 22: +0,1678053600
4.212,2,Mar 05 2023 23: +0,1678057200
4.595,2,Mar 06 2023 00: +0,1678060800
4.053,1,Mar 06 2023 02: +0,1678068000
3.798,3,Mar 06 2023 03: +0,1678071600
4.064,1,Mar 06 2023 05: +0,1678078800
3.89,2,Mar 06 2023 06: +0,1678082400
3.926,4,Mar 06 2023 07: +0,1678086000
4.088,1,Mar 06 2023 08: +0,1678089600
3.795,5,Mar 06 2023 09: +0,1678093200
3.8,2,Mar 06 2023 10: +0,1678096800
3.99,4,Mar 06 2023 11: +0,1678100400
4.108,2,Mar 06 2023 12: +0,1678104000
3.766,4,Mar 06 2023 13: +0,1678107600
4.038,7,Mar 06 2023 14: +0,1678111200
4.266,5,Mar 06 2023 15: +0,1678114800
4.055,1,Mar 06 2023 16: +0,1678118400
3.835,3,Mar 06 2023 17: +0,1678122000
4.161,4,Mar 06 2023 18: +0,1678125600
3.927,3,Mar 06 2023 19: +0,1678129200
4.039,6,Mar 06 2023 20: +0,1678132800
4.198,2,Mar 06 2023 21: +0,1678136400
3.901,8,Mar 06 2023 22: +0,1678140000
4.261,2,Mar 06 2023 23: +0,1678143600
4.021,2,Mar 07 2023 00: +0,1678147200
3.929,1,Mar 07 2023 02: +0,1678154400
3.932,2,Mar 07 2023 03: +0,1678158000
3.962,2,Mar 07 2023 05: +0,1678165200
3.974,4,Mar 07 2023 07: +0,1678172400
3.887,2,Mar 07 2023 09: +0,1678179600
3.945,2,Mar 07 2023 10: +0,1678183200
4.084,3,Mar 07 2023 11: +0,1678186800
3.984,8,Mar 07 2023 12: +0,1678190400
4.133,2,Mar 07 2023 13: +0,1678194000
4.293,4,Mar 07 2023 14: +0,1678197600
3.77,3,Mar 07 2023 15: +0,1678201200
4.054,5,Mar 07 2023 16: +0,1678204800
3.846,3,Mar 07 2023 17: +0,1678208400
4.055,9,Mar 07 2023 18: +0,1678212000
3.995,6,Mar 07 2023 19: +0,1678215600
4.055,3,Mar 07 2023 20: +0,1678219200
4.299,4,Mar 07 2023 21: +0,1678222800
4.143,9,Mar 07 2023 22: +0,1678226400
4.003,4,Mar 07 2023 23: +0,1678230000
4.147,1,Mar 08 2023 00: +0,1678233600
4.307,3,Mar 08 2023 01: +0,1678237200
4.334,1,Mar 08 2023 02: +0,1678240800
4.193,3,Mar 08 2023 03: +0,1678244400
4.235,3,Mar 08 2023 04: +0,1678248000
4.334,1,Mar 08 2023 05: +0,1678251600
4.343,3,Mar 08 2023 07: +0,1678258800
4.347,3,Mar 08 2023 08: +0,1678262400
4.285,1,Mar 08 2023 09: +0,1678266000
4.366,2,Mar 08 2023 10: +0,1678269600
3.82,1,Mar 08 2023 12: +0,1678276800
3.351,2,Mar 08 2023 13: +0,1678280400
4.054,2,Mar 08 2023 14: +0,1678284000
3.835,2,Mar 08 2023 15: +0,1678287600
3.857,5,Mar 08 2023 16: +0,1678291200
4.208,6,Mar 08 2023 17: +0,1678294800
4.288,5,Mar 08 2023 18: +0,1678298400
4.019,5,Mar 08 2023 19: +0,1678302000
4.152,7,Mar 08 2023 20: +0,1678305600
4.23,2,Mar 08 2023 21: +0,1678309200
4.01,2,Mar 08 2023 22: +0,1678312800
4.188,5,Mar 08 2023 23: +0,1678316400
3.736,2,Mar 09 2023 00: +0,1678320000
4.17,4,Mar 09 2023 01: +0,1678323600
4.015,1,Mar 09 2023 02: +0,1678327200
3.731,2,Mar 09 2023 03: +0,1678330800
4.041,2,Mar 09 2023 04: +0,1678334400
3.644,2,Mar 09 2023 05: +0,1678338000
3.903,1,Mar 09 2023 06: +0,1678341600
4.092,1,Mar 09 2023 07: +0,1678345200
3.755,1,Mar 09 2023 08: +0,1678348800
4.325,3,Mar 09 2023 09: +0,1678352400
3.775,3,Mar 09 2023 10: +0,1678356000
4.019,2,Mar 09 2023 11: +0,1678359600
3.74,4,Mar 09 2023 12: +0,1678363200
4.223,7,Mar 09 2023 13: +0,1678366800
3.998,5,Mar 09 2023 14: +0,1678370400
3.78,7,Mar 09 2023 15: +0,1678374000
4.292,6,Mar 09 2023 16: +0,1678377600
4.357,8,Mar 09 2023 17: +0,1678381200
4.185,2,Mar 09 2023 18: +0,1678384800
4.362,7,Mar 09 2023 19: +0,1678388400
4.362,8,Mar 09 2023 20: +0,1678392000
4.063,6,Mar 09 2023 21: +0,1678395600
4.315,4,Mar 09 2023 22: +0,1678399200
4.451,4,Mar 09 2023 23: +0,1678402800
4.488,1,Mar 10 2023 00: +0,1678406400
4.089,1,Mar 10 2023 01: +0,1678410000
3.77,1,Mar 10 2023 02: +0,1678413600
4.38,1,Mar 10 2023 03: +0,1678417200
4.476,3,Mar 10 2023 04: +0,1678420800
3.798,3,Mar 10 2023 05: +0,1678424400
4.181,2,Mar 10 2023 06: +0,1678428000
4.463,2,Mar 10 2023 07: +0,1678431600
3.755,3,Mar 10 2023 08: +0,1678435200
4.313,2,Mar 10 2023 09: +0,1678438800
3.805,4,Mar 10 2023 10: +0,1678442400
3.78,3,Mar 10 2023 11: +0,1678446000
3.864,5,Mar 10 2023 12: +0,1678449600
3.987,5,Mar 10 2023 13: +0,1678453200
4.094,6,Mar 10 2023 14: +0,1678456800
4.354,3,Mar 10 2023 15: +0,1678460400
4.126,4,Mar 10 2023 16: +0,1678464000
4.302,9,Mar 10 2023 17: +0,1678467600
4.274,7,Mar 10 2023 18: +0,1678471200
4.454,1,Mar 10 2023 19: +0,1678474800
4.359,11,Mar 10 2023 20: +0,1678478400
4.398,4,Mar 10 2023 21: +0,1678482000
4.32,6,Mar 10 2023 22: +0,1678485600
3.965,3,Mar 10 2023 23: +0,1678489200
4.256,2,Mar 11 2023 00: +0,1678492800
4.101,2,Mar 11 2023 01: +0,1678496400
4.379,3,Mar 11 2023 02: +0,1678500000
4.42,3,Mar 11 2023 03: +0,1678503600
4.419,2,Mar 11 2023 04: +0,1678507200
4.434,1,Mar 11 2023 05: +0,1678510800
3.729,1,Mar 11 2023 06: +0,1678514400
4.077,2,Mar 11 2023 07: +0,1678518000
4.432,1,Mar 11 2023 08: +0,1678521600
4.439,2,Mar 11 2023 10: +0,1678528800
4.326,3,Mar 11 2023 11: +0,1678532400
4.397,7,Mar 11 2023 12: +0,1678536000
4.119,2,Mar 11 2023 13: +0,1678539600
4.054,5,Mar 11 2023 14: +0,1678543200
4.23,3,Mar 11 2023 15: +0,1678546800
4.322,4,Mar 11 2023 16: +0,1678550400
4.401,4,Mar 11 2023 17: +0,1678554000
4.212,5,Mar 11 2023 18: +0,1678557600
4.381,7,Mar 11 2023 19: +0,1678561200
4.351,3,Mar 11 2023 20: +0,1678564800
4.472,8,Mar 11 2023 21: +0,1678568400
4.349,4,Mar 11 2023 22: +0,1678572000
4.327,3,Mar 11 2023 23: +0,1678575600
4.49,2,Mar 12 2023 00: +0,1678579200
3.956,7,Mar 12 2023 01: +0,1678582800
4.423,3,Mar 12 2023 02: +0,1678586400
4.437,2,Mar 12 2023 03: +0,1678590000
4.172,1,Mar 12 2023 04: +0,1678593600
3.824,1,Mar 12 2023 05: +0,1678597200
3.209,1,Mar 12 2023 06: +0,1678600800
3.948,2,Mar 12 2023 07: +0,1678604400
4.396,4,Mar 12 2023 08: +0,1678608000
3.796,1,Mar 12 2023 09: +0,1678611600
4.221,5,Mar 12 2023 10: +0,1678615200
3.894,5,Mar 12 2023 11: +0,1678618800
4.406,5,Mar 12 2023 12: +0,1678622400
4.414,5,Mar 12 2023 13: +0,1678626000
4.432,4,Mar 12 2023 14: +0,1678629600
4.153,3,Mar 12 2023 15: +0,1678633200
4.009,6,Mar 12 2023 16: +0,1678636800
3.805,6,Mar 12 2023 17: +0,1678640400
4.053,7,Mar 12 2023 18: +0,1678644000
3.785,3,Mar 12 2023 19: +0,1678647600
4.269,8,Mar 12 2023 20: +0,1678651200
3.924,4,Mar 12 2023 21: +0,1678654800
3.954,4,Mar 12 2023 22: +0,1678658400
4.053,3,Mar 12 2023 23: +0,1678662000
4.207,2,Mar 13 2023 00: +0,1678665600
4.227,1,Mar 13 2023 01: +0,1678669200
4.371,1,Mar 13 2023 02: +0,1678672800
3.982,1,Mar 13 2023 03: +0,1678676400
3.986,2,Mar 13 2023 04: +0,1678680000
4.09,2,Mar 13 2023 05: +0,1678683600
3.824,1,Mar 13 2023 06: +0,1678687200
4.33,1,Mar 13 2023 07: +0,1678690800
3.986,1,Mar 13 2023 08: +0,1678694400
4.432,1,Mar 13 2023 09: +0,1678698000
4.205,3,Mar 13 2023 10: +0,1678701600
4.234,4,Mar 13 2023 11: +0,1678705200
4.119,4,Mar 13 2023 12: +0,1678708800
4.279,4,Mar 13 2023 13: +0,1678712400
3.904,3,Mar 13 2023 14: +0,1678716000
4.22,4,Mar 13 2023 15: +0,1678719600
4.121,7,Mar 13 2023 16: +0,1678723200
4.39,3,Mar 13 2023 17: +0,1678726800
4.338,3,Mar 13 2023 18: +0,1678730400
4.311,8,Mar 13 2023 19: +0,1678734000
4.279,10,Mar 13 2023 20: +0,1678737600
3.993,4,Mar 13 2023 21: +0,1678741200
3.846,3,Mar 13 2023 22: +0,1678744800
3.928,1,Mar 13 2023 23: +0,1678748400
4.07,5,Mar 14 2023 00: +0,1678752000
3.809,1,Mar 14 2023 01: +0,1678755600
3.883,3,Mar 14 2023 02: +0,1678759200
4.177,2,Mar 14 2023 03: +0,1678762800
3.292,1,Mar 14 2023 07: +0,1678777200
3.853,3,Mar 14 2023 08: +0,1678780800
3.764,7,Mar 14 2023 10: +0,1678788000
4.135,4,Mar 14 2023 11: +0,1678791600
3.474,1,Mar 14 2023 12: +0,1678795200
3.964,3,Mar 14 2023 13: +0,1678798800
3.755,3,Mar 14 2023 14: +0,1678802400
3.949,6,Mar 14 2023 15: +0,1678806000
4.114,3,Mar 14 2023 16: +0,1678809600
4.21,8,Mar 14 2023 17: +0,1678813200
3.872,4,Mar 14 2023 18: +0,1678816800
3.979,10,Mar 14 2023 19: +0,1678820400
4.256,4,Mar 14 2023 20: +0,1678824000
3.935,8,Mar 14 2023 21: +0,1678827600
3.82,2,Mar 14 2023 22: +0,1678831200
4.158,4,Mar 14 2023 23: +0,1678834800
3.956,2,Mar 15 2023 00: +0,1678838400
4.131,2,Mar 15 2023 01: +0,1678842000
4.079,1,Mar 15 2023 02: +0,1678845600
4.149,1,Mar 15 2023 04: +0,1678852800
4.014,3,Mar 15 2023 07: +0,1678863600
4.193,1,Mar 15 2023 08: +0,1678867200
3.8,2,Mar 15 2023 09: +0,1678870800
4.142,1,Mar 15 2023 10: +0,1678874400
4.115,1,Mar 15 2023 11: +0,1678878000
4.111,2,Mar 15 2023 12: +0,1678881600
3.946,2,Mar 15 2023 13: +0,1678885200
4.132,4,Mar 15 2023 14: +0,1678888800
4.04,6,Mar 15 2023 15: +0,1678892400
3.796,7,Mar 15 2023 16: +0,1678896000
3.821,5,Mar 15 2023 17: +0,1678899600
4.018,12,Mar 15 2023 18: +0,1678903200
4.062,9,Mar 15 2023 19: +0,1678906800
4.015,4,Mar 15 2023 20: +0,1678910400
3.9,6,Mar 15 2023 21: +0,1678914000
3.969,5,Mar 15 2023 22: +0,1678917600
3.984,4,Mar 15 2023 23: +0,1678921200
3.712,2,Mar 16 2023 00: +0,1678924800
3.927,3,Mar 16 2023 01: +0,1678928400
3.809,1,Mar 16 2023 02: +0,1678932000
2.366,2,Mar 16 2023 03: +0,1678935600
4.103,3,Mar 16 2023 04: +0,1678939200
0.937,1,Mar 16 2023 05: +0,1678942800
4.103,2,Mar 16 2023 06: +0,1678946400
4.104,2,Mar 16 2023 07: +0,1678950000
4.115,5,Mar 16 2023 08: +0,1678953600
4.188,5,Mar 16 2023 09: +0,1678957200
4.209,2,Mar 16 2023 10: +0,1678960800
4.012,7,Mar 16 2023 11: +0,1678964400
4.294,6,Mar 16 2023 12: +0,1678968000
4.169,2,Mar 16 2023 13: +0,1678971600
4.143,8,Mar 16 2023 14: +0,1678975200
4.295,9,Mar 16 2023 15: +0,1678978800
4.393,5,Mar 16 2023 16: +0,1678982400
3.971,4,Mar 16 2023 17: +0,1678986000
4.108,7,Mar 16 2023 18: +0,1678989600
4.023,6,Mar 16 2023 19: +0,1678993200
4.107,5,Mar 16 2023 20: +0,1678996800
3.937,9,Mar 16 2023 21: +0,1679000400
4.301,8,Mar 16 2023 22: +0,1679004000
4.265,2,Mar 16 2023 23: +0,1679007600
3.954,1,Mar 17 2023 02: +0,1679018400
3.954,1,Mar 17 2023 03: +0,1679022000
4.234,1,Mar 17 2023 04: +0,1679025600
3.958,2,Mar 17 2023 06: +0,1679032800
3.73,1,Mar 17 2023 07: +0,1679036400
4.116,1,Mar 17 2023 08: +0,1679040000
4.18,6,Mar 17 2023 09: +0,1679043600
4.029,6,Mar 17 2023 10: +0,1679047200
4.072,7,Mar 17 2023 11: +0,1679050800
4.054,1,Mar 17 2023 12: +0,1679054400
4.171,4,Mar 17 2023 13: +0,1679058000
4.054,3,Mar 17 2023 14: +0,1679061600
4.07,5,Mar 17 2023 15: +0,1679065200
4.223,11,Mar 17 2023 16: +0,1679068800
4.096,7,Mar 17 2023 17: +0,1679072400
3.746,5,Mar 17 2023 18: +0,1679076000
4.074,11,Mar 17 2023 19: +0,1679079600
4.195,7,Mar 17 2023 20: +0,1679083200
4.254,8,Mar 17 2023 21: +0,1679086800
4.375,8,Mar 17 2023 22: +0,1679090400
4.095,3,Mar 17 2023 23: +0,1679094000
4.261,3,Mar 18 2023 00: +0,1679097600
4.413,2,Mar 18 2023 01: +0,1679101200
4.125,4,Mar 18 2023 02: +0,1679104800
4.425,1,Mar 18 2023 03: +0,1679108400
4.381,6,Mar 18 2023 04: +0,1679112000
4.128,2,Mar 18 2023 06: +0,1679119200
4.276,2,Mar 18 2023 07: +0,1679122800
4.013,3,Mar 18 2023 08: +0,1679126400
4.352,2,Mar 18 2023 09: +0,1679130000
4.239,3,Mar 18 2023 10: +0,1679133600
4.403,6,Mar 18 2023 11: +0,1679137200
4.239,2,Mar 18 2023 12: +0,1679140800
4.165,7,Mar 18 2023 13: +0,1679144400
4.213,6,Mar 18 2023 14: +0,1679148000
4.323,2,Mar 18 2023 15: +0,1679151600
4.12,3,Mar 18 2023 16: +0,1679155200
4.116,8,Mar 18 2023 17: +0,1679158800
4.324,7,Mar 18 2023 18: +0,1679162400
4.121,5,Mar 18 2023 19: +0,1679166000
4.199,4,Mar 18 2023 20: +0,1679169600
4.274,7,Mar 18 2023 21: +0,1679173200
4.3,6,Mar 18 2023 22: +0,1679176800
4.298,5,Mar 18 2023 23: +0,1679180400
4.161,2,Mar 19 2023 00: +0,1679184000
4.352,5,Mar 19 2023 01: +0,1679187600
4.143,2,Mar 19 2023 02: +0,1679191200
4.035,2,Mar 19 2023 03: +0,1679194800
4.247,2,Mar 19 2023 04: +0,1679198400
3.861,1,Mar 19 2023 05: +0,1679202000
4.267,3,Mar 19 2023 06: +0,1679205600
4.282,2,Mar 19 2023 07: +0,1679209200
4.105,2,Mar 19 2023 08: +0,1679212800
4.021,4,Mar 19 2023 09: +0,1679216400
4.404,3,Mar 19 2023 10: +0,1679220000
4.257,6,Mar 19 2023 11: +0,1679223600
4.18,7,Mar 19 2023 12: +0,1679227200
4.346,5,Mar 19 2023 13: +0,1679230800
4.229,8,Mar 19 2023 14: +0,1679234400
4.326,5,Mar 19 2023 15: +0,1679238000
4.074,10,Mar 19 2023 16: +0,1679241600
4.253,4,Mar 19 2023 17: +0,1679245200
4.344,3,Mar 19 2023 18: +0,1679248800
4.261,6,Mar 19 2023 19: +0,1679252400
4.253,3,Mar 19 2023 20: +0,1679256000
4.326,8,Mar 19 2023 21: +0,1679259600
4.212,10,Mar 19 2023 22: +0,1679263200
4.334,5,Mar 19 2023 23: +0,1679266800
4.265,4,Mar 20 2023 00: +0,1679270400
3.902,2,Mar 20 2023 01: +0,1679274000
4.317,1,Mar 20 2023 02: +0,1679277600
3.74,2,Mar 20 2023 03: +0,1679281200
4.341,1,Mar 20 2023 04: +0,1679284800
4.346,5,Mar 20 2023 07: +0,1679295600
4.376,4,Mar 20 2023 08: +0,1679299200
4.392,1,Mar 20 2023 09: +0,1679302800
4.257,2,Mar 20 2023 10: +0,1679306400
4.343,3,Mar 20 2023 11: +0,1679310000
4.294,5,Mar 20 2023 12: +0,1679313600
4.131,3,Mar 20 2023 13: +0,1679317200
4.257,8,Mar 20 2023 14: +0,1679320800
4.286,7,Mar 20 2023 15: +0,1679324400
4.266,8,Mar 20 2023 16: +0,1679328000
4.253,5,Mar 20 2023 17: +0,1679331600
4.317,7,Mar 20 2023 18: +0,1679335200
4.286,8,Mar 20 2023 19: +0,1679338800
4.351,6,Mar 20 2023 20: +0,1679342400
4.294,5,Mar 20 2023 21: +0,1679346000
4.35,6,Mar 20 2023 22: +0,1679349600
4.402,1,Mar 20 2023 23: +0,1679353200
4.359,3,Mar 21 2023 00: +0,1679356800
4.358,5,Mar 21 2023 01: +0,1679360400
4.344,2,Mar 21 2023 02: +0,1679364000
4.354,2,Mar 21 2023 04: +0,1679371200
5.454,1,Mar 21 2023 05: +0,1679374800
4.273,4,Mar 21 2023 06: +0,1679378400
4.334,1,Mar 21 2023 07: +0,1679382000
4.293,6,Mar 21 2023 08: +0,1679385600
4.309,4,Mar 21 2023 09: +0,1679389200
4.277,3,Mar 21 2023 10: +0,1679392800
4.211,1,Mar 21 2023 11: +0,1679396400
4.201,9,Mar 21 2023 12: +0,1679400000
4.205,7,Mar 21 2023 13: +0,1679403600
4.266,6,Mar 21 2023 14: +0,1679407200
4.309,2,Mar 21 2023 15: +0,1679410800
4.178,4,Mar 21 2023 16: +0,1679414400
4.208,7,Mar 21 2023 17: +0,1679418000
4.174,6,Mar 21 2023 18: +0,1679421600
4.22,9,Mar 21 2023 19: +0,1679425200
4.194,5,Mar 21 2023 20: +0,1679428800
4.405,2,Mar 21 2023 21: +0,1679432400
4.403,4,Mar 21 2023 22: +0,1679436000
4.392,6,Mar 21 2023 23: +0,1679439600
4.291,2,Mar 22 2023 00: +0,1679443200
4.3,1,Mar 22 2023 01: +0,1679446800
4.186,1,Mar 22 2023 02: +0,1679450400
4.285,2,Mar 22 2023 03: +0,1679454000
4.236,1,Mar 22 2023 04: +0,1679457600
4.138,3,Mar 22 2023 05: +0,1679461200
4.277,2,Mar 22 2023 07: +0,1679468400
4.113,2,Mar 22 2023 09: +0,1679475600
4.29,6,Mar 22 2023 10: +0,1679479200
4.089,3,Mar 22 2023 11: +0,1679482800
4.084,4,Mar 22 2023 12: +0,1679486400
4.054,5,Mar 22 2023 13: +0,1679490000
4.016,5,Mar 22 2023 14: +0,1679493600
4.041,5,Mar 22 2023 15: +0,1679497200
4.279,5,Mar 22 2023 16: +0,1679500800
4.298,6,Mar 22 2023 17: +0,1679504400
4.252,10,Mar 22 2023 18: +0,1679508000
4.274,10,Mar 22 2023 19: +0,1679511600
4.183,10,Mar 22 2023 20: +0,1679515200
4.275,10,Mar 22 2023 21: +0,1679518800
3.93,9,Mar 22 2023 22: +0,1679522400
4.307,7,Mar 22 2023 23: +0,1679526000
4.162,5,Mar 23 2023 00: +0,1679529600
4.319,2,Mar 23 2023 01: +0,1679533200
4.369,4,Mar 23 2023 02: +0,1679536800
4.285,3,Mar 23 2023 03: +0,1679540400
4.143,2,Mar 23 2023 04: +0,1679544000
4.278,3,Mar 23 2023 05: +0,1679547600
4.25,2,Mar 23 2023 06: +0,1679551200
4.391,1,Mar 23 2023 07: +0,1679554800
4.23,3,Mar 23 2023 08: +0,1679558400
4.31,7,Mar 23 2023 09: +0,1679562000
3.958,7,Mar 23 2023 10: +0,1679565600
4.091,7,Mar 23 2023 11: +0,1679569200
3.97,4,Mar 23 2023 12: +0,1679572800
4.318,11,Mar 23 2023 13: +0,1679576400
4.406,9,Mar 23 2023 14: +0,1679580000
4.356,6,Mar 23 2023 15: +0,1679583600
4.423,8,Mar 23 2023 16: +0,1679587200
4.477,3,Mar 23 2023 17: +0,1679590800
4.462,7,Mar 23 2023 18: +0,1679594400
4.502,12,Mar 23 2023 19: +0,1679598000
4.5,8,Mar 23 2023 20: +0,1679601600
4.437,7,Mar 23 2023 21: +0,1679605200
4.666,13,Mar 23 2023 22: +0,1679608800
4.873,6,Mar 23 2023 23: +0,1679612400
4.328,3,Mar 24 2023 00: +0,1679616000
4.315,2,Mar 24 2023 01: +0,1679619600
4.103,3,Mar 24 2023 02: +0,1679623200
4.384,5,Mar 24 2023 03: +0,1679626800
4.198,1,Mar 24 2023 04: +0,1679630400
4.818,2,Mar 24 2023 05: +0,1679634000
4.786,4,Mar 24 2023 06: +0,1679637600
4.85,2,Mar 24 2023 07: +0,1679641200
4.926,3,Mar 24 2023 08: +0,1679644800
5.072,3,Mar 24 2023 09: +0,1679648400
4.957,5,Mar 24 2023 10: +0,1679652000
5.026,3,Mar 24 2023 11: +0,1679655600
4.784,6,Mar 24 2023 12: +0,1679659200
4.365,2,Mar 24 2023 13: +0,1679662800
4.278,7,Mar 24 2023 14: +0,1679666400
4.162,8,Mar 24 2023 15: +0,1679670000
4.679,8,Mar 24 2023 16: +0,1679673600
4.716,5,Mar 24 2023 17: +0,1679677200
4.781,7,Mar 24 2023 18: +0,1679680800
4.382,4,Mar 24 2023 19: +0,1679684400
4.856,6,Mar 24 2023 20: +0,1679688000
4.765,6,Mar 24 2023 21: +0,1679691600
4.802,7,Mar 24 2023 22: +0,1679695200
4.91,5,Mar 24 2023 23: +0,1679698800
4.722,1,Mar 25 2023 00: +0,1679702400
4.933,6,Mar 25 2023 01: +0,1679706000
4.937,4,Mar 25 2023 02: +0,1679709600
4.397,4,Mar 25 2023 03: +0,1679713200
4.966,4,Mar 25 2023 04: +0,1679716800
4.975,4,Mar 25 2023 05: +0,1679720400
4.981,2,Mar 25 2023 06: +0,1679724000
4.981,3,Mar 25 2023 07: +0,1679727600
5.024,1,Mar 25 2023 08: +0,1679731200
4.461,3,Mar 25 2023 09: +0,1679734800
4.127,3,Mar 25 2023 10: +0,1679738400
4.879,5,Mar 25 2023 11: +0,1679742000
5.055,8,Mar 25 2023 12: +0,1679745600
5.059,8,Mar 25 2023 13: +0,1679749200
4.655,5,Mar 25 2023 14: +0,1679752800
5.033,5,Mar 25 2023 15: +0,1679756400
4.549,3,Mar 25 2023 16: +0,1679760000
4.9,10,Mar 25 2023 17: +0,1679763600
4.731,8,Mar 25 2023 18: +0,1679767200
4.831,8,Mar 25 2023 19: +0,1679770800
4.706,5,Mar 25 2023 20: +0,1679774400
4.817,8,Mar 25 2023 21: +0,1679778000
4.847,4,Mar 25 2023 22: +0,1679781600
4.893,6,Mar 25 2023 23: +0,1679785200
5.007,9,Mar 26 2023 00: +0,1679788800
4.929,3,Mar 26 2023 01: +0,1679792400
4.831,1,Mar 26 2023 02: +0,1679792400
5.155,5,Mar 26 2023 03: +0,1679796000
5.155,1,Mar 26 2023 04: +0,1679799600
5.249,4,Mar 26 2023 05: +0,1679803200
5.286,1,Mar 26 2023 06: +0,1679806800
4.965,3,Mar 26 2023 07: +0,1679810400
4.936,2,Mar 26 2023 08: +0,1679814000
4.391,3,Mar 26 2023 09: +0,1679817600
4.867,6,Mar 26 2023 10: +0,1679821200
4.879,5,Mar 26 2023 11: +0,1679824800
5.059,8,Mar 26 2023 12: +0,1679828400
4.552,3,Mar 26 2023 13: +0,1679832000
5.078,13,Mar 26 2023 14: +0,1679835600
4.69,1,Mar 26 2023 15: +0,1679839200
4.539,7,Mar 26 2023 16: +0,1679842800
4.47,9,Mar 26 2023 17: +0,1679846400
4.699,7,Mar 26 2023 18: +0,1679850000
5.138,5,Mar 26 2023 19: +0,1679853600
5.264,4,Mar 26 2023 20: +0,1679857200
5.289,5,Mar 26 2023 21: +0,1679860800
4.583,7,Mar 26 2023 22: +0,1679864400
5.144,6,Mar 26 2023 23: +0,1679868000
5.263,3,Mar 27 2023 00: +0,1679871600
5.465,12,Mar 27 2023 01: +0,1679875200
4.722,6,Mar 27 2023 02: +0,1679878800
4.939,2,Mar 27 2023 03: +0,1679882400
5.843,5,Mar 27 2023 04: +0,1679886000
6.017,1,Mar 27 2023 05: +0,1679889600
6.028,1,Mar 27 2023 06: +0,1679893200
5.891,3,Mar 27 2023 08: +0,1679900400
4.568,7,Mar 27 2023 09: +0,1679904000
5.149,3,Mar 27 2023 10: +0,1679907600
5.706,4,Mar 27 2023 11: +0,1679911200
5.885,3,Mar 27 2023 12: +0,1679914800
4.771,5,Mar 27 2023 13: +0,1679918400
5.263,7,Mar 27 2023 14: +0,1679922000
4.792,4,Mar 27 2023 15: +0,1679925600
5.34,2,Mar 27 2023 16: +0,1679929200
4.832,7,Mar 27 2023 17: +0,1679932800
4.965,6,Mar 27 2023 18: +0,1679936400
4.731,4,Mar 27 2023 19: +0,1679940000
5.219,5,Mar 27 2023 20: +0,1679943600
5.47,6,Mar 27 2023 21: +0,1679947200
5.72,3,Mar 27 2023 22: +0,1679950800
5.193,4,Mar 27 2023 23: +0,1679954400
5.69,5,Mar 28 2023 00: +0,1679958000
5.734,1,Mar 28 2023 01: +0,1679961600
5.761,1,Mar 28 2023 02: +0,1679965200
5.672,2,Mar 28 2023 03: +0,1679968800
3.53,1,Mar 28 2023 05: +0,1679976000
5.385,2,Mar 28 2023 06: +0,1679979600
5.67,4,Mar 28 2023 07: +0,1679983200
5.429,1,Mar 28 2023 08: +0,1679986800
5.365,2,Mar 28 2023 09: +0,1679990400
5.69,3,Mar 28 2023 10: +0,1679994000
5.73,8,Mar 28 2023 11: +0,1679997600
5.798,2,Mar 28 2023 12: +0,1680001200
5.571,2,Mar 28 2023 13: +0,1680004800
6.042,7,Mar 28 2023 14: +0,1680008400
5.33,8,Mar 28 2023 15: +0,1680012000
5.342,5,Mar 28 2023 16: +0,1680015600
5.735,9,Mar 28 2023 17: +0,1680019200
5.596,8,Mar 28 2023 18: +0,1680022800
5.495,6,Mar 28 2023 19: +0,1680026400
5.613,9,Mar 28 2023 20: +0,1680030000
5.735,7,Mar 28 2023 21: +0,1680033600
6.014,7,Mar 28 2023 22: +0,1680037200
5.971,3,Mar 28 2023 23: +0,1680040800
5.998,2,Mar 29 2023 00: +0,1680044400
6.105,3,Mar 29 2023 01: +0,1680048000
6.091,4,Mar 29 2023 02: +0,1680051600
5.881,2,Mar 29 2023 03: +0,1680055200
6.192,1,Mar 29 2023 04: +0,1680058800
5.273,1,Mar 29 2023 05: +0,1680062400
5.271,1,Mar 29 2023 07: +0,1680069600
5.697,1,Mar 29 2023 08: +0,1680073200
5.624,2,Mar 29 2023 09: +0,1680076800
5.709,1,Mar 29 2023 10: +0,1680080400
4.958,2,Mar 29 2023 11: +0,1680084000
5.674,7,Mar 29 2023 12: +0,1680087600
5.254,2,Mar 29 2023 13: +0,1680091200
5.39,4,Mar 29 2023 14: +0,1680094800
5.226,6,Mar 29 2023 15: +0,1680098400
5.567,6,Mar 29 2023 16: +0,1680102000
5.623,1,Mar 29 2023 17: +0,1680105600
5.032,8,Mar 29 2023 18: +0,1680109200
5.732,8,Mar 29 2023 19: +0,1680112800
5.482,7,Mar 29 2023 20: +0,1680116400
5.624,7,Mar 29 2023 21: +0,1680120000
5.7,2,Mar 29 2023 22: +0,1680123600
5.006,4,Mar 29 2023 23: +0,1680127200
5.608,1,Mar 30 2023 00: +0,1680130800
5.241,4,Mar 30 2023 01: +0,1680134400
5.696,1,Mar 30 2023 02: +0,1680138000
5.706,2,Mar 30 2023 03: +0,1680141600
5.687,1,Mar 30 2023 04: +0,1680145200
4.794,3,Mar 30 2023 05: +0,1680148800
4.847,6,Mar 30 2023 07: +0,1680156000
5.164,3,Mar 30 2023 09: +0,1680163200
5.097,5,Mar 30 2023 11: +0,1680170400
6.754,1,Mar 30 2023 12: +0,1680174000
5.409,2,Mar 30 2023 13: +0,1680177600
5.278,4,Mar 30 2023 14: +0,1680181200
5.451,6,Mar 30 2023 15: +0,1680184800
5.1,2,Mar 30 2023 16: +0,1680188400
5.521,6,Mar 30 2023 17: +0,1680192000
5.535,6,Mar 30 2023 18: +0,1680195600
5.573,1,Mar 30 2023 20: +0,1680202800
5.314,4,Mar 30 2023 22: +0,1680210000
5.65,5,Mar 30 2023 23: +0,1680213600
5.645,2,Mar 31 2023 00: +0,1680217200
5.711,2,Mar 31 2023 01: +0,1680220800
5.262,3,Mar 31 2023 02: +0,1680224400
5.196,1,Mar 31 2023 03: +0,1680228000
5.32,2,Mar 31 2023 04: +0,1680231600
5.169,4,Mar 31 2023 05: +0,1680235200
4.736,2,Mar 31 2023 06: +0,1680238800
4.891,1,Mar 31 2023 07: +0,1680242400
5.44,5,Mar 31 2023 08: +0,1680246000
5.576,3,Mar 31 2023 09: +0,1680249600
5.482,1,Mar 31 2023 10: +0,1680253200
5.136,4,Mar 31 2023 11: +0,1680256800
5.429,2,Mar 31 2023 12: +0,1680260400
5.577,5,Mar 31 2023 13: +0,1680264000
5.11,2,Mar 31 2023 14: +0,1680267600
5.62,1,Mar 31 2023 15: +0,1680271200
5.533,6,Mar 31 2023 17: +0,1680278400
5.109,5,Mar 31 2023 18: +0,1680282000
5.645,1,Mar 31 2023 19: +0,1680285600
5.57,1,Mar 31 2023 20: +0,1680289200
5.135,3,Mar 31 2023 21: +0,1680292800
5.301,2,Mar 31 2023 22: +0,1680296400
5.156,2,Mar 31 2023 23: +0,1680300000
5.41,4,Apr 01 2023 00: +0,1680303600
5.01,3,Apr 01 2023 01: +0,1680307200
4.996,2,Apr 01 2023 02: +0,1680310800
5.415,3,Apr 01 2023 03: +0,1680314400
5.512,2,Apr 01 2023 04: +0,1680318000
5.41,3,Apr 01 2023 05: +0,1680321600
5.626,5,Apr 01 2023 06: +0,1680325200
5.625,6,Apr 01 2023 07: +0,1680328800
5.481,6,Apr 01 2023 08: +0,1680332400
5.661,3,Apr 01 2023 09: +0,1680336000
5.666,6,Apr 01 2023 10: +0,1680339600
5.754,8,Apr 01 2023 11: +0,1680343200
5.784,4,Apr 01 2023 12: +0,1680346800
5.731,3,Apr 01 2023 13: +0,1680350400
5.707,2,Apr 01 2023 14: +0,1680354000
6.003,1,Apr 01 2023 15: +0,1680357600
6.329,2,Apr 01 2023 16: +0,1680361200
5.933,8,Apr 01 2023 17: +0,1680364800
5.889,9,Apr 01 2023 18: +0,1680368400
6.065,7,Apr 01 2023 19: +0,1680372000
6.065,8,Apr 01 2023 20: +0,1680375600
6.169,8,Apr 01 2023 21: +0,1680379200
6.243,4,Apr 01 2023 22: +0,1680382800
5.996,3,Apr 01 2023 23: +0,1680386400
5.702,4,Apr 02 2023 00: +0,1680390000
5.515,2,Apr 02 2023 01: +0,1680393600
6.208,7,Apr 02 2023 02: +0,1680397200
5.4,5,Apr 02 2023 03: +0,1680400800
6.272,2,Apr 02 2023 04: +0,1680404400
5.877,3,Apr 02 2023 05: +0,1680408000
6.058,4,Apr 02 2023 06: +0,1680411600
6.136,1,Apr 02 2023 07: +0,1680415200
6.056,2,Apr 02 2023 08: +0,1680418800
5.63,4,Apr 02 2023 09: +0,1680422400
5.816,5,Apr 02 2023 10: +0,1680426000
5.969,5,Apr 02 2023 11: +0,1680429600
5.871,4,Apr 02 2023 12: +0,1680433200
5.984,5,Apr 02 2023 13: +0,1680436800
6.23,1,Apr 02 2023 16: +0,1680447600
5.351,4,Apr 02 2023 17: +0,1680451200
6.012,6,Apr 02 2023 18: +0,1680454800
5.766,4,Apr 02 2023 19: +0,1680458400
6.219,10,Apr 02 2023 20: +0,1680462000
6.305,5,Apr 02 2023 21: +0,1680465600
6.289,4,Apr 02 2023 22: +0,1680469200
6.39,7,Apr 02 2023 23: +0,1680472800
5.968,4,Apr 03 2023 00: +0,1680476400
5.176,3,Apr 03 2023 01: +0,1680480000
5.992,2,Apr 03 2023 02: +0,1680483600
5.651,1,Apr 03 2023 03: +0,1680487200
5.912,3,Apr 03 2023 04: +0,1680490800
5.986,1,Apr 03 2023 06: +0,1680498000
5.969,3,Apr 03 2023 07: +0,1680501600
5.519,2,Apr 03 2023 08: +0,1680505200
5.208,4,Apr 03 2023 09: +0,1680508800
6.153,4,Apr 03 2023 10: +0,1680512400
5.4,2,Apr 03 2023 11: +0,1680516000
6.338,1,Apr 03 2023 12: +0,1680519600
6.247,4,Apr 03 2023 14: +0,1680526800
6.228,4,Apr 03 2023 15: +0,1680530400
5.863,4,Apr 03 2023 16: +0,1680534000
5.714,1,Apr 03 2023 17: +0,1680537600
5.781,4,Apr 03 2023 18: +0,1680541200
5.912,4,Apr 03 2023 19: +0,1680544800
5.709,8,Apr 03 2023 20: +0,1680548400
6.023,5,Apr 03 2023 21: +0,1680552000
6.005,5,Apr 03 2023 22: +0,1680555600
6.194,6,Apr 03 2023 23: +0,1680559200
6.33,4,Apr 04 2023 01: +0,1680566400
6.244,2,Apr 04 2023 02: +0,1680570000
6.182,2,Apr 04 2023 03: +0,1680573600
5.837,2,Apr 04 2023 04: +0,1680577200
5.852,1,Apr 04 2023 05: +0,1680580800
5.978,1,Apr 04 2023 06: +0,1680584400
4.871,1,Apr 04 2023 07: +0,1680588000
5.909,2,Apr 04 2023 09: +0,1680595200
5.936,5,Apr 04 2023 10: +0,1680598800
5.624,3,Apr 04 2023 11: +0,1680602400
5.118,5,Apr 04 2023 12: +0,1680606000
5.667,5,Apr 04 2023 13: +0,1680609600
6.063,6,Apr 04 2023 14: +0,1680613200
6.267,1,Apr 04 2023 15: +0,1680616800
5.812,4,Apr 04 2023 17: +0,1680624000
5.636,4,Apr 04 2023 18: +0,1680627600
6.051,4,Apr 04 2023 19: +0,1680631200
6.016,5,Apr 04 2023 20: +0,1680634800
6.224,2,Apr 04 2023 21: +0,1680638400
5.944,9,Apr 04 2023 22: +0,1680642000
5.652,3,Apr 04 2023 23: +0,1680645600
6.016,4,Apr 05 2023 00: +0,1680649200
6.015,2,Apr 05 2023 01: +0,1680652800
6.062,4,Apr 05 2023 02: +0,1680656400
6.227,1,Apr 05 2023 03: +0,1680660000
6.031,1,Apr 05 2023 04: +0,1680663600
6.017,3,Apr 05 2023 05: +0,1680667200
6.284,2,Apr 05 2023 06: +0,1680670800
6.017,2,Apr 05 2023 07: +0,1680674400
5.649,2,Apr 05 2023 08: +0,1680678000
6.161,7,Apr 05 2023 09: +0,1680681600
5.702,3,Apr 05 2023 10: +0,1680685200
5.608,3,Apr 05 2023 11: +0,1680688800
5.956,6,Apr 05 2023 12: +0,1680692400
6.347,4,Apr 05 2023 13: +0,1680696000
6.203,1,Apr 05 2023 15: +0,1680703200
6.289,3,Apr 05 2023 16: +0,1680706800
6.245,4,Apr 05 2023 17: +0,1680710400
6.342,9,Apr 05 2023 18: +0,1680714000
6.463,5,Apr 05 2023 19: +0,1680717600
6.474,5,Apr 05 2023 20: +0,1680721200
6.36,4,Apr 05 2023 21: +0,1680724800
6.529,5,Apr 05 2023 22: +0,1680728400
7.045,22,Apr 05 2023 23: +0,1680732000
4.189,1,Apr 06 2023 00: +0,1680735600
8.644,1,Apr 06 2023 01: +0,1680739200
8.021,1,Apr 06 2023 02: +0,1680742800
7.22,3,Apr 06 2023 04: +0,1680750000
4.179,1,Apr 06 2023 05: +0,1680753600
7.512,1,Apr 06 2023 06: +0,1680757200
6.61,1,Apr 06 2023 07: +0,1680760800
6.458,3,Apr 06 2023 08: +0,1680764400
6.406,2,Apr 06 2023 09: +0,1680768000
7.029,5,Apr 06 2023 10: +0,1680771600
7.114,2,Apr 06 2023 11: +0,1680775200
6.75,10,Apr 06 2023 12: +0,1680778800
6.675,11,Apr 06 2023 13: +0,1680782400
5.614,2,Apr 06 2023 14: +0,1680786000
6.675,6,Apr 06 2023 16: +0,1680793200
7.045,3,Apr 06 2023 17: +0,1680796800
7.09,11,Apr 06 2023 18: +0,1680800400
6.61,5,Apr 06 2023 19: +0,1680804000
6.642,8,Apr 06 2023 20: +0,1680807600
6.9,5,Apr 06 2023 21: +0,1680811200
6.634,5,Apr 06 2023 22: +0,1680814800
6.667,7,Apr 06 2023 23: +0,1680818400
6.493,2,Apr 07 2023 01: +0,1680825600
6.937,3,Apr 07 2023 02: +0,1680829200
6.94,1,Apr 07 2023 03: +0,1680832800
6.95,2,Apr 07 2023 04: +0,1680836400
6.94,1,Apr 07 2023 05: +0,1680840000
6.683,1,Apr 07 2023 06: +0,1680843600
6.683,3,Apr 07 2023 07: +0,1680847200
6.047,1,Apr 07 2023 08: +0,1680850800
6.634,4,Apr 07 2023 09: +0,1680854400
6.713,2,Apr 07 2023 10: +0,1680858000
6.908,2,Apr 07 2023 11: +0,1680861600
6.675,7,Apr 07 2023 12: +0,1680865200
4.033,1,Apr 07 2023 15: +0,1680876000
7.193,2,Apr 07 2023 16: +0,1680879600
6.921,6,Apr 07 2023 17: +0,1680883200
6.935,5,Apr 07 2023 18: +0,1680886800
6.677,5,Apr 07 2023 19: +0,1680890400
6.719,6,Apr 07 2023 20: +0,1680894000
6.752,10,Apr 07 2023 21: +0,1680897600
7.105,5,Apr 07 2023 22: +0,1680901200
6.839,6,Apr 07 2023 23: +0,1680904800
6.853,3,Apr 08 2023 00: +0,1680908400
6.823,3,Apr 08 2023 01: +0,1680912000
6.981,4,Apr 08 2023 02: +0,1680915600
6.653,12,Apr 08 2023 03: +0,1680919200
6.857,3,Apr 08 2023 04: +0,1680922800
6.649,2,Apr 08 2023 05: +0,1680926400
6.601,6,Apr 08 2023 06: +0,1680930000
6.824,4,Apr 08 2023 07: +0,1680933600
6.744,7,Apr 08 2023 08: +0,1680937200
6.621,5,Apr 08 2023 09: +0,1680940800
6.784,4,Apr 08 2023 10: +0,1680944400
6.802,2,Apr 08 2023 11: +0,1680948000
6.621,5,Apr 08 2023 12: +0,1680951600
6.854,2,Apr 08 2023 13: +0,1680955200
6.991,2,Apr 08 2023 15: +0,1680962400
7.039,8,Apr 08 2023 17: +0,1680969600
7.184,5,Apr 08 2023 18: +0,1680973200
6.889,2,Apr 08 2023 19: +0,1680976800
6.85,8,Apr 08 2023 20: +0,1680980400
7.122,4,Apr 08 2023 21: +0,1680984000
7.025,5,Apr 08 2023 22: +0,1680987600
6.879,8,Apr 08 2023 23: +0,1680991200
6.937,3,Apr 09 2023 00: +0,1680994800
7.271,3,Apr 09 2023 01: +0,1680998400
7.274,3,Apr 09 2023 02: +0,1681002000
6.879,4,Apr 09 2023 03: +0,1681005600
6.818,2,Apr 09 2023 04: +0,1681009200
6.999,1,Apr 09 2023 05: +0,1681012800
6.96,5,Apr 09 2023 06: +0,1681016400
6.938,5,Apr 09 2023 07: +0,1681020000
5.778,2,Apr 09 2023 08: +0,1681023600
6.665,5,Apr 09 2023 09: +0,1681027200
6.718,5,Apr 09 2023 10: +0,1681030800
6.894,7,Apr 09 2023 11: +0,1681034400
6.762,3,Apr 09 2023 12: +0,1681038000
6.504,3,Apr 09 2023 13: +0,1681041600
6.933,2,Apr 09 2023 15: +0,1681048800
6.938,5,Apr 09 2023 16: +0,1681052400
6.938,9,Apr 09 2023 17: +0,1681056000
6.542,7,Apr 09 2023 18: +0,1681059600
6.888,9,Apr 09 2023 19: +0,1681063200
7.004,8,Apr 09 2023 20: +0,1681066800
6.573,4,Apr 09 2023 21: +0,1681070400
6.85,2,Apr 09 2023 22: +0,1681074000
6.039,1,Apr 09 2023 23: +0,1681077600
6.569,5,Apr 10 2023 00: +0,1681081200
5.507,2,Apr 10 2023 01: +0,1681084800
6.933,6,Apr 10 2023 02: +0,1681088400
6.042,3,Apr 10 2023 03: +0,1681092000
6.367,1,Apr 10 2023 04: +0,1681095600
6.462,1,Apr 10 2023 05: +0,1681099200
6.691,3,Apr 10 2023 06: +0,1681102800
7.014,2,Apr 10 2023 07: +0,1681106400
6.366,2,Apr 10 2023 08: +0,1681110000
6.765,1,Apr 10 2023 09: +0,1681113600
6.672,5,Apr 10 2023 10: +0,1681117200
6.04,2,Apr 10 2023 11: +0,1681120800
6.463,3,Apr 10 2023 12: +0,1681124400
6.762,3,Apr 10 2023 13: +0,1681128000
6.841,3,Apr 10 2023 14: +0,1681131600
7.012,2,Apr 10 2023 15: +0,1681135200
6.717,5,Apr 10 2023 17: +0,1681142400
6.568,6,Apr 10 2023 18: +0,1681146000
6.288,6,Apr 10 2023 19: +0,1681149600
6.334,10,Apr 10 2023 20: +0,1681153200
6.038,3,Apr 10 2023 21: +0,1681156800
6.584,11,Apr 10 2023 22: +0,1681160400
6.668,2,Apr 10 2023 23: +0,1681164000
6.91,3,Apr 11 2023 00: +0,1681167600
6.854,2,Apr 11 2023 01: +0,1681171200
6.136,1,Apr 11 2023 03: +0,1681178400
6.909,1,Apr 11 2023 05: +0,1681185600
6.875,1,Apr 11 2023 06: +0,1681189200
6.55,5,Apr 11 2023 08: +0,1681196400
6.071,3,Apr 11 2023 09: +0,1681200000
6.86,5,Apr 11 2023 10: +0,1681203600
6.075,1,Apr 11 2023 11: +0,1681207200
6.005,6,Apr 11 2023 12: +0,1681210800
6.699,1,Apr 11 2023 13: +0,1681214400
6.516,2,Apr 11 2023 16: +0,1681225200
6.831,8,Apr 11 2023 17: +0,1681228800
6.525,2,Apr 11 2023 18: +0,1681232400
6.768,6,Apr 11 2023 19: +0,1681236000
6.861,4,Apr 11 2023 20: +0,1681239600
6.947,5,Apr 11 2023 21: +0,1681243200
6.82,3,Apr 11 2023 22: +0,1681246800
6.846,3,Apr 11 2023 23: +0,1681250400
6.81,3,Apr 12 2023 00: +0,1681254000
6.98,3,Apr 12 2023 01: +0,1681257600
6.978,5,Apr 12 2023 02: +0,1681261200
6.984,1,Apr 12 2023 03: +0,1681264800
6.978,4,Apr 12 2023 04: +0,1681268400
6.505,2,Apr 12 2023 05: +0,1681272000
6.942,1,Apr 12 2023 06: +0,1681275600
6.981,2,Apr 12 2023 07: +0,1681279200
6.741,3,Apr 12 2023 08: +0,1681282800
6.48,1,Apr 12 2023 09: +0,1681286400
6.686,1,Apr 12 2023 10: +0,1681290000
6.537,1,Apr 12 2023 11: +0,1681293600
6.736,7,Apr 12 2023 12: +0,1681297200
6.691,3,Apr 12 2023 13: +0,1681300800
6.978,5,Apr 12 2023 14: +0,1681304400
6.971,1,Apr 12 2023 15: +0,1681308000
6.892,1,Apr 12 2023 16: +0,1681311600
6.892,3,Apr 12 2023 17: +0,1681315200
6.971,9,Apr 12 2023 18: +0,1681318800
6.935,7,Apr 12 2023 19: +0,1681322400
7.002,8,Apr 12 2023 20: +0,1681326000
7.019,8,Apr 12 2023 21: +0,1681329600
6.079,7,Apr 12 2023 22: +0,1681333200
7.015,5,Apr 12 2023 23: +0,1681336800
7.026,4,Apr 13 2023 00: +0,1681340400
7.203,2,Apr 13 2023 01: +0,1681344000
6.609,1,Apr 13 2023 03: +0,1681351200
6.655,2,Apr 13 2023 04: +0,1681354800
6.936,1,Apr 13 2023 05: +0,1681358400
6.914,1,Apr 13 2023 06: +0,1681362000
6.024,1,Apr 13 2023 07: +0,1681365600
6.879,2,Apr 13 2023 08: +0,1681369200
6.405,2,Apr 13 2023 09: +0,1681372800
6.938,1,Apr 13 2023 10: +0,1681376400
6.163,2,Apr 13 2023 11: +0,1681380000
6.751,4,Apr 13 2023 12: +0,1681383600
6.417,1,Apr 13 2023 14: +0,1681390800
6.545,1,Apr 13 2023 15: +0,1681394400
6.491,2,Apr 13 2023 16: +0,1681398000
6.91,6,Apr 13 2023 17: +0,1681401600
6.91,5,Apr 13 2023 18: +0,1681405200
6.276,5,Apr 13 2023 19: +0,1681408800
6.425,5,Apr 13 2023 20: +0,1681412400
6.811,10,Apr 13 2023 21: +0,1681416000
6.943,4,Apr 13 2023 22: +0,1681419600
6.895,3,Apr 13 2023 23: +0,1681423200
6.078,4,Apr 14 2023 00: +0,1681426800
6.629,1,Apr 14 2023 01: +0,1681430400
6.94,3,Apr 14 2023 02: +0,1681434000
7.056,5,Apr 14 2023 03: +0,1681437600
6.656,2,Apr 14 2023 04: +0,1681441200
7.046,2,Apr 14 2023 05: +0,1681444800
7.218,3,Apr 14 2023 06: +0,1681448400
7.227,3,Apr 14 2023 07: +0,1681452000
7.219,4,Apr 14 2023 08: +0,1681455600
7.332,3,Apr 14 2023 09: +0,1681459200
6.739,4,Apr 14 2023 10: +0,1681462800
6.931,3,Apr 14 2023 11: +0,1681466400
6.149,6,Apr 14 2023 12: +0,1681470000
6.275,2,Apr 14 2023 13: +0,1681473600
6.988,2,Apr 14 2023 14: +0,1681477200
6.841,1,Apr 14 2023 15: +0,1681480800
7.09,1,Apr 14 2023 16: +0,1681484400
7.232,1,Apr 14 2023 17: +0,1681488000
7.451,7,Apr 14 2023 18: +0,1681491600
6.994,2,Apr 14 2023 19: +0,1681495200
7.636,9,Apr 14 2023 20: +0,1681498800
7.884,9,Apr 14 2023 21: +0,1681502400
6.863,3,Apr 14 2023 22: +0,1681506000
7.07,7,Apr 14 2023 23: +0,1681509600
7.747,2,Apr 15 2023 00: +0,1681513200
8.1,3,Apr 15 2023 01: +0,1681516800
8.096,2,Apr 15 2023 02: +0,1681520400
8.115,1,Apr 15 2023 03: +0,1681524000
8.125,1,Apr 15 2023 04: +0,1681527600
8.098,2,Apr 15 2023 05: +0,1681531200
7.591,1,Apr 15 2023 07: +0,1681538400
7.266,2,Apr 15 2023 08: +0,1681542000
7.574,3,Apr 15 2023 09: +0,1681545600
7.592,1,Apr 15 2023 10: +0,1681549200
6.956,3,Apr 15 2023 11: +0,1681552800
7.123,5,Apr 15 2023 12: +0,1681556400
7.418,2,Apr 15 2023 16: +0,1681570800
7.954,1,Apr 15 2023 17: +0,1681574400
7.689,3,Apr 15 2023 18: +0,1681578000
7.844,1,Apr 15 2023 19: +0,1681581600
7.586,4,Apr 15 2023 20: +0,1681585200
8.053,7,Apr 15 2023 21: +0,1681588800
8.133,3,Apr 15 2023 22: +0,1681592400
8.071,5,Apr 15 2023 23: +0,1681596000
7.898,5,Apr 16 2023 00: +0,1681599600
7.893,1,Apr 16 2023 01: +0,1681603200
7.601,5,Apr 16 2023 02: +0,1681606800
7.092,2,Apr 16 2023 03: +0,1681610400
7.379,4,Apr 16 2023 04: +0,1681614000
6.666,4,Apr 16 2023 05: +0,1681617600
6.918,2,Apr 16 2023 06: +0,1681621200
7.031,1,Apr 16 2023 07: +0,1681624800
6.559,3,Apr 16 2023 08: +0,1681628400
6.92,5,Apr 16 2023 09: +0,1681632000
7.022,4,Apr 16 2023 10: +0,1681635600
6.567,6,Apr 16 2023 11: +0,1681639200
7.119,4,Apr 16 2023 12: +0,1681642800
7.168,3,Apr 16 2023 13: +0,1681646400
7.067,1,Apr 16 2023 15: +0,1681653600
7.732,2,Apr 16 2023 16: +0,1681657200
7.866,3,Apr 16 2023 17: +0,1681660800
7.804,5,Apr 16 2023 19: +0,1681668000
7.854,6,Apr 16 2023 20: +0,1681671600
7.822,11,Apr 16 2023 21: +0,1681675200
7.804,9,Apr 16 2023 22: +0,1681678800
6.983,1,Apr 16 2023 23: +0,1681682400
7.11,2,Apr 17 2023 00: +0,1681686000
7.708,2,Apr 17 2023 01: +0,1681689600
7.708,2,Apr 17 2023 02: +0,1681693200
5.871,1,Apr 17 2023 03: +0,1681696800
6.576,1,Apr 17 2023 04: +0,1681700400
6.569,3,Apr 17 2023 05: +0,1681704000
6.576,1,Apr 17 2023 06: +0,1681707600
6.55,3,Apr 17 2023 07: +0,1681711200
6.325,2,Apr 17 2023 08: +0,1681714800
6.355,2,Apr 17 2023 09: +0,1681718400
6.511,4,Apr 17 2023 10: +0,1681722000
6.345,3,Apr 17 2023 11: +0,1681725600
6.305,7,Apr 17 2023 12: +0,1681729200
6.471,3,Apr 17 2023 13: +0,1681732800
6.469,1,Apr 17 2023 14: +0,1681736400
6.169,1,Apr 17 2023 15: +0,1681740000
6.749,3,Apr 17 2023 16: +0,1681743600
6.363,3,Apr 17 2023 17: +0,1681747200
6.558,11,Apr 17 2023 18: +0,1681750800
6.796,8,Apr 17 2023 19: +0,1681754400
7.131,16,Apr 17 2023 20: +0,1681758000
7.623,9,Apr 17 2023 21: +0,1681761600
7.675,10,Apr 17 2023 22: +0,1681765200
7.136,2,Apr 17 2023 23: +0,1681768800
6.903,2,Apr 18 2023 00: +0,1681772400
7.335,3,Apr 18 2023 03: +0,1681783200
6.491,3,Apr 18 2023 05: +0,1681790400
7.201,1,Apr 18 2023 06: +0,1681794000
7.069,3,Apr 18 2023 08: +0,1681801200
7.017,2,Apr 18 2023 10: +0,1681808400
6.176,3,Apr 18 2023 11: +0,1681812000
6.897,3,Apr 18 2023 12: +0,1681815600
7.005,6,Apr 18 2023 13: +0,1681819200
7.011,1,Apr 18 2023 14: +0,1681822800
7.011,1,Apr 18 2023 15: +0,1681826400
7.017,2,Apr 18 2023 16: +0,1681830000
6.789,4,Apr 18 2023 17: +0,1681833600
7.002,3,Apr 18 2023 18: +0,1681837200
7.155,3,Apr 18 2023 19: +0,1681840800
6.587,4,Apr 18 2023 21: +0,1681848000
6.915,4,Apr 18 2023 22: +0,1681851600
6.933,1,Apr 18 2023 23: +0,1681855200
6.574,4,Apr 19 2023 00: +0,1681858800
6.681,3,Apr 19 2023 01: +0,1681862400
6.773,4,Apr 19 2023 02: +0,1681866000
7.018,1,Apr 19 2023 03: +0,1681869600
6.333,2,Apr 19 2023 04: +0,1681873200
6.384,2,Apr 19 2023 05: +0,1681876800
6.317,1,Apr 19 2023 06: +0,1681880400
6.543,2,Apr 19 2023 08: +0,1681887600
6.764,5,Apr 19 2023 09: +0,1681891200
6.765,2,Apr 19 2023 10: +0,1681894800
6.825,4,Apr 19 2023 11: +0,1681898400
6.885,4,Apr 19 2023 12: +0,1681902000
6.832,1,Apr 19 2023 13: +0,1681905600
6.425,2,Apr 19 2023 14: +0,1681909200
7.025,1,Apr 19 2023 15: +0,1681912800
7.02,4,Apr 19 2023 16: +0,1681916400
6.791,2,Apr 19 2023 17: +0,1681920000
6.906,1,Apr 19 2023 18: +0,1681923600
7.018,3,Apr 19 2023 19: +0,1681927200
7.026,3,Apr 19 2023 20: +0,1681930800
6.81,7,Apr 19 2023 21: +0,1681934400
7.044,2,Apr 19 2023 22: +0,1681938000
7.053,3,Apr 19 2023 23: +0,1681941600
6.867,5,Apr 20 2023 00: +0,1681945200
6.841,3,Apr 20 2023 01: +0,1681948800
7.029,2,Apr 20 2023 04: +0,1681959600
6.742,1,Apr 20 2023 05: +0,1681963200
7.044,1,Apr 20 2023 06: +0,1681966800
6.49,1,Apr 20 2023 07: +0,1681970400
7.024,3,Apr 20 2023 08: +0,1681974000
6.524,1,Apr 20 2023 09: +0,1681977600
6.853,1,Apr 20 2023 10: +0,1681981200
6.446,1,Apr 20 2023 11: +0,1681984800
6.435,5,Apr 20 2023 12: +0,1681988400
6.538,2,Apr 20 2023 13: +0,1681992000
6.845,2,Apr 20 2023 14: +0,1681995600
6.852,5,Apr 20 2023 15: +0,1681999200
6.867,7,Apr 20 2023 16: +0,1682002800
6.965,5,Apr 20 2023 17: +0,1682006400
6.964,3,Apr 20 2023 18: +0,1682010000
6.324,3,Apr 20 2023 19: +0,1682013600
6.496,1,Apr 20 2023 20: +0,1682017200
6.694,8,Apr 20 2023 21: +0,1682020800
7.058,5,Apr 20 2023 22: +0,1682024400
6.971,7,Apr 20 2023 23: +0,1682028000
6.47,4,Apr 21 2023 00: +0,1682031600
6.488,1,Apr 21 2023 01: +0,1682035200
6.981,3,Apr 21 2023 03: +0,1682042400
6.645,2,Apr 21 2023 04: +0,1682046000
6.43,2,Apr 21 2023 05: +0,1682049600
6.842,4,Apr 21 2023 06: +0,1682053200
6.173,1,Apr 21 2023 07: +0,1682056800
6.663,3,Apr 21 2023 08: +0,1682060400
6.979,3,Apr 21 2023 09: +0,1682064000
6.977,2,Apr 21 2023 10: +0,1682067600
6.297,2,Apr 21 2023 12: +0,1682074800
6.294,4,Apr 21 2023 13: +0,1682078400
6.125,3,Apr 21 2023 14: +0,1682082000
5.961,2,Apr 21 2023 15: +0,1682085600
6.266,3,Apr 21 2023 16: +0,1682089200
6.439,3,Apr 21 2023 17: +0,1682092800
6.593,11,Apr 21 2023 18: +0,1682096400
6.84,3,Apr 21 2023 19: +0,1682100000
6.831,5,Apr 21 2023 20: +0,1682103600
7.028,4,Apr 21 2023 21: +0,1682107200
6.851,8,Apr 21 2023 22: +0,1682110800
6.778,7,Apr 21 2023 23: +0,1682114400
7.06,5,Apr 22 2023 00: +0,1682118000
7.571,2,Apr 22 2023 01: +0,1682121600
7.084,2,Apr 22 2023 02: +0,1682125200
7.189,1,Apr 22 2023 03: +0,1682128800
6.4,1,Apr 22 2023 04: +0,1682132400
6.141,5,Apr 22 2023 05: +0,1682136000
6.125,8,Apr 22 2023 06: +0,1682139600
6.768,3,Apr 22 2023 07: +0,1682143200
6.9,3,Apr 22 2023 08: +0,1682146800
6.125,4,Apr 22 2023 09: +0,1682150400
6.461,5,Apr 22 2023 10: +0,1682154000
6.908,3,Apr 22 2023 11: +0,1682157600
6.858,4,Apr 22 2023 12: +0,1682161200
6.987,3,Apr 22 2023 13: +0,1682164800
7.118,6,Apr 22 2023 14: +0,1682168400
6.409,2,Apr 22 2023 15: +0,1682172000
6.548,10,Apr 22 2023 16: +0,1682175600
6.688,3,Apr 22 2023 17: +0,1682179200
6.175,1,Apr 22 2023 18: +0,1682182800
6.556,2,Apr 22 2023 19: +0,1682186400
6.593,8,Apr 22 2023 20: +0,1682190000
7.063,6,Apr 22 2023 21: +0,1682193600
6.257,4,Apr 22 2023 22: +0,1682197200
6.219,4,Apr 22 2023 23: +0,1682200800
6.131,2,Apr 23 2023 00: +0,1682204400
6.861,3,Apr 23 2023 01: +0,1682208000
6.528,1,Apr 23 2023 02: +0,1682211600
6.633,1,Apr 23 2023 03: +0,1682215200
6.853,1,Apr 23 2023 04: +0,1682218800
6.893,4,Apr 23 2023 05: +0,1682222400
6.048,1,Apr 23 2023 06: +0,1682226000
6.417,3,Apr 23 2023 07: +0,1682229600
7.049,3,Apr 23 2023 08: +0,1682233200
7.04,3,Apr 23 2023 09: +0,1682236800
6.713,3,Apr 23 2023 10: +0,1682240400
6.425,4,Apr 23 2023 11: +0,1682244000
6.934,2,Apr 23 2023 12: +0,1682247600
7.067,7,Apr 23 2023 13: +0,1682251200
5.851,2,Apr 23 2023 14: +0,1682254800
6.698,8,Apr 23 2023 15: +0,1682258400
5.882,2,Apr 23 2023 16: +0,1682262000
6.845,3,Apr 23 2023 17: +0,1682265600
6.861,5,Apr 23 2023 18: +0,1682269200
6.81,6,Apr 23 2023 19: +0,1682272800
6.597,5,Apr 23 2023 20: +0,1682276400
6.37,4,Apr 23 2023 21: +0,1682280000
6.174,3,Apr 23 2023 22: +0,1682283600
6.439,3,Apr 23 2023 23: +0,1682287200
6.433,2,Apr 24 2023 00: +0,1682290800
6.373,2,Apr 24 2023 01: +0,1682294400
6.265,5,Apr 24 2023 02: +0,1682298000
6.237,2,Apr 24 2023 03: +0,1682301600
6.446,1,Apr 24 2023 04: +0,1682305200
6.845,1,Apr 24 2023 05: +0,1682308800
6.08,1,Apr 24 2023 07: +0,1682316000
6.258,2,Apr 24 2023 08: +0,1682319600
6.176,2,Apr 24 2023 09: +0,1682323200
6.288,1,Apr 24 2023 10: +0,1682326800
5.967,2,Apr 24 2023 11: +0,1682330400
6.283,3,Apr 24 2023 12: +0,1682334000
6.057,6,Apr 24 2023 13: +0,1682337600
6.078,5,Apr 24 2023 14: +0,1682341200
6.026,6,Apr 24 2023 15: +0,1682344800
6.413,5,Apr 24 2023 16: +0,1682348400
6.47,4,Apr 24 2023 17: +0,1682352000
6.323,8,Apr 24 2023 18: +0,1682355600
6.374,4,Apr 24 2023 19: +0,1682359200
6.327,8,Apr 24 2023 20: +0,1682362800
6.557,5,Apr 24 2023 21: +0,1682366400
6.412,4,Apr 24 2023 22: +0,1682370000
6.405,2,Apr 24 2023 23: +0,1682373600
6.518,7,Apr 25 2023 00: +0,1682377200
6.064,1,Apr 25 2023 01: +0,1682380800
5.843,8,Apr 25 2023 02: +0,1682384400
5.807,6,Apr 25 2023 03: +0,1682388000
5.807,3,Apr 25 2023 04: +0,1682391600
5.799,7,Apr 25 2023 05: +0,1682395200
5.807,5,Apr 25 2023 06: +0,1682398800
5.807,7,Apr 25 2023 07: +0,1682402400
5.959,4,Apr 25 2023 08: +0,1682406000
5.764,3,Apr 25 2023 09: +0,1682409600
5.799,4,Apr 25 2023 10: +0,1682413200
5.493,5,Apr 25 2023 11: +0,1682416800
6.155,4,Apr 25 2023 12: +0,1682420400
5.493,6,Apr 25 2023 13: +0,1682424000
5.493,3,Apr 25 2023 14: +0,1682427600
5.517,7,Apr 25 2023 15: +0,1682431200
5.9,7,Apr 25 2023 16: +0,1682434800
5.236,2,Apr 25 2023 17: +0,1682438400
5.476,10,Apr 25 2023 18: +0,1682442000
5.363,4,Apr 25 2023 19: +0,1682445600
5.656,7,Apr 25 2023 20: +0,1682449200
5.805,7,Apr 25 2023 21: +0,1682452800
5.704,6,Apr 25 2023 22: +0,1682456400
5.951,1,Apr 25 2023 23: +0,1682460000
6.076,2,Apr 26 2023 00: +0,1682463600
6.071,3,Apr 26 2023 02: +0,1682470800
5.233,3,Apr 26 2023 03: +0,1682474400
5.257,1,Apr 26 2023 04: +0,1682478000
5.385,2,Apr 26 2023 07: +0,1682488800
5.537,5,Apr 26 2023 08: +0,1682492400
5.344,3,Apr 26 2023 09: +0,1682496000
4.906,2,Apr 26 2023 11: +0,1682503200
4.641,2,Apr 26 2023 12: +0,1682506800
5.31,7,Apr 26 2023 13: +0,1682510400
5.374,6,Apr 26 2023 14: +0,1682514000
5.42,4,Apr 26 2023 15: +0,1682517600
5.402,4,Apr 26 2023 16: +0,1682521200
5.636,6,Apr 26 2023 17: +0,1682524800
5.882,5,Apr 26 2023 18: +0,1682528400
5.682,11,Apr 26 2023 19: +0,1682532000
6.089,6,Apr 26 2023 20: +0,1682535600
6.036,7,Apr 26 2023 21: +0,1682539200
5.63,4,Apr 26 2023 22: +0,1682542800
6.167,5,Apr 26 2023 23: +0,1682546400
6.387,2,Apr 27 2023 00: +0,1682550000
5.554,4,Apr 27 2023 01: +0,1682553600
6.297,1,Apr 27 2023 02: +0,1682557200
5.647,2,Apr 27 2023 03: +0,1682560800
6.207,2,Apr 27 2023 04: +0,1682564400
5.999,3,Apr 27 2023 07: +0,1682575200
6.221,3,Apr 27 2023 08: +0,1682578800
6.294,2,Apr 27 2023 09: +0,1682582400
6.114,1,Apr 27 2023 10: +0,1682586000
5.848,3,Apr 27 2023 11: +0,1682589600
5.766,2,Apr 27 2023 12: +0,1682593200
5.362,3,Apr 27 2023 13: +0,1682596800
6.327,3,Apr 27 2023 14: +0,1682600400
5.635,2,Apr 27 2023 15: +0,1682604000
5.96,2,Apr 27 2023 16: +0,1682607600
6.211,4,Apr 27 2023 17: +0,1682611200
5.759,3,Apr 27 2023 18: +0,1682614800
6.283,8,Apr 27 2023 19: +0,1682618400
5.447,5,Apr 27 2023 21: +0,1682625600
5.713,6,Apr 27 2023 22: +0,1682629200
5.191,1,Apr 27 2023 23: +0,1682632800
5.966,1,Apr 28 2023 00: +0,1682636400
5.519,5,Apr 28 2023 01: +0,1682640000
5.191,3,Apr 28 2023 02: +0,1682643600
5.21,3,Apr 28 2023 03: +0,1682647200
6.085,1,Apr 28 2023 04: +0,1682650800
6.164,3,Apr 28 2023 05: +0,1682654400
6.171,2,Apr 28 2023 06: +0,1682658000
6.172,2,Apr 28 2023 07: +0,1682661600
5.191,5,Apr 28 2023 08: +0,1682665200
5.856,4,Apr 28 2023 09: +0,1682668800
6.143,1,Apr 28 2023 11: +0,1682676000
5.629,5,Apr 28 2023 13: +0,1682683200
6.183,1,Apr 28 2023 14: +0,1682686800
6.224,2,Apr 28 2023 15: +0,1682690400
5.678,8,Apr 28 2023 16: +0,1682694000
5.993,1,Apr 28 2023 17: +0,1682697600
5.992,6,Apr 28 2023 18: +0,1682701200
5.96,6,Apr 28 2023 19: +0,1682704800
6.046,4,Apr 28 2023 20: +0,1682708400
5.58,4,Apr 28 2023 21: +0,1682712000
5.769,4,Apr 28 2023 22: +0,1682715600
6.056,3,Apr 28 2023 23: +0,1682719200
6.073,5,Apr 29 2023 00: +0,1682722800
6.242,2,Apr 29 2023 01: +0,1682726400
6.079,1,Apr 29 2023 04: +0,1682737200
6.079,1,Apr 29 2023 05: +0,1682740800
6.09,3,Apr 29 2023 06: +0,1682744400
6.142,4,Apr 29 2023 07: +0,1682748000
5.351,2,Apr 29 2023 08: +0,1682751600
5.893,2,Apr 29 2023 09: +0,1682755200
6.077,4,Apr 29 2023 10: +0,1682758800
6.122,2,Apr 29 2023 11: +0,1682762400
6.247,6,Apr 29 2023 12: +0,1682766000
6.227,6,Apr 29 2023 14: +0,1682773200
5.9,2,Apr 29 2023 15: +0,1682776800
5.869,5,Apr 29 2023 16: +0,1682780400
6.275,5,Apr 29 2023 17: +0,1682784000
6.293,1,Apr 29 2023 18: +0,1682787600
6.242,4,Apr 29 2023 19: +0,1682791200
6.305,6,Apr 29 2023 20: +0,1682794800
6.097,2,Apr 29 2023 21: +0,1682798400
6.073,1,Apr 29 2023 22: +0,1682802000
6.073,6,Apr 29 2023 23: +0,1682805600
6.073,1,Apr 30 2023 00: +0,1682809200
6.071,3,Apr 30 2023 01: +0,1682812800
5.591,3,Apr 30 2023 02: +0,1682816400
5.52,2,Apr 30 2023 03: +0,1682820000
6.071,1,Apr 30 2023 04: +0,1682823600
6.009,1,Apr 30 2023 05: +0,1682827200
6.027,1,Apr 30 2023 07: +0,1682834400
5.67,2,Apr 30 2023 08: +0,1682838000
6.042,3,Apr 30 2023 09: +0,1682841600
6.046,3,Apr 30 2023 11: +0,1682848800
6.029,3,Apr 30 2023 12: +0,1682852400
6.082,3,Apr 30 2023 13: +0,1682856000
5.334,2,Apr 30 2023 14: +0,1682859600
5.982,4,Apr 30 2023 15: +0,1682863200
5.271,5,Apr 30 2023 16: +0,1682866800
5.76,4,Apr 30 2023 17: +0,1682870400
6.008,5,Apr 30 2023 18: +0,1682874000
6.028,3,Apr 30 2023 19: +0,1682877600
6.023,5,Apr 30 2023 20: +0,1682881200
5.291,2,Apr 30 2023 21: +0,1682884800
5.271,6,Apr 30 2023 22: +0,1682888400
6.002,1,Apr 30 2023 23: +0,1682892000
5.897,3,May 01 2023 00: +0,1682895600
5.91,3,May 01 2023 01: +0,1682899200
5.922,2,May 01 2023 05: +0,1682913600
5.751,1,May 01 2023 06: +0,1682917200
5.778,2,May 01 2023 07: +0,1682920800
5.662,1,May 01 2023 08: +0,1682924400
5.477,5,May 01 2023 10: +0,1682931600
5.709,6,May 01 2023 12: +0,1682938800
5.223,1,May 01 2023 13: +0,1682942400
5.222,4,May 01 2023 14: +0,1682946000
5.545,7,May 01 2023 15: +0,1682949600
5.673,4,May 01 2023 16: +0,1682953200
5.712,7,May 01 2023 17: +0,1682956800
5.669,3,May 01 2023 18: +0,1682960400
5.307,4,May 01 2023 19: +0,1682964000
5.22,7,May 01 2023 20: +0,1682967600
5.719,2,May 01 2023 21: +0,1682971200
5.666,5,May 01 2023 22: +0,1682974800
5.103,3,May 01 2023 23: +0,1682978400
5.157,1,May 02 2023 00: +0,1682982000
5.05,2,May 02 2023 01: +0,1682985600
5.275,1,May 02 2023 02: +0,1682989200
4.964,3,May 02 2023 03: +0,1682992800
5.718,1,May 02 2023 05: +0,1683000000
5.777,2,May 02 2023 06: +0,1683003600
5.551,2,May 02 2023 08: +0,1683010800
5.058,4,May 02 2023 09: +0,1683014400
5.674,1,May 02 2023 10: +0,1683018000
5.115,2,May 02 2023 11: +0,1683021600
5.254,1,May 02 2023 12: +0,1683025200
5.694,6,May 02 2023 13: +0,1683028800
5.456,3,May 02 2023 14: +0,1683032400
5.748,6,May 02 2023 15: +0,1683036000
5.519,5,May 02 2023 16: +0,1683039600
5.45,2,May 02 2023 17: +0,1683043200
5.759,3,May 02 2023 18: +0,1683046800
4.986,7,May 02 2023 19: +0,1683050400
5.325,2,May 02 2023 20: +0,1683054000
5.69,4,May 02 2023 21: +0,1683057600
5.773,4,May 02 2023 22: +0,1683061200
5.421,2,May 02 2023 23: +0,1683064800
5.415,4,May 03 2023 00: +0,1683068400
5.65,1,May 03 2023 01: +0,1683072000
4.928,1,May 03 2023 02: +0,1683075600
5.318,2,May 03 2023 03: +0,1683079200
6.104,2,May 03 2023 04: +0,1683082800
5.755,2,May 03 2023 06: +0,1683090000
4.944,3,May 03 2023 07: +0,1683093600
5.534,1,May 03 2023 08: +0,1683097200
5.739,2,May 03 2023 09: +0,1683100800
5.671,3,May 03 2023 10: +0,1683104400
5.391,2,May 03 2023 11: +0,1683108000
5.702,3,May 03 2023 12: +0,1683111600
5.694,6,May 03 2023 13: +0,1683115200
5.764,2,May 03 2023 14: +0,1683118800
5.711,6,May 03 2023 15: +0,1683122400
5.694,3,May 03 2023 16: +0,1683126000
4.944,5,May 03 2023 17: +0,1683129600
5.732,1,May 03 2023 18: +0,1683133200
5.747,5,May 03 2023 19: +0,1683136800
5.535,4,May 03 2023 20: +0,1683140400
5.77,8,May 03 2023 21: +0,1683144000
5.75,5,May 03 2023 22: +0,1683147600
5.788,2,May 03 2023 23: +0,1683151200
5.535,4,May 04 2023 00: +0,1683154800
5.719,1,May 04 2023 01: +0,1683158400
5.831,6,May 04 2023 02: +0,1683162000
5.706,2,May 04 2023 04: +0,1683169200
5.717,2,May 04 2023 05: +0,1683172800
5.714,4,May 04 2023 06: +0,1683176400
5.775,1,May 04 2023 07: +0,1683180000
5.782,2,May 04 2023 08: +0,1683183600
5.779,1,May 04 2023 09: +0,1683187200
5.679,2,May 04 2023 10: +0,1683190800
5.78,8,May 04 2023 11: +0,1683194400
6.08,6,May 04 2023 12: +0,1683198000
5.525,1,May 04 2023 13: +0,1683201600
5.517,1,May 04 2023 14: +0,1683205200
5.226,4,May 04 2023 15: +0,1683208800
5.576,3,May 04 2023 16: +0,1683212400
5.662,7,May 04 2023 17: +0,1683216000
5.734,4,May 04 2023 18: +0,1683219600
6.036,2,May 04 2023 19: +0,1683223200
6.055,6,May 04 2023 20: +0,1683226800
5.368,3,May 04 2023 21: +0,1683230400
6.019,1,May 04 2023 22: +0,1683234000
5.883,1,May 04 2023 23: +0,1683237600
6.044,5,May 05 2023 00: +0,1683241200
5.53,6,May 05 2023 01: +0,1683244800
5.043,5,May 05 2023 02: +0,1683248400
4.906,5,May 05 2023 03: +0,1683252000
5.248,2,May 05 2023 04: +0,1683255600
4.882,1,May 05 2023 05: +0,1683259200
4.882,7,May 05 2023 06: +0,1683262800
4.886,4,May 05 2023 08: +0,1683270000
4.779,3,May 05 2023 09: +0,1683273600
4.779,6,May 05 2023 10: +0,1683277200
5.036,9,May 05 2023 11: +0,1683280800
5.353,3,May 05 2023 12: +0,1683284400
4.685,3,May 05 2023 13: +0,1683288000
5.238,3,May 05 2023 14: +0,1683291600
4.975,2,May 05 2023 15: +0,1683295200
5.176,5,May 05 2023 16: +0,1683298800
4.896,8,May 05 2023 17: +0,1683302400
4.886,7,May 05 2023 18: +0,1683306000
5.024,10,May 05 2023 19: +0,1683309600
5.456,6,May 05 2023 20: +0,1683313200
4.995,7,May 05 2023 21: +0,1683316800
5.036,6,May 05 2023 22: +0,1683320400
5.152,3,May 05 2023 23: +0,1683324000
5.161,5,May 06 2023 00: +0,1683327600
5.125,2,May 06 2023 01: +0,1683331200
5.526,1,May 06 2023 02: +0,1683334800
5.169,2,May 06 2023 03: +0,1683338400
4.813,6,May 06 2023 06: +0,1683349200
5.078,2,May 06 2023 07: +0,1683352800
5.016,3,May 06 2023 08: +0,1683356400
4.771,3,May 06 2023 09: +0,1683360000
4.932,2,May 06 2023 10: +0,1683363600
4.89,5,May 06 2023 11: +0,1683367200
4.965,4,May 06 2023 12: +0,1683370800
4.757,10,May 06 2023 13: +0,1683374400
4.907,4,May 06 2023 14: +0,1683378000
5.344,3,May 06 2023 15: +0,1683381600
4.907,6,May 06 2023 16: +0,1683385200
5.341,3,May 06 2023 17: +0,1683388800
4.776,4,May 06 2023 18: +0,1683392400
4.66,5,May 06 2023 19: +0,1683396000
4.693,2,May 06 2023 20: +0,1683399600
4.694,6,May 06 2023 21: +0,1683403200
4.742,8,May 06 2023 22: +0,1683406800
5.09,7,May 06 2023 23: +0,1683410400
4.986,8,May 07 2023 00: +0,1683414000
5.03,1,May 07 2023 01: +0,1683417600
5.45,3,May 07 2023 02: +0,1683421200
5.483,2,May 07 2023 03: +0,1683424800
4.731,5,May 07 2023 04: +0,1683428400
5.461,2,May 07 2023 05: +0,1683432000
4.715,1,May 07 2023 06: +0,1683435600
4.675,1,May 07 2023 07: +0,1683439200
4.675,3,May 07 2023 08: +0,1683442800
4.675,1,May 07 2023 09: +0,1683446400
5.08,6,May 07 2023 10: +0,1683450000
5.263,7,May 07 2023 11: +0,1683453600
4.771,5,May 07 2023 12: +0,1683457200
4.956,8,May 07 2023 13: +0,1683460800
5.266,5,May 07 2023 14: +0,1683464400
5.095,2,May 07 2023 15: +0,1683468000
4.691,2,May 07 2023 16: +0,1683471600
4.85,5,May 07 2023 17: +0,1683475200
4.995,5,May 07 2023 18: +0,1683478800
5.236,4,May 07 2023 19: +0,1683482400
4.762,4,May 07 2023 20: +0,1683486000
4.992,3,May 07 2023 21: +0,1683489600
5.021,11,May 07 2023 22: +0,1683493200
4.731,5,May 07 2023 23: +0,1683496800
5.05,2,May 08 2023 00: +0,1683500400
5.242,1,May 08 2023 01: +0,1683504000
5.246,2,May 08 2023 02: +0,1683507600
5.454,3,May 08 2023 03: +0,1683511200
5.443,2,May 08 2023 04: +0,1683514800
4.746,3,May 08 2023 05: +0,1683518400
5.277,2,May 08 2023 06: +0,1683522000
5.421,1,May 08 2023 08: +0,1683529200
5.239,1,May 08 2023 09: +0,1683532800
4.342,1,May 08 2023 12: +0,1683543600
4.89,3,May 08 2023 13: +0,1683547200
4.99,4,May 08 2023 14: +0,1683550800
4.992,5,May 08 2023 15: +0,1683554400
4.69,3,May 08 2023 16: +0,1683558000
4.624,4,May 08 2023 17: +0,1683561600
5.029,7,May 08 2023 18: +0,1683565200
4.893,6,May 08 2023 19: +0,1683568800
5.064,3,May 08 2023 20: +0,1683572400
5.109,7,May 08 2023 21: +0,1683576000
5.437,4,May 08 2023 22: +0,1683579600
5.43,3,May 08 2023 23: +0,1683583200
4.791,2,May 09 2023 00: +0,1683586800
5.425,5,May 09 2023 01: +0,1683590400
4.939,1,May 09 2023 03: +0,1683597600
5.267,2,May 09 2023 04: +0,1683601200
5.227,2,May 09 2023 06: +0,1683608400
5.393,1,May 09 2023 07: +0,1683612000
5.212,2,May 09 2023 08: +0,1683615600
5.22,3,May 09 2023 09: +0,1683619200
5.341,3,May 09 2023 10: +0,1683622800
4.967,3,May 09 2023 11: +0,1683626400
4.843,1,May 09 2023 12: +0,1683630000
5.232,3,May 09 2023 13: +0,1683633600
4.642,5,May 09 2023 14: +0,1683637200
4.682,3,May 09 2023 15: +0,1683640800
4.805,2,May 09 2023 16: +0,1683644400
4.8,6,May 09 2023 17: +0,1683648000
4.708,6,May 09 2023 18: +0,1683651600
4.89,6,May 09 2023 19: +0,1683655200
5.078,1,May 09 2023 20: +0,1683658800
5.329,8,May 09 2023 21: +0,1683662400
5.266,4,May 09 2023 22: +0,1683666000
4.891,1,May 09 2023 23: +0,1683669600
4.65,2,May 10 2023 00: +0,1683673200
4.907,1,May 10 2023 01: +0,1683676800
4.57,1,May 10 2023 02: +0,1683680400
4.588,3,May 10 2023 04: +0,1683687600
4.487,2,May 10 2023 05: +0,1683691200
4.606,2,May 10 2023 06: +0,1683694800
4.74,2,May 10 2023 08: +0,1683702000
4.403,1,May 10 2023 09: +0,1683705600
4.992,2,May 10 2023 10: +0,1683709200
5.085,8,May 10 2023 11: +0,1683712800
5.078,2,May 10 2023 12: +0,1683716400
4.602,4,May 10 2023 13: +0,1683720000
4.755,3,May 10 2023 14: +0,1683723600
4.995,2,May 10 2023 15: +0,1683727200
5.249,6,May 10 2023 16: +0,1683730800
5.163,2,May 10 2023 17: +0,1683734400
5.159,2,May 10 2023 18: +0,1683738000
5.149,6,May 10 2023 19: +0,1683741600
5.155,2,May 10 2023 20: +0,1683745200
5.397,5,May 10 2023 21: +0,1683748800
5.413,7,May 10 2023 22: +0,1683752400
5.449,2,May 10 2023 23: +0,1683756000
4.766,2,May 11 2023 00: +0,1683759600
5.232,1,May 11 2023 01: +0,1683763200
4.839,2,May 11 2023 02: +0,1683766800
5.434,1,May 11 2023 03: +0,1683770400
5.466,4,May 11 2023 04: +0,1683774000
5.449,1,May 11 2023 05: +0,1683777600
5.483,1,May 11 2023 06: +0,1683781200
4.949,2,May 11 2023 08: +0,1683788400
5.017,2,May 11 2023 09: +0,1683792000
5.682,4,May 11 2023 10: +0,1683795600
4.517,2,May 11 2023 11: +0,1683799200
5.277,3,May 11 2023 12: +0,1683802800
5.499,2,May 11 2023 13: +0,1683806400
5.642,3,May 11 2023 14: +0,1683810000
5.632,4,May 11 2023 15: +0,1683813600
5.593,4,May 11 2023 16: +0,1683817200
5.203,5,May 11 2023 17: +0,1683820800
5.488,4,May 11 2023 18: +0,1683824400
5.688,1,May 11 2023 19: +0,1683828000
4.811,5,May 11 2023 20: +0,1683831600
4.684,3,May 11 2023 21: +0,1683835200
5.204,6,May 11 2023 22: +0,1683838800
5.641,7,May 11 2023 23: +0,1683842400
5.65,2,May 12 2023 01: +0,1683849600
5.702,1,May 12 2023 03: +0,1683856800
5.692,2,May 12 2023 04: +0,1683860400
5.607,1,May 12 2023 05: +0,1683864000
4.774,1,May 12 2023 06: +0,1683867600
5.57,2,May 12 2023 07: +0,1683871200
5.403,1,May 12 2023 08: +0,1683874800
4.844,2,May 12 2023 10: +0,1683882000
5.349,2,May 12 2023 11: +0,1683885600
5.492,1,May 12 2023 12: +0,1683889200
5.237,5,May 12 2023 13: +0,1683892800
5.302,2,May 12 2023 14: +0,1683896400
5.095,2,May 12 2023 15: +0,1683900000
5.243,6,May 12 2023 16: +0,1683903600
5.291,5,May 12 2023 17: +0,1683907200
5.274,7,May 12 2023 18: +0,1683910800
5.331,3,May 12 2023 19: +0,1683914400
5.353,1,May 12 2023 20: +0,1683918000
5.406,5,May 12 2023 21: +0,1683921600
5.231,2,May 12 2023 22: +0,1683925200
5.226,3,May 12 2023 23: +0,1683928800
5.336,5,May 13 2023 01: +0,1683936000
5.475,1,May 13 2023 02: +0,1683939600
5.202,1,May 13 2023 03: +0,1683943200
5.537,1,May 13 2023 04: +0,1683946800
4.949,2,May 13 2023 05: +0,1683950400
4.745,1,May 13 2023 06: +0,1683954000
5.068,2,May 13 2023 07: +0,1683957600
5.579,1,May 13 2023 08: +0,1683961200
5.214,1,May 13 2023 09: +0,1683964800
4.962,2,May 13 2023 10: +0,1683968400
4.958,4,May 13 2023 11: +0,1683972000
5.523,1,May 13 2023 12: +0,1683975600
5.462,3,May 13 2023 13: +0,1683979200
5.459,5,May 13 2023 14: +0,1683982800
5.21,3,May 13 2023 15: +0,1683986400
5.439,7,May 13 2023 16: +0,1683990000
5.057,2,May 13 2023 17: +0,1683993600
5.119,7,May 13 2023 18: +0,1683997200
5.458,3,May 13 2023 19: +0,1684000800
5.43,6,May 13 2023 20: +0,1684004400
5.458,4,May 13 2023 21: +0,1684008000
4.426,5,May 13 2023 22: +0,1684011600
5.458,4,May 13 2023 23: +0,1684015200
5.475,3,May 14 2023 00: +0,1684018800
5.041,2,May 14 2023 01: +0,1684022400
5.471,4,May 14 2023 02: +0,1684026000
4.701,1,May 14 2023 03: +0,1684029600
4.882,2,May 14 2023 05: +0,1684036800
5.059,1,May 14 2023 07: +0,1684044000
4.602,35,May 14 2023 08: +0,1684047600
4.507,3,May 14 2023 09: +0,1684051200
4.414,2,May 14 2023 10: +0,1684054800
4.701,1,May 14 2023 11: +0,1684058400
4.577,6,May 14 2023 12: +0,1684062000
4.752,7,May 14 2023 13: +0,1684065600
4.893,6,May 14 2023 14: +0,1684069200
5.059,4,May 14 2023 15: +0,1684072800
5.286,5,May 14 2023 16: +0,1684076400
5.139,6,May 14 2023 17: +0,1684080000
5.148,10,May 14 2023 18: +0,1684083600
5.151,4,May 14 2023 19: +0,1684087200
4.997,4,May 14 2023 20: +0,1684090800
4.478,3,May 14 2023 21: +0,1684094400
5.126,1,May 14 2023 22: +0,1684098000
5.0,3,May 14 2023 23: +0,1684101600
4.895,2,May 15 2023 00: +0,1684105200
5.074,2,May 15 2023 02: +0,1684112400
4.861,5,May 15 2023 08: +0,1684134000
5.136,2,May 15 2023 09: +0,1684137600
4.375,4,May 15 2023 10: +0,1684141200
4.339,8,May 15 2023 11: +0,1684144800
4.257,5,May 15 2023 12: +0,1684148400
5.026,4,May 15 2023 13: +0,1684152000
4.957,3,May 15 2023 14: +0,1684155600
4.926,4,May 15 2023 15: +0,1684159200
4.793,8,May 15 2023 16: +0,1684162800
4.811,2,May 15 2023 17: +0,1684166400
4.966,5,May 15 2023 18: +0,1684170000
4.873,6,May 15 2023 19: +0,1684173600
5.008,7,May 15 2023 20: +0,1684177200
4.971,7,May 15 2023 21: +0,1684180800
5.029,5,May 15 2023 22: +0,1684184400
5.029,2,May 15 2023 23: +0,1684188000
5.028,3,May 16 2023 00: +0,1684191600
5.033,2,May 16 2023 01: +0,1684195200
5.034,1,May 16 2023 02: +0,1684198800
5.036,2,May 16 2023 03: +0,1684202400
4.614,4,May 16 2023 04: +0,1684206000
5.055,1,May 16 2023 05: +0,1684209600
4.753,2,May 16 2023 08: +0,1684220400
4.395,2,May 16 2023 09: +0,1684224000
4.756,1,May 16 2023 10: +0,1684227600
4.721,7,May 16 2023 11: +0,1684231200
4.7,5,May 16 2023 12: +0,1684234800
4.761,3,May 16 2023 13: +0,1684238400
4.504,4,May 16 2023 15: +0,1684245600
4.749,3,May 16 2023 16: +0,1684249200
4.698,3,May 16 2023 17: +0,1684252800
4.723,5,May 16 2023 18: +0,1684256400
4.727,6,May 16 2023 19: +0,1684260000
4.749,5,May 16 2023 20: +0,1684263600
4.702,10,May 16 2023 21: +0,1684267200
4.611,6,May 16 2023 22: +0,1684270800
4.483,2,May 16 2023 23: +0,1684274400
4.767,1,May 17 2023 00: +0,1684278000
4.364,2,May 17 2023 01: +0,1684281600
4.744,1,May 17 2023 02: +0,1684285200
4.213,2,May 17 2023 03: +0,1684288800
4.728,3,May 17 2023 05: +0,1684296000
4.744,1,May 17 2023 06: +0,1684299600
4.752,1,May 17 2023 07: +0,1684303200
4.578,1,May 17 2023 08: +0,1684306800
4.744,3,May 17 2023 10: +0,1684314000
4.753,4,May 17 2023 11: +0,1684317600
4.757,2,May 17 2023 12: +0,1684321200
4.636,2,May 17 2023 13: +0,1684324800
4.746,1,May 17 2023 14: +0,1684328400
4.736,6,May 17 2023 15: +0,1684332000
4.773,7,May 17 2023 16: +0,1684335600
4.773,6,May 17 2023 17: +0,1684339200
4.773,5,May 17 2023 18: +0,1684342800
4.778,4,May 17 2023 19: +0,1684346400
4.804,9,May 17 2023 20: +0,1684350000
4.977,4,May 17 2023 21: +0,1684353600
5.044,3,May 17 2023 22: +0,1684357200
5.044,3,May 17 2023 23: +0,1684360800
4.383,1,May 18 2023 00: +0,1684364400
4.664,5,May 18 2023 01: +0,1684368000
5.052,2,May 18 2023 02: +0,1684371600
5.041,1,May 18 2023 03: +0,1684375200
4.953,1,May 18 2023 04: +0,1684378800
4.889,2,May 18 2023 06: +0,1684386000
5.088,2,May 18 2023 07: +0,1684389600
5.132,3,May 18 2023 08: +0,1684393200
4.976,5,May 18 2023 11: +0,1684404000
5.113,4,May 18 2023 12: +0,1684407600
5.127,2,May 18 2023 13: +0,1684411200
4.578,4,May 18 2023 14: +0,1684414800
4.81,3,May 18 2023 15: +0,1684418400
4.808,4,May 18 2023 16: +0,1684422000
4.907,5,May 18 2023 17: +0,1684425600
5.034,4,May 18 2023 18: +0,1684429200
4.833,5,May 18 2023 19: +0,1684432800
4.885,5,May 18 2023 20: +0,1684436400
4.992,3,May 18 2023 21: +0,1684440000
5.118,5,May 18 2023 22: +0,1684443600
4.948,1,May 19 2023 00: +0,1684450800
4.652,2,May 19 2023 01: +0,1684454400
5.07,3,May 19 2023 02: +0,1684458000
5.065,1,May 19 2023 03: +0,1684461600
4.514,1,May 19 2023 04: +0,1684465200
5.09,1,May 19 2023 05: +0,1684468800
5.083,2,May 19 2023 06: +0,1684472400
5.073,1,May 19 2023 09: +0,1684483200
4.911,6,May 19 2023 11: +0,1684490400
4.722,4,May 19 2023 13: +0,1684497600
4.957,7,May 19 2023 14: +0,1684501200
4.962,1,May 19 2023 15: +0,1684504800
4.501,6,May 19 2023 16: +0,1684508400
4.601,5,May 19 2023 17: +0,1684512000
4.934,4,May 19 2023 18: +0,1684515600
4.976,4,May 19 2023 19: +0,1684519200
5.07,7,May 19 2023 20: +0,1684522800
4.71,4,May 19 2023 21: +0,1684526400
4.506,3,May 19 2023 22: +0,1684530000
4.494,4,May 19 2023 23: +0,1684533600
4.806,5,May 20 2023 00: +0,1684537200
5.065,1,May 20 2023 01: +0,1684540800
5.071,2,May 20 2023 02: +0,1684544400
5.071,2,May 20 2023 03: +0,1684548000
5.052,5,May 20 2023 04: +0,1684551600
5.012,2,May 20 2023 05: +0,1684555200
5.076,3,May 20 2023 06: +0,1684558800
4.868,2,May 20 2023 07: +0,1684562400
5.005,3,May 20 2023 08: +0,1684566000
5.017,3,May 20 2023 09: +0,1684569600
5.017,3,May 20 2023 10: +0,1684573200
4.993,6,May 20 2023 11: +0,1684576800
4.619,4,May 20 2023 12: +0,1684580400
4.832,5,May 20 2023 13: +0,1684584000
4.921,2,May 20 2023 14: +0,1684587600
5.119,8,May 20 2023 15: +0,1684591200
5.117,4,May 20 2023 16: +0,1684594800
5.111,4,May 20 2023 17: +0,1684598400
5.075,3,May 20 2023 18: +0,1684602000
5.127,5,May 20 2023 19: +0,1684605600
4.26,8,May 20 2023 20: +0,1684609200
4.109,5,May 20 2023 22: +0,1684616400
4.197,5,May 20 2023 23: +0,1684620000
4.458,4,May 21 2023 00: +0,1684623600
3.819,1,May 21 2023 01: +0,1684627200
4.18,1,May 21 2023 02: +0,1684630800
4.325,4,May 21 2023 03: +0,1684634400
4.221,3,May 21 2023 04: +0,1684638000
4.569,4,May 21 2023 05: +0,1684641600
4.221,3,May 21 2023 07: +0,1684648800
4.54,2,May 21 2023 08: +0,1684652400
4.864,3,May 21 2023 09: +0,1684656000
4.499,3,May 21 2023 10: +0,1684659600
4.805,3,May 21 2023 11: +0,1684663200
4.427,6,May 21 2023 12: +0,1684666800
4.804,7,May 21 2023 13: +0,1684670400
4.169,2,May 21 2023 14: +0,1684674000
4.607,5,May 21 2023 15: +0,1684677600
4.789,4,May 21 2023 16: +0,1684681200
4.908,5,May 21 2023 17: +0,1684684800
4.934,3,May 21 2023 18: +0,1684688400
4.986,5,May 21 2023 19: +0,1684692000
4.827,3,May 21 2023 21: +0,1684699200
4.258,3,May 21 2023 22: +0,1684702800
4.336,3,May 21 2023 23: +0,1684706400
4.956,1,May 22 2023 00: +0,1684710000
4.49,2,May 22 2023 01: +0,1684713600
4.179,1,May 22 2023 02: +0,1684717200
4.011,1,May 22 2023 04: +0,1684724400
4.777,5,May 22 2023 05: +0,1684728000
4.941,2,May 22 2023 07: +0,1684735200
4.948,2,May 22 2023 08: +0,1684738800
4.956,1,May 22 2023 09: +0,1684742400
5.062,2,May 22 2023 10: +0,1684746000
4.635,4,May 22 2023 11: +0,1684749600
4.467,2,May 22 2023 12: +0,1684753200
4.708,4,May 22 2023 13: +0,1684756800
4.988,5,May 22 2023 14: +0,1684760400
4.342,2,May 22 2023 15: +0,1684764000
4.973,6,May 22 2023 16: +0,1684767600
5.095,6,May 22 2023 17: +0,1684771200
4.561,4,May 22 2023 18: +0,1684774800
4.709,8,May 22 2023 19: +0,1684778400
5.0,3,May 22 2023 20: +0,1684782000
4.809,2,May 22 2023 21: +0,1684785600
4.93,6,May 22 2023 23: +0,1684792800
4.829,2,May 23 2023 00: +0,1684796400
4.344,1,May 23 2023 01: +0,1684800000
5.121,3,May 23 2023 03: +0,1684807200
5.114,1,May 23 2023 04: +0,1684810800
5.12,1,May 23 2023 05: +0,1684814400
4.32,2,May 23 2023 06: +0,1684818000
5.08,5,May 23 2023 07: +0,1684821600
5.371,2,May 23 2023 08: +0,1684825200
5.016,5,May 23 2023 09: +0,1684828800
4.579,4,May 23 2023 10: +0,1684832400
5.016,1,May 23 2023 11: +0,1684836000
5.102,2,May 23 2023 12: +0,1684839600
5.104,5,May 23 2023 13: +0,1684843200
4.411,3,May 23 2023 14: +0,1684846800
4.966,3,May 23 2023 15: +0,1684850400
4.272,4,May 23 2023 16: +0,1684854000
4.346,5,May 23 2023 17: +0,1684857600
4.887,6,May 23 2023 18: +0,1684861200
4.315,4,May 23 2023 19: +0,1684864800
4.727,6,May 23 2023 20: +0,1684868400
4.824,4,May 23 2023 21: +0,1684872000
4.874,1,May 23 2023 22: +0,1684875600
4.952,3,May 23 2023 23: +0,1684879200
4.996,1,May 24 2023 00: +0,1684882800
5.109,1,May 24 2023 01: +0,1684886400
5.109,1,May 24 2023 02: +0,1684890000
4.749,1,May 24 2023 08: +0,1684911600
4.497,1,May 24 2023 09: +0,1684915200
4.654,3,May 24 2023 10: +0,1684918800
4.815,1,May 24 2023 11: +0,1684922400
4.705,2,May 24 2023 12: +0,1684926000
4.438,4,May 24 2023 13: +0,1684929600
4.832,1,May 24 2023 14: +0,1684933200
4.779,2,May 24 2023 15: +0,1684936800
4.771,7,May 24 2023 16: +0,1684940400
4.647,4,May 24 2023 17: +0,1684944000
4.632,4,May 24 2023 18: +0,1684947600
4.849,9,May 24 2023 19: +0,1684951200
4.84,5,May 24 2023 20: +0,1684954800
4.747,2,May 24 2023 21: +0,1684958400
4.405,3,May 24 2023 22: +0,1684962000
4.71,5,May 24 2023 23: +0,1684965600
4.405,3,May 25 2023 00: +0,1684969200
4.685,1,May 25 2023 01: +0,1684972800
4.632,1,May 25 2023 03: +0,1684980000
4.476,1,May 25 2023 06: +0,1684990800
4.656,2,May 25 2023 07: +0,1684994400
4.605,2,May 25 2023 08: +0,1684998000
4.41,5,May 25 2023 09: +0,1685001600
4.525,6,May 25 2023 10: +0,1685005200
4.92,5,May 25 2023 11: +0,1685008800
4.632,3,May 25 2023 13: +0,1685016000
4.376,1,May 25 2023 14: +0,1685019600
4.405,3,May 25 2023 15: +0,1685023200
4.759,4,May 25 2023 16: +0,1685026800
4.532,8,May 25 2023 17: +0,1685030400
5.003,10,May 25 2023 18: +0,1685034000
4.902,4,May 25 2023 19: +0,1685037600
4.825,6,May 25 2023 20: +0,1685041200
5.102,7,May 25 2023 21: +0,1685044800
4.544,3,May 25 2023 22: +0,1685048400
4.875,2,May 25 2023 23: +0,1685052000
4.632,1,May 26 2023 00: +0,1685055600
4.733,3,May 26 2023 01: +0,1685059200
5.073,2,May 26 2023 02: +0,1685062800
5.103,2,May 26 2023 04: +0,1685070000
4.553,1,May 26 2023 06: +0,1685077200
4.988,1,May 26 2023 07: +0,1685080800
5.035,2,May 26 2023 08: +0,1685084400
5.068,3,May 26 2023 09: +0,1685088000
4.6,1,May 26 2023 10: +0,1685091600
4.813,2,May 26 2023 11: +0,1685095200
5.102,4,May 26 2023 12: +0,1685098800
4.547,5,May 26 2023 13: +0,1685102400
4.549,6,May 26 2023 14: +0,1685106000
4.78,1,May 26 2023 15: +0,1685109600
5.039,4,May 26 2023 16: +0,1685113200
5.127,7,May 26 2023 17: +0,1685116800
4.816,1,May 26 2023 18: +0,1685120400
5.047,7,May 26 2023 19: +0,1685124000
5.025,2,May 26 2023 20: +0,1685127600
5.092,8,May 26 2023 21: +0,1685131200
5.302,4,May 26 2023 22: +0,1685134800
5.19,7,May 26 2023 23: +0,1685138400
5.387,1,May 27 2023 03: +0,1685152800
5.042,3,May 27 2023 05: +0,1685160000
4.908,2,May 27 2023 06: +0,1685163600
4.926,2,May 27 2023 07: +0,1685167200
5.38,1,May 27 2023 09: +0,1685174400
4.913,1,May 27 2023 10: +0,1685178000
5.243,1,May 27 2023 11: +0,1685181600
5.251,4,May 27 2023 12: +0,1685185200
4.722,2,May 27 2023 13: +0,1685188800
5.208,5,May 27 2023 14: +0,1685192400
5.251,5,May 27 2023 15: +0,1685196000
5.028,6,May 27 2023 16: +0,1685199600
5.142,4,May 27 2023 17: +0,1685203200
5.242,5,May 27 2023 18: +0,1685206800
5.329,6,May 27 2023 19: +0,1685210400
5.465,4,May 27 2023 20: +0,1685214000
5.516,2,May 27 2023 21: +0,1685217600
4.743,2,May 27 2023 22: +0,1685221200
5.043,3,May 27 2023 23: +0,1685224800
4.587,1,May 28 2023 00: +0,1685228400
5.234,2,May 28 2023 01: +0,1685232000
4.6,1,May 28 2023 02: +0,1685235600
5.576,1,May 28 2023 04: +0,1685242800
5.347,2,May 28 2023 05: +0,1685246400
4.532,1,May 28 2023 07: +0,1685253600
5.334,2,May 28 2023 09: +0,1685260800
5.46,5,May 28 2023 10: +0,1685264400
5.335,5,May 28 2023 13: +0,1685275200
5.138,3,May 28 2023 14: +0,1685278800
5.164,4,May 28 2023 15: +0,1685282400
4.965,2,May 28 2023 16: +0,1685286000
5.387,4,May 28 2023 17: +0,1685289600
5.349,4,May 28 2023 18: +0,1685293200
5.338,5,May 28 2023 19: +0,1685296800
5.197,4,May 28 2023 20: +0,1685300400
5.55,1,May 28 2023 21: +0,1685304000
4.765,4,May 28 2023 22: +0,1685307600
4.941,2,May 28 2023 23: +0,1685311200
4.883,2,May 29 2023 00: +0,1685314800
5.16,3,May 29 2023 01: +0,1685318400
5.551,4,May 29 2023 02: +0,1685322000
5.575,2,May 29 2023 04: +0,1685329200
4.991,3,May 29 2023 06: +0,1685336400
5.649,1,May 29 2023 07: +0,1685340000
5.662,2,May 29 2023 08: +0,1685343600
5.995,2,May 29 2023 09: +0,1685347200
5.664,1,May 29 2023 11: +0,1685354400
5.59,1,May 29 2023 12: +0,1685358000
5.475,4,May 29 2023 14: +0,1685365200
5.468,3,May 29 2023 15: +0,1685368800
5.286,3,May 29 2023 16: +0,1685372400
5.423,6,May 29 2023 17: +0,1685376000
5.529,1,May 29 2023 18: +0,1685379600
5.604,4,May 29 2023 19: +0,1685383200
5.642,1,May 29 2023 20: +0,1685386800
5.555,3,May 29 2023 21: +0,1685390400
4.791,1,May 29 2023 22: +0,1685394000
5.342,2,May 29 2023 23: +0,1685397600
5.425,3,May 30 2023 00: +0,1685401200
5.193,2,May 30 2023 01: +0,1685404800
5.145,2,May 30 2023 05: +0,1685419200
4.775,1,May 30 2023 06: +0,1685422800
5.144,1,May 30 2023 07: +0,1685426400
5.38,3,May 30 2023 08: +0,1685430000
4.585,4,May 30 2023 09: +0,1685433600
5.037,4,May 30 2023 10: +0,1685437200
5.04,5,May 30 2023 12: +0,1685444400
4.866,4,May 30 2023 13: +0,1685448000
4.907,4,May 30 2023 14: +0,1685451600
5.034,7,May 30 2023 15: +0,1685455200
5.344,4,May 30 2023 16: +0,1685458800
5.344,4,May 30 2023 17: +0,1685462400
5.338,5,May 30 2023 18: +0,1685466000
5.42,5,May 30 2023 19: +0,1685469600
5.411,2,May 30 2023 21: +0,1685476800
5.276,4,May 30 2023 22: +0,1685480400
5.413,3,May 30 2023 23: +0,1685484000
5.391,1,May 31 2023 00: +0,1685487600
4.927,2,May 31 2023 01: +0,1685491200
4.973,2,May 31 2023 03: +0,1685498400
5.049,1,May 31 2023 04: +0,1685502000
4.77,2,May 31 2023 05: +0,1685505600
4.997,1,May 31 2023 06: +0,1685509200
5.35,2,May 31 2023 07: +0,1685512800
5.406,1,May 31 2023 10: +0,1685523600
5.536,1,May 31 2023 11: +0,1685527200
5.566,2,May 31 2023 12: +0,1685530800
5.395,3,May 31 2023 13: +0,1685534400
4.904,2,May 31 2023 14: +0,1685538000
5.32,4,May 31 2023 15: +0,1685541600
5.406,6,May 31 2023 16: +0,1685545200
5.417,3,May 31 2023 17: +0,1685548800
5.292,3,May 31 2023 18: +0,1685552400
5.462,2,May 31 2023 19: +0,1685556000
5.318,4,May 31 2023 20: +0,1685559600
4.638,2,May 31 2023 21: +0,1685563200
4.709,7,May 31 2023 22: +0,1685566800
4.947,4,May 31 2023 23: +0,1685570400
5.271,3,Jun 01 2023 01: +0,1685577600
5.341,1,Jun 01 2023 02: +0,1685581200
4.399,2,Jun 01 2023 04: +0,1685588400
4.289,1,Jun 01 2023 05: +0,1685592000
4.668,2,Jun 01 2023 06: +0,1685595600
5.332,1,Jun 01 2023 07: +0,1685599200
5.397,1,Jun 01 2023 08: +0,1685602800
5.023,2,Jun 01 2023 09: +0,1685606400
4.838,2,Jun 01 2023 10: +0,1685610000
5.317,4,Jun 01 2023 11: +0,1685613600
5.341,6,Jun 01 2023 12: +0,1685617200
5.364,1,Jun 01 2023 13: +0,1685620800
5.324,2,Jun 01 2023 14: +0,1685624400
5.056,2,Jun 01 2023 15: +0,1685628000
5.381,4,Jun 01 2023 16: +0,1685631600
5.089,4,Jun 01 2023 17: +0,1685635200
5.381,3,Jun 01 2023 18: +0,1685638800
5.383,5,Jun 01 2023 19: +0,1685642400
4.549,4,Jun 01 2023 20: +0,1685646000
5.387,2,Jun 01 2023 21: +0,1685649600
5.585,4,Jun 01 2023 22: +0,1685653200
4.706,3,Jun 01 2023 23: +0,1685656800
5.188,2,Jun 02 2023 00: +0,1685660400
4.724,2,Jun 02 2023 01: +0,1685664000
5.611,1,Jun 02 2023 02: +0,1685667600
5.558,2,Jun 02 2023 03: +0,1685671200
5.614,1,Jun 02 2023 04: +0,1685674800
5.153,2,Jun 02 2023 05: +0,1685678400
5.606,3,Jun 02 2023 06: +0,1685682000
5.474,1,Jun 02 2023 09: +0,1685692800
5.325,3,Jun 02 2023 10: +0,1685696400
4.71,1,Jun 02 2023 11: +0,1685700000
5.304,2,Jun 02 2023 12: +0,1685703600
4.863,4,Jun 02 2023 13: +0,1685707200
5.002,4,Jun 02 2023 14: +0,1685710800
5.367,2,Jun 02 2023 15: +0,1685714400
5.465,3,Jun 02 2023 16: +0,1685718000
5.268,7,Jun 02 2023 17: +0,1685721600
5.054,2,Jun 02 2023 18: +0,1685725200
4.953,5,Jun 02 2023 19: +0,1685728800
4.79,8,Jun 02 2023 20: +0,1685732400
5.347,7,Jun 02 2023 21: +0,1685736000
4.717,3,Jun 02 2023 22: +0,1685739600
4.719,6,Jun 02 2023 23: +0,1685743200
5.032,7,Jun 03 2023 00: +0,1685746800
5.156,1,Jun 03 2023 01: +0,1685750400
4.866,3,Jun 03 2023 03: +0,1685757600
4.728,1,Jun 03 2023 04: +0,1685761200
4.72,1,Jun 03 2023 05: +0,1685764800
4.464,1,Jun 03 2023 06: +0,1685768400
5.274,1,Jun 03 2023 07: +0,1685772000
5.337,3,Jun 03 2023 08: +0,1685775600
5.294,1,Jun 03 2023 09: +0,1685779200
5.33,3,Jun 03 2023 10: +0,1685782800
4.888,3,Jun 03 2023 11: +0,1685786400
4.496,1,Jun 03 2023 12: +0,1685790000
4.48,1,Jun 03 2023 13: +0,1685793600
5.397,3,Jun 03 2023 14: +0,1685797200
4.96,1,Jun 03 2023 15: +0,1685800800
5.351,8,Jun 03 2023 16: +0,1685804400
4.746,4,Jun 03 2023 17: +0,1685808000
5.379,6,Jun 03 2023 18: +0,1685811600
5.356,6,Jun 03 2023 19: +0,1685815200
4.964,6,Jun 03 2023 20: +0,1685818800
4.976,7,Jun 03 2023 21: +0,1685822400
4.726,3,Jun 03 2023 22: +0,1685826000
5.295,2,Jun 03 2023 23: +0,1685829600
5.475,1,Jun 04 2023 00: +0,1685833200
5.016,2,Jun 04 2023 01: +0,1685836800
5.42,4,Jun 04 2023 02: +0,1685840400
5.384,1,Jun 04 2023 06: +0,1685854800
5.223,4,Jun 04 2023 07: +0,1685858400
5.168,1,Jun 04 2023 08: +0,1685862000
5.435,4,Jun 04 2023 09: +0,1685865600
5.433,2,Jun 04 2023 10: +0,1685869200
5.295,1,Jun 04 2023 11: +0,1685872800
4.876,2,Jun 04 2023 12: +0,1685876400
5.402,4,Jun 04 2023 13: +0,1685880000
4.696,6,Jun 04 2023 14: +0,1685883600
5.283,3,Jun 04 2023 15: +0,1685887200
5.336,3,Jun 04 2023 16: +0,1685890800
5.298,6,Jun 04 2023 17: +0,1685894400
5.445,2,Jun 04 2023 18: +0,1685898000
5.234,2,Jun 04 2023 19: +0,1685901600
4.695,6,Jun 04 2023 20: +0,1685905200
5.209,3,Jun 04 2023 21: +0,1685908800
5.089,3,Jun 04 2023 22: +0,1685912400
5.2,6,Jun 04 2023 23: +0,1685916000
5.336,3,Jun 05 2023 00: +0,1685919600
5.333,1,Jun 05 2023 01: +0,1685923200
5.4,1,Jun 05 2023 04: +0,1685934000
5.4,3,Jun 05 2023 06: +0,1685941200
5.432,1,Jun 05 2023 07: +0,1685944800
5.44,1,Jun 05 2023 08: +0,1685948400
5.439,1,Jun 05 2023 09: +0,1685952000
5.183,3,Jun 05 2023 10: +0,1685955600
5.073,4,Jun 05 2023 11: +0,1685959200
5.312,1,Jun 05 2023 12: +0,1685962800
5.314,2,Jun 05 2023 13: +0,1685966400
5.441,3,Jun 05 2023 14: +0,1685970000
5.441,1,Jun 05 2023 15: +0,1685973600
5.45,3,Jun 05 2023 16: +0,1685977200
5.272,4,Jun 05 2023 17: +0,1685980800
5.361,8,Jun 05 2023 18: +0,1685984400
5.53,5,Jun 05 2023 19: +0,1685988000
4.76,5,Jun 05 2023 20: +0,1685991600
5.207,3,Jun 05 2023 21: +0,1685995200
5.05,2,Jun 05 2023 22: +0,1685998800
4.904,4,Jun 05 2023 23: +0,1686002400
4.76,2,Jun 06 2023 00: +0,1686006000
5.496,3,Jun 06 2023 01: +0,1686009600
5.491,1,Jun 06 2023 02: +0,1686013200
5.546,2,Jun 06 2023 03: +0,1686016800
5.574,2,Jun 06 2023 04: +0,1686020400
5.106,2,Jun 06 2023 06: +0,1686027600
5.21,2,Jun 06 2023 07: +0,1686031200
5.135,4,Jun 06 2023 09: +0,1686038400
4.254,1,Jun 06 2023 10: +0,1686042000
5.064,1,Jun 06 2023 11: +0,1686045600
4.931,4,Jun 06 2023 12: +0,1686049200
5.266,3,Jun 06 2023 13: +0,1686052800
5.277,2,Jun 06 2023 14: +0,1686056400
5.085,4,Jun 06 2023 15: +0,1686060000
5.446,5,Jun 06 2023 16: +0,1686063600
4.888,5,Jun 06 2023 17: +0,1686067200
5.11,3,Jun 06 2023 18: +0,1686070800
5.097,4,Jun 06 2023 19: +0,1686074400
5.247,3,Jun 06 2023 20: +0,1686078000
5.296,1,Jun 06 2023 21: +0,1686081600
5.109,4,Jun 06 2023 22: +0,1686085200
5.382,1,Jun 06 2023 23: +0,1686088800
5.378,3,Jun 07 2023 00: +0,1686092400
5.559,7,Jun 07 2023 01: +0,1686096000
6.103,1,Jun 07 2023 02: +0,1686099600
5.132,2,Jun 07 2023 03: +0,1686103200
5.573,1,Jun 07 2023 07: +0,1686117600
5.614,2,Jun 07 2023 08: +0,1686121200
5.241,3,Jun 07 2023 10: +0,1686128400
5.19,4,Jun 07 2023 11: +0,1686132000
4.537,3,Jun 07 2023 12: +0,1686135600
5.379,3,Jun 07 2023 13: +0,1686139200
5.378,1,Jun 07 2023 14: +0,1686142800
5.213,5,Jun 07 2023 15: +0,1686146400
5.395,1,Jun 07 2023 16: +0,1686150000
5.433,6,Jun 07 2023 17: +0,1686153600
5.122,3,Jun 07 2023 18: +0,1686157200
5.128,8,Jun 07 2023 19: +0,1686160800
5.566,3,Jun 07 2023 20: +0,1686164400
5.322,6,Jun 07 2023 21: +0,1686168000
5.155,4,Jun 07 2023 22: +0,1686171600
3.942,1,Jun 07 2023 23: +0,1686175200
5.249,2,Jun 08 2023 00: +0,1686178800
5.597,3,Jun 08 2023 01: +0,1686182400
5.6,3,Jun 08 2023 02: +0,1686186000
5.096,2,Jun 08 2023 04: +0,1686193200
4.944,1,Jun 08 2023 05: +0,1686196800
5.539,1,Jun 08 2023 06: +0,1686200400
5.181,1,Jun 08 2023 07: +0,1686204000
4.622,3,Jun 08 2023 09: +0,1686211200
5.489,3,Jun 08 2023 10: +0,1686214800
5.513,2,Jun 08 2023 11: +0,1686218400
4.987,1,Jun 08 2023 12: +0,1686222000
4.987,1,Jun 08 2023 13: +0,1686225600
5.393,7,Jun 08 2023 14: +0,1686229200
5.588,3,Jun 08 2023 15: +0,1686232800
5.597,5,Jun 08 2023 16: +0,1686236400
5.617,4,Jun 08 2023 17: +0,1686240000
5.423,4,Jun 08 2023 18: +0,1686243600
5.406,4,Jun 08 2023 19: +0,1686247200
5.569,4,Jun 08 2023 20: +0,1686250800
5.642,1,Jun 08 2023 21: +0,1686254400
5.626,5,Jun 08 2023 22: +0,1686258000
5.68,1,Jun 08 2023 23: +0,1686261600
5.446,2,Jun 09 2023 00: +0,1686265200
5.745,2,Jun 09 2023 01: +0,1686268800
5.752,1,Jun 09 2023 03: +0,1686276000
5.05,1,Jun 09 2023 07: +0,1686290400
5.177,2,Jun 09 2023 08: +0,1686294000
5.187,2,Jun 09 2023 09: +0,1686297600
5.115,2,Jun 09 2023 10: +0,1686301200
5.65,1,Jun 09 2023 11: +0,1686304800
5.7,3,Jun 09 2023 12: +0,1686308400
5.478,2,Jun 09 2023 13: +0,1686312000
5.704,2,Jun 09 2023 14: +0,1686315600
5.719,2,Jun 09 2023 15: +0,1686319200
5.693,3,Jun 09 2023 16: +0,1686322800
5.722,7,Jun 09 2023 17: +0,1686326400
5.745,4,Jun 09 2023 18: +0,1686330000
5.562,3,Jun 09 2023 19: +0,1686333600
5.562,3,Jun 09 2023 20: +0,1686337200
5.409,4,Jun 09 2023 21: +0,1686340800
5.268,2,Jun 09 2023 22: +0,1686344400
5.257,6,Jun 09 2023 23: +0,1686348000
5.902,1,Jun 10 2023 00: +0,1686351600
5.838,3,Jun 10 2023 03: +0,1686362400
5.095,1,Jun 10 2023 04: +0,1686366000
5.405,4,Jun 10 2023 05: +0,1686369600
4.865,3,Jun 10 2023 08: +0,1686380400
5.509,3,Jun 10 2023 09: +0,1686384000
5.064,4,Jun 10 2023 10: +0,1686387600
4.897,2,Jun 10 2023 11: +0,1686391200
5.261,4,Jun 10 2023 12: +0,1686394800
5.36,3,Jun 10 2023 13: +0,1686398400
5.458,5,Jun 10 2023 14: +0,1686402000
5.346,2,Jun 10 2023 15: +0,1686405600
5.55,2,Jun 10 2023 16: +0,1686409200
5.759,3,Jun 10 2023 17: +0,1686412800
4.969,3,Jun 10 2023 18: +0,1686416400
5.142,4,Jun 10 2023 19: +0,1686420000
5.043,3,Jun 10 2023 20: +0,1686423600
5.753,4,Jun 10 2023 21: +0,1686427200
4.992,3,Jun 10 2023 22: +0,1686430800
5.184,5,Jun 10 2023 23: +0,1686434400
5.813,3,Jun 11 2023 00: +0,1686438000
5.086,1,Jun 11 2023 01: +0,1686441600
4.881,1,Jun 11 2023 02: +0,1686445200
5.524,3,Jun 11 2023 03: +0,1686448800
5.134,1,Jun 11 2023 05: +0,1686456000
5.782,3,Jun 11 2023 07: +0,1686463200
5.696,1,Jun 11 2023 08: +0,1686466800
5.304,2,Jun 11 2023 09: +0,1686470400
5.48,6,Jun 11 2023 10: +0,1686474000
5.065,3,Jun 11 2023 11: +0,1686477600
4.964,4,Jun 11 2023 12: +0,1686481200
5.057,4,Jun 11 2023 13: +0,1686484800
5.092,4,Jun 11 2023 14: +0,1686488400
5.13,4,Jun 11 2023 15: +0,1686492000
5.066,3,Jun 11 2023 16: +0,1686495600
5.18,4,Jun 11 2023 17: +0,1686499200
5.446,3,Jun 11 2023 18: +0,1686502800
5.575,1,Jun 11 2023 19: +0,1686506400
5.391,2,Jun 11 2023 20: +0,1686510000
5.603,2,Jun 11 2023 21: +0,1686513600
5.466,3,Jun 11 2023 22: +0,1686517200
5.447,3,Jun 11 2023 23: +0,1686520800
5.622,3,Jun 12 2023 00: +0,1686524400
5.668,7,Jun 12 2023 01: +0,1686528000
5.301,4,Jun 12 2023 02: +0,1686531600
5.126,2,Jun 12 2023 03: +0,1686535200
5.335,1,Jun 12 2023 04: +0,1686538800
5.466,1,Jun 12 2023 05: +0,1686542400
5.426,3,Jun 12 2023 06: +0,1686546000
5.782,1,Jun 12 2023 07: +0,1686549600
4.817,1,Jun 12 2023 09: +0,1686556800
5.072,2,Jun 12 2023 10: +0,1686560400
4.801,1,Jun 12 2023 11: +0,1686564000
5.394,2,Jun 12 2023 12: +0,1686567600
4.899,5,Jun 12 2023 13: +0,1686571200
5.569,5,Jun 12 2023 14: +0,1686574800
5.217,4,Jun 12 2023 15: +0,1686578400
5.265,3,Jun 12 2023 16: +0,1686582000
5.44,4,Jun 12 2023 17: +0,1686585600
5.387,4,Jun 12 2023 18: +0,1686589200
5.175,5,Jun 12 2023 19: +0,1686592800
5.413,5,Jun 12 2023 20: +0,1686596400
5.266,7,Jun 12 2023 21: +0,1686600000
5.442,2,Jun 12 2023 22: +0,1686603600
5.003,2,Jun 12 2023 23: +0,1686607200
5.135,5,Jun 13 2023 00: +0,1686610800
5.087,6,Jun 13 2023 01: +0,1686614400
5.387,1,Jun 13 2023 02: +0,1686618000
5.441,1,Jun 13 2023 03: +0,1686621600
5.387,1,Jun 13 2023 05: +0,1686628800
5.42,2,Jun 13 2023 06: +0,1686632400
5.091,1,Jun 13 2023 07: +0,1686636000
5.324,1,Jun 13 2023 08: +0,1686639600
5.328,2,Jun 13 2023 09: +0,1686643200
5.395,1,Jun 13 2023 10: +0,1686646800
5.395,5,Jun 13 2023 11: +0,1686650400
5.396,3,Jun 13 2023 12: +0,1686654000
5.436,1,Jun 13 2023 13: +0,1686657600
5.096,4,Jun 13 2023 14: +0,1686661200
5.436,1,Jun 13 2023 15: +0,1686664800
4.779,1,Jun 13 2023 16: +0,1686668400
4.953,5,Jun 13 2023 17: +0,1686672000
5.262,8,Jun 13 2023 18: +0,1686675600
5.461,3,Jun 13 2023 19: +0,1686679200
5.024,3,Jun 13 2023 20: +0,1686682800
5.006,5,Jun 13 2023 21: +0,1686686400
4.793,4,Jun 13 2023 22: +0,1686690000
5.261,3,Jun 13 2023 23: +0,1686693600
5.297,3,Jun 14 2023 00: +0,1686697200
5.371,1,Jun 14 2023 01: +0,1686700800
5.4,4,Jun 14 2023 02: +0,1686704400
5.387,1,Jun 14 2023 03: +0,1686708000
4.583,1,Jun 14 2023 04: +0,1686711600
5.371,3,Jun 14 2023 07: +0,1686722400
5.4,1,Jun 14 2023 08: +0,1686726000
4.733,1,Jun 14 2023 09: +0,1686729600
5.471,1,Jun 14 2023 10: +0,1686733200
5.401,3,Jun 14 2023 11: +0,1686736800
5.453,2,Jun 14 2023 12: +0,1686740400
5.436,4,Jun 14 2023 13: +0,1686744000
5.437,7,Jun 14 2023 14: +0,1686747600
4.994,2,Jun 14 2023 16: +0,1686754800
5.532,5,Jun 14 2023 17: +0,1686758400
5.252,3,Jun 14 2023 18: +0,1686762000
5.213,6,Jun 14 2023 19: +0,1686765600
5.422,2,Jun 14 2023 20: +0,1686769200
5.549,6,Jun 14 2023 21: +0,1686772800
5.573,4,Jun 14 2023 22: +0,1686776400
4.983,3,Jun 15 2023 00: +0,1686783600
5.568,2,Jun 15 2023 01: +0,1686787200
5.524,3,Jun 15 2023 02: +0,1686790800
5.213,2,Jun 15 2023 03: +0,1686794400
4.689,2,Jun 15 2023 04: +0,1686798000
5.508,2,Jun 15 2023 05: +0,1686801600
5.285,1,Jun 15 2023 06: +0,1686805200
4.662,1,Jun 15 2023 07: +0,1686808800
4.791,1,Jun 15 2023 09: +0,1686816000
5.306,3,Jun 15 2023 11: +0,1686823200
5.053,3,Jun 15 2023 12: +0,1686826800
5.308,1,Jun 15 2023 13: +0,1686830400
5.017,4,Jun 15 2023 14: +0,1686834000
4.995,4,Jun 15 2023 16: +0,1686841200
5.074,4,Jun 15 2023 17: +0,1686844800
5.291,4,Jun 15 2023 18: +0,1686848400
5.416,6,Jun 15 2023 19: +0,1686852000
5.471,7,Jun 15 2023 20: +0,1686855600
5.244,3,Jun 15 2023 21: +0,1686859200
5.558,3,Jun 15 2023 22: +0,1686862800
5.533,1,Jun 16 2023 01: +0,1686873600
5.553,3,Jun 16 2023 02: +0,1686877200
5.551,1,Jun 16 2023 04: +0,1686884400
5.277,2,Jun 16 2023 06: +0,1686891600
5.231,2,Jun 16 2023 07: +0,1686895200
4.947,1,Jun 16 2023 09: +0,1686902400
5.144,4,Jun 16 2023 10: +0,1686906000
5.252,2,Jun 16 2023 11: +0,1686909600
5.094,1,Jun 16 2023 12: +0,1686913200
5.236,3,Jun 16 2023 13: +0,1686916800
5.159,6,Jun 16 2023 14: +0,1686920400
5.053,4,Jun 16 2023 15: +0,1686924000
5.111,3,Jun 16 2023 16: +0,1686927600
5.325,3,Jun 16 2023 17: +0,1686931200
5.538,3,Jun 16 2023 18: +0,1686934800
5.507,1,Jun 16 2023 19: +0,1686938400
5.294,5,Jun 16 2023 20: +0,1686942000
4.943,2,Jun 16 2023 21: +0,1686945600
5.378,3,Jun 16 2023 22: +0,1686949200
5.091,4,Jun 16 2023 23: +0,1686952800
5.475,2,Jun 17 2023 01: +0,1686960000
4.711,1,Jun 17 2023 02: +0,1686963600
5.32,1,Jun 17 2023 03: +0,1686967200
5.453,2,Jun 17 2023 04: +0,1686970800
5.523,1,Jun 17 2023 05: +0,1686974400
5.508,1,Jun 17 2023 06: +0,1686978000
5.507,3,Jun 17 2023 08: +0,1686985200
5.408,4,Jun 17 2023 10: +0,1686992400
5.468,1,Jun 17 2023 11: +0,1686996000
4.719,1,Jun 17 2023 12: +0,1686999600
5.389,1,Jun 17 2023 13: +0,1687003200
4.941,4,Jun 17 2023 14: +0,1687006800
4.866,4,Jun 17 2023 15: +0,1687010400
4.977,6,Jun 17 2023 16: +0,1687014000
4.767,1,Jun 17 2023 17: +0,1687017600
4.941,5,Jun 17 2023 18: +0,1687021200
4.871,4,Jun 17 2023 19: +0,1687024800
5.506,4,Jun 17 2023 20: +0,1687028400
5.546,3,Jun 17 2023 21: +0,1687032000
4.908,3,Jun 17 2023 22: +0,1687035600
5.296,2,Jun 17 2023 23: +0,1687039200
5.021,4,Jun 18 2023 00: +0,1687042800
5.125,1,Jun 18 2023 01: +0,1687046400
5.476,1,Jun 18 2023 02: +0,1687050000
5.503,2,Jun 18 2023 03: +0,1687053600
5.242,1,Jun 18 2023 04: +0,1687057200
4.798,3,Jun 18 2023 05: +0,1687060800
5.461,3,Jun 18 2023 07: +0,1687068000
5.52,1,Jun 18 2023 08: +0,1687071600
5.065,2,Jun 18 2023 10: +0,1687078800
5.122,3,Jun 18 2023 11: +0,1687082400
4.976,2,Jun 18 2023 12: +0,1687086000
5.28,2,Jun 18 2023 13: +0,1687089600
5.398,4,Jun 18 2023 14: +0,1687093200
5.095,2,Jun 18 2023 15: +0,1687096800
5.523,3,Jun 18 2023 16: +0,1687100400
3.927,1,Jun 18 2023 17: +0,1687104000
5.143,4,Jun 18 2023 18: +0,1687107600
4.913,2,Jun 18 2023 19: +0,1687111200
5.406,3,Jun 18 2023 20: +0,1687114800
5.105,1,Jun 18 2023 21: +0,1687118400
4.735,3,Jun 18 2023 22: +0,1687122000
4.717,4,Jun 18 2023 23: +0,1687125600
4.835,3,Jun 19 2023 00: +0,1687129200
5.476,1,Jun 19 2023 01: +0,1687132800
5.497,1,Jun 19 2023 02: +0,1687136400
5.502,2,Jun 19 2023 04: +0,1687143600
4.92,1,Jun 19 2023 05: +0,1687147200
5.463,5,Jun 19 2023 06: +0,1687150800
4.735,1,Jun 19 2023 07: +0,1687154400
5.505,1,Jun 19 2023 08: +0,1687158000
4.735,1,Jun 19 2023 09: +0,1687161600
4.745,3,Jun 19 2023 10: +0,1687165200
5.48,6,Jun 19 2023 11: +0,1687168800
5.042,4,Jun 19 2023 12: +0,1687172400
4.925,2,Jun 19 2023 13: +0,1687176000
4.745,1,Jun 19 2023 14: +0,1687179600
5.386,2,Jun 19 2023 15: +0,1687183200
5.507,3,Jun 19 2023 16: +0,1687186800
4.917,2,Jun 19 2023 17: +0,1687190400
5.369,3,Jun 19 2023 18: +0,1687194000
5.122,1,Jun 19 2023 19: +0,1687197600
5.486,7,Jun 19 2023 20: +0,1687201200
4.745,1,Jun 19 2023 21: +0,1687204800
4.053,3,Jun 19 2023 22: +0,1687208400
5.556,3,Jun 19 2023 23: +0,1687212000
5.391,2,Jun 20 2023 00: +0,1687215600
4.788,2,Jun 20 2023 01: +0,1687219200
5.565,1,Jun 20 2023 02: +0,1687222800
5.565,1,Jun 20 2023 03: +0,1687226400
4.833,2,Jun 20 2023 04: +0,1687230000
5.571,1,Jun 20 2023 06: +0,1687237200
4.769,1,Jun 20 2023 09: +0,1687248000
4.609,4,Jun 20 2023 10: +0,1687251600
5.46,3,Jun 20 2023 12: +0,1687258800
5.022,3,Jun 20 2023 14: +0,1687266000
5.089,2,Jun 20 2023 15: +0,1687269600
4.798,8,Jun 20 2023 16: +0,1687273200
4.868,2,Jun 20 2023 17: +0,1687276800
5.224,2,Jun 20 2023 18: +0,1687280400
5.022,3,Jun 20 2023 19: +0,1687284000
4.761,5,Jun 20 2023 20: +0,1687287600
5.115,5,Jun 20 2023 21: +0,1687291200
5.091,2,Jun 20 2023 22: +0,1687294800
4.811,2,Jun 20 2023 23: +0,1687298400
5.276,1,Jun 21 2023 00: +0,1687302000
5.079,4,Jun 21 2023 01: +0,1687305600
4.761,4,Jun 21 2023 02: +0,1687309200
5.22,1,Jun 21 2023 04: +0,1687316400
5.416,4,Jun 21 2023 07: +0,1687327200
5.436,3,Jun 21 2023 08: +0,1687330800
5.046,2,Jun 21 2023 09: +0,1687334400
5.44,3,Jun 21 2023 12: +0,1687345200
5.439,4,Jun 21 2023 13: +0,1687348800
5.38,1,Jun 21 2023 14: +0,1687352400
4.916,1,Jun 21 2023 15: +0,1687356000
5.009,4,Jun 21 2023 16: +0,1687359600
5.235,1,Jun 21 2023 17: +0,1687363200
5.205,2,Jun 21 2023 18: +0,1687366800
4.8,5,Jun 21 2023 19: +0,1687370400
5.162,6,Jun 21 2023 20: +0,1687374000
5.099,1,Jun 21 2023 21: +0,1687377600
5.433,5,Jun 21 2023 23: +0,1687384800
5.379,2,Jun 22 2023 01: +0,1687392000
5.154,1,Jun 22 2023 02: +0,1687395600
4.99,2,Jun 22 2023 03: +0,1687399200
4.803,1,Jun 22 2023 06: +0,1687410000
4.771,1,Jun 22 2023 08: +0,1687417200
4.911,1,Jun 22 2023 09: +0,1687420800
4.721,7,Jun 22 2023 10: +0,1687424400
4.737,3,Jun 22 2023 11: +0,1687428000
5.381,3,Jun 22 2023 12: +0,1687431600
4.682,4,Jun 22 2023 13: +0,1687435200
5.258,4,Jun 22 2023 14: +0,1687438800
5.114,4,Jun 22 2023 15: +0,1687442400
2.577,1,Jun 22 2023 16: +0,1687446000
5.381,3,Jun 22 2023 17: +0,1687449600
5.256,4,Jun 22 2023 18: +0,1687453200
5.417,2,Jun 22 2023 19: +0,1687456800
5.406,3,Jun 22 2023 20: +0,1687460400
5.385,5,Jun 22 2023 21: +0,1687464000
5.329,4,Jun 22 2023 22: +0,1687467600
5.328,3,Jun 22 2023 23: +0,1687471200
5.439,2,Jun 23 2023 00: +0,1687474800
4.779,2,Jun 23 2023 02: +0,1687482000
4.754,1,Jun 23 2023 03: +0,1687485600
4.459,2,Jun 23 2023 04: +0,1687489200
4.91,1,Jun 23 2023 06: +0,1687496400
4.749,3,Jun 23 2023 07: +0,1687500000
4.747,4,Jun 23 2023 09: +0,1687507200
4.793,4,Jun 23 2023 10: +0,1687510800
4.853,3,Jun 23 2023 11: +0,1687514400
4.565,5,Jun 23 2023 12: +0,1687518000
4.788,3,Jun 23 2023 13: +0,1687521600
4.634,6,Jun 23 2023 14: +0,1687525200
4.685,4,Jun 23 2023 15: +0,1687528800
4.786,7,Jun 23 2023 16: +0,1687532400
5.179,5,Jun 23 2023 17: +0,1687536000
5.012,4,Jun 23 2023 18: +0,1687539600
4.75,2,Jun 23 2023 19: +0,1687543200
4.875,3,Jun 23 2023 20: +0,1687546800
4.617,2,Jun 23 2023 21: +0,1687550400
4.674,8,Jun 23 2023 22: +0,1687554000
4.838,1,Jun 23 2023 23: +0,1687557600
4.619,5,Jun 24 2023 00: +0,1687561200
4.744,2,Jun 24 2023 01: +0,1687564800
4.721,1,Jun 24 2023 03: +0,1687572000
4.686,1,Jun 24 2023 04: +0,1687575600
4.727,3,Jun 24 2023 05: +0,1687579200
4.686,2,Jun 24 2023 06: +0,1687582800
4.807,2,Jun 24 2023 07: +0,1687586400
4.459,1,Jun 24 2023 10: +0,1687597200
4.583,2,Jun 24 2023 11: +0,1687600800
4.768,2,Jun 24 2023 12: +0,1687604400
4.699,5,Jun 24 2023 13: +0,1687608000
4.8,4,Jun 24 2023 14: +0,1687611600
4.804,7,Jun 24 2023 15: +0,1687615200
4.798,3,Jun 24 2023 16: +0,1687618800
4.773,3,Jun 24 2023 17: +0,1687622400
4.64,4,Jun 24 2023 18: +0,1687626000
4.807,5,Jun 24 2023 19: +0,1687629600
4.786,4,Jun 24 2023 20: +0,1687633200
4.761,5,Jun 24 2023 21: +0,1687636800
4.866,5,Jun 24 2023 22: +0,1687640400
4.687,6,Jun 24 2023 23: +0,1687644000
4.463,4,Jun 25 2023 01: +0,1687651200
4.569,2,Jun 25 2023 02: +0,1687654800
4.382,2,Jun 25 2023 03: +0,1687658400
4.928,3,Jun 25 2023 04: +0,1687662000
4.459,2,Jun 25 2023 06: +0,1687669200
4.423,1,Jun 25 2023 07: +0,1687672800
5.042,1,Jun 25 2023 08: +0,1687676400
4.434,1,Jun 25 2023 09: +0,1687680000
4.708,2,Jun 25 2023 11: +0,1687687200
4.498,3,Jun 25 2023 12: +0,1687690800
4.44,6,Jun 25 2023 14: +0,1687698000
4.45,8,Jun 25 2023 15: +0,1687701600
4.718,6,Jun 25 2023 16: +0,1687705200
4.684,4,Jun 25 2023 17: +0,1687708800
5.004,8,Jun 25 2023 18: +0,1687712400
4.623,6,Jun 25 2023 19: +0,1687716000
4.61,4,Jun 25 2023 20: +0,1687719600
4.627,5,Jun 25 2023 21: +0,1687723200
4.723,4,Jun 25 2023 22: +0,1687726800
4.869,3,Jun 26 2023 00: +0,1687734000
5.01,1,Jun 26 2023 01: +0,1687737600
5.056,1,Jun 26 2023 03: +0,1687744800
5.065,2,Jun 26 2023 04: +0,1687748400
4.413,3,Jun 26 2023 05: +0,1687752000
5.033,1,Jun 26 2023 06: +0,1687755600
4.234,1,Jun 26 2023 07: +0,1687759200
5.317,1,Jun 26 2023 08: +0,1687762800
4.888,2,Jun 26 2023 09: +0,1687766400
4.635,3,Jun 26 2023 11: +0,1687773600
4.404,3,Jun 26 2023 12: +0,1687777200
4.707,3,Jun 26 2023 13: +0,1687780800
4.333,6,Jun 26 2023 14: +0,1687784400
4.598,4,Jun 26 2023 15: +0,1687788000
4.766,4,Jun 26 2023 16: +0,1687791600
4.587,5,Jun 26 2023 17: +0,1687795200
4.606,1,Jun 26 2023 18: +0,1687798800
4.361,1,Jun 26 2023 19: +0,1687802400
4.404,7,Jun 26 2023 20: +0,1687806000
4.303,3,Jun 26 2023 21: +0,1687809600
4.53,4,Jun 26 2023 22: +0,1687813200
4.544,1,Jun 26 2023 23: +0,1687816800
4.393,1,Jun 27 2023 00: +0,1687820400
4.37,3,Jun 27 2023 01: +0,1687824000
4.372,1,Jun 27 2023 02: +0,1687827600
4.37,5,Jun 27 2023 03: +0,1687831200
4.354,2,Jun 27 2023 04: +0,1687834800
4.359,2,Jun 27 2023 05: +0,1687838400
4.494,1,Jun 27 2023 06: +0,1687842000
4.541,3,Jun 27 2023 08: +0,1687849200
4.539,2,Jun 27 2023 10: +0,1687856400
4.572,2,Jun 27 2023 11: +0,1687860000
4.549,1,Jun 27 2023 12: +0,1687863600
4.59,8,Jun 27 2023 13: +0,1687867200
4.617,1,Jun 27 2023 14: +0,1687870800
4.697,4,Jun 27 2023 15: +0,1687874400
4.363,5,Jun 27 2023 16: +0,1687878000
4.807,6,Jun 27 2023 17: +0,1687881600
4.611,3,Jun 27 2023 18: +0,1687885200
4.622,8,Jun 27 2023 19: +0,1687888800
4.604,3,Jun 27 2023 20: +0,1687892400
4.697,6,Jun 27 2023 21: +0,1687896000
4.599,2,Jun 27 2023 22: +0,1687899600
4.795,1,Jun 27 2023 23: +0,1687903200
4.623,4,Jun 28 2023 00: +0,1687906800
4.805,5,Jun 28 2023 01: +0,1687910400
4.501,1,Jun 28 2023 03: +0,1687917600
4.608,2,Jun 28 2023 04: +0,1687921200
4.805,3,Jun 28 2023 05: +0,1687924800
4.928,1,Jun 28 2023 06: +0,1687928400
4.392,2,Jun 28 2023 08: +0,1687935600
4.57,3,Jun 28 2023 09: +0,1687939200
4.412,2,Jun 28 2023 10: +0,1687942800
4.808,3,Jun 28 2023 11: +0,1687946400
4.337,3,Jun 28 2023 12: +0,1687950000
4.912,1,Jun 28 2023 13: +0,1687953600
4.965,4,Jun 28 2023 14: +0,1687957200
5.017,2,Jun 28 2023 15: +0,1687960800
4.485,4,Jun 28 2023 17: +0,1687968000
4.814,4,Jun 28 2023 18: +0,1687971600
4.463,3,Jun 28 2023 19: +0,1687975200
4.703,4,Jun 28 2023 20: +0,1687978800
4.959,2,Jun 28 2023 21: +0,1687982400
4.453,2,Jun 28 2023 22: +0,1687986000
4.795,3,Jun 28 2023 23: +0,1687989600
4.968,2,Jun 29 2023 00: +0,1687993200
4.795,3,Jun 29 2023 01: +0,1687996800
4.898,3,Jun 29 2023 02: +0,1688000400
4.366,2,Jun 29 2023 04: +0,1688007600
4.245,2,Jun 29 2023 07: +0,1688018400
4.795,2,Jun 29 2023 08: +0,1688022000
4.405,2,Jun 29 2023 09: +0,1688025600
4.811,4,Jun 29 2023 10: +0,1688029200
3.967,2,Jun 29 2023 11: +0,1688032800
4.11,4,Jun 29 2023 12: +0,1688036400
4.304,5,Jun 29 2023 13: +0,1688040000
4.249,5,Jun 29 2023 14: +0,1688043600
4.764,1,Jun 29 2023 15: +0,1688047200
4.651,3,Jun 29 2023 16: +0,1688050800
4.897,4,Jun 29 2023 17: +0,1688054400
4.698,6,Jun 29 2023 18: +0,1688058000
4.669,2,Jun 29 2023 19: +0,1688061600
4.55,4,Jun 29 2023 20: +0,1688065200
4.142,6,Jun 29 2023 21: +0,1688068800
4.17,5,Jun 29 2023 22: +0,1688072400
4.322,2,Jun 29 2023 23: +0,1688076000
4.517,3,Jun 30 2023 00: +0,1688079600
4.694,1,Jun 30 2023 01: +0,1688083200
4.41,6,Jun 30 2023 03: +0,1688090400
4.591,3,Jun 30 2023 05: +0,1688097600
4.309,2,Jun 30 2023 06: +0,1688101200
4.661,1,Jun 30 2023 07: +0,1688104800
4.341,2,Jun 30 2023 08: +0,1688108400
4.29,3,Jun 30 2023 09: +0,1688112000
4.372,5,Jun 30 2023 10: +0,1688115600
4.467,3,Jun 30 2023 11: +0,1688119200
4.607,5,Jun 30 2023 12: +0,1688122800
4.067,5,Jun 30 2023 13: +0,1688126400
4.589,3,Jun 30 2023 14: +0,1688130000
4.237,7,Jun 30 2023 15: +0,1688133600
4.367,5,Jun 30 2023 16: +0,1688137200
4.134,5,Jun 30 2023 17: +0,1688140800
4.521,3,Jun 30 2023 18: +0,1688144400
4.541,3,Jun 30 2023 19: +0,1688148000
4.483,5,Jun 30 2023 20: +0,1688151600
4.77,6,Jun 30 2023 21: +0,1688155200
4.443,5,Jun 30 2023 22: +0,1688158800
4.68,1,Jun 30 2023 23: +0,1688162400
4.305,3,Jul 01 2023 00: +0,1688166000
4.213,3,Jul 01 2023 01: +0,1688169600
4.116,3,Jul 01 2023 02: +0,1688173200
4.116,1,Jul 01 2023 03: +0,1688176800
4.329,1,Jul 01 2023 04: +0,1688180400
4.262,1,Jul 01 2023 07: +0,1688191200
4.033,3,Jul 01 2023 08: +0,1688194800
4.256,3,Jul 01 2023 09: +0,1688198400
4.322,3,Jul 01 2023 10: +0,1688202000
4.112,4,Jul 01 2023 11: +0,1688205600
4.392,3,Jul 01 2023 12: +0,1688209200
3.942,3,Jul 01 2023 13: +0,1688212800
4.458,2,Jul 01 2023 14: +0,1688216400
4.451,3,Jul 01 2023 15: +0,1688220000
4.427,6,Jul 01 2023 16: +0,1688223600
4.651,2,Jul 01 2023 17: +0,1688227200
3.966,3,Jul 01 2023 18: +0,1688230800
4.201,4,Jul 01 2023 19: +0,1688234400
4.473,6,Jul 01 2023 20: +0,1688238000
4.133,4,Jul 01 2023 21: +0,1688241600
3.97,3,Jul 01 2023 22: +0,1688245200
4.38,7,Jul 01 2023 23: +0,1688248800
4.649,1,Jul 02 2023 00: +0,1688252400
4.265,2,Jul 02 2023 01: +0,1688256000
3.863,1,Jul 02 2023 04: +0,1688266800
3.899,2,Jul 02 2023 05: +0,1688270400
4.192,4,Jul 02 2023 08: +0,1688281200
3.966,2,Jul 02 2023 09: +0,1688284800
3.745,3,Jul 02 2023 10: +0,1688288400
4.002,2,Jul 02 2023 11: +0,1688292000
4.498,4,Jul 02 2023 12: +0,1688295600
4.06,1,Jul 02 2023 13: +0,1688299200
4.245,7,Jul 02 2023 14: +0,1688302800
3.859,4,Jul 02 2023 15: +0,1688306400
3.839,5,Jul 02 2023 16: +0,1688310000
3.918,5,Jul 02 2023 17: +0,1688313600
4.307,6,Jul 02 2023 18: +0,1688317200
4.496,8,Jul 02 2023 19: +0,1688320800
4.167,4,Jul 02 2023 20: +0,1688324400
4.451,5,Jul 02 2023 21: +0,1688328000
3.986,4,Jul 02 2023 22: +0,1688331600
3.952,1,Jul 02 2023 23: +0,1688335200
4.498,6,Jul 03 2023 00: +0,1688338800
4.49,4,Jul 03 2023 03: +0,1688349600
4.443,1,Jul 03 2023 04: +0,1688353200
3.828,2,Jul 03 2023 05: +0,1688356800
3.831,1,Jul 03 2023 07: +0,1688364000
3.807,4,Jul 03 2023 08: +0,1688367600
3.94,2,Jul 03 2023 10: +0,1688374800
3.816,4,Jul 03 2023 11: +0,1688378400
4.166,1,Jul 03 2023 12: +0,1688382000
3.785,3,Jul 03 2023 13: +0,1688385600
4.15,3,Jul 03 2023 14: +0,1688389200
3.984,2,Jul 03 2023 15: +0,1688392800
4.23,5,Jul 03 2023 16: +0,1688396400
4.091,2,Jul 03 2023 17: +0,1688400000
4.182,4,Jul 03 2023 18: +0,1688403600
4.294,1,Jul 03 2023 19: +0,1688407200
4.2,4,Jul 03 2023 20: +0,1688410800
4.309,3,Jul 03 2023 21: +0,1688414400
4.002,2,Jul 03 2023 22: +0,1688418000
3.772,2,Jul 03 2023 23: +0,1688421600
3.958,1,Jul 04 2023 01: +0,1688428800
4.184,2,Jul 04 2023 03: +0,1688436000
4.333,1,Jul 04 2023 04: +0,1688439600
4.047,2,Jul 04 2023 08: +0,1688454000
3.596,2,Jul 04 2023 09: +0,1688457600
3.79,2,Jul 04 2023 10: +0,1688461200
4.34,1,Jul 04 2023 11: +0,1688464800
3.735,3,Jul 04 2023 12: +0,1688468400
3.789,1,Jul 04 2023 13: +0,1688472000
4.38,2,Jul 04 2023 14: +0,1688475600
4.429,4,Jul 04 2023 15: +0,1688479200
4.425,1,Jul 04 2023 16: +0,1688482800
4.431,1,Jul 04 2023 17: +0,1688486400
4.431,4,Jul 04 2023 18: +0,1688490000
3.829,2,Jul 04 2023 19: +0,1688493600
3.89,5,Jul 04 2023 20: +0,1688497200
3.745,3,Jul 04 2023 21: +0,1688500800
4.435,4,Jul 04 2023 22: +0,1688504400
4.089,2,Jul 04 2023 23: +0,1688508000
4.474,1,Jul 05 2023 00: +0,1688511600
4.48,5,Jul 05 2023 01: +0,1688515200
4.077,2,Jul 05 2023 02: +0,1688518800
3.67,1,Jul 05 2023 03: +0,1688522400
4.117,2,Jul 05 2023 04: +0,1688526000
3.433,1,Jul 05 2023 05: +0,1688529600
3.5,1,Jul 05 2023 06: +0,1688533200
3.956,2,Jul 05 2023 07: +0,1688536800
4.586,1,Jul 05 2023 08: +0,1688540400
4.645,1,Jul 05 2023 09: +0,1688544000
3.667,1,Jul 05 2023 11: +0,1688551200
3.678,1,Jul 05 2023 12: +0,1688554800
4.7,4,Jul 05 2023 13: +0,1688558400
3.823,3,Jul 05 2023 14: +0,1688562000
4.339,2,Jul 05 2023 15: +0,1688565600
3.688,5,Jul 05 2023 16: +0,1688569200
4.33,6,Jul 05 2023 17: +0,1688572800
4.024,6,Jul 05 2023 18: +0,1688576400
4.928,3,Jul 05 2023 19: +0,1688580000
4.315,2,Jul 05 2023 20: +0,1688583600
4.938,5,Jul 05 2023 21: +0,1688587200
5.025,3,Jul 05 2023 22: +0,1688590800
5.099,1,Jul 05 2023 23: +0,1688594400
3.46,1,Jul 06 2023 00: +0,1688598000
3.489,1,Jul 06 2023 03: +0,1688608800
5.101,1,Jul 06 2023 04: +0,1688612400
3.698,1,Jul 06 2023 06: +0,1688619600
5.101,1,Jul 06 2023 07: +0,1688623200
4.205,1,Jul 06 2023 08: +0,1688626800
4.441,2,Jul 06 2023 09: +0,1688630400
5.069,1,Jul 06 2023 12: +0,1688641200
4.508,6,Jul 06 2023 13: +0,1688644800
3.948,1,Jul 06 2023 14: +0,1688648400
3.924,2,Jul 06 2023 15: +0,1688652000
4.043,3,Jul 06 2023 16: +0,1688655600
3.948,5,Jul 06 2023 17: +0,1688659200
4.069,1,Jul 06 2023 18: +0,1688662800
4.556,2,Jul 06 2023 19: +0,1688666400
4.54,2,Jul 06 2023 20: +0,1688670000
4.783,4,Jul 06 2023 21: +0,1688673600
4.626,2,Jul 06 2023 22: +0,1688677200
3.82,2,Jul 06 2023 23: +0,1688680800
5.328,2,Jul 07 2023 00: +0,1688684400
4.603,2,Jul 07 2023 02: +0,1688691600
5.333,2,Jul 07 2023 03: +0,1688695200
3.885,2,Jul 07 2023 04: +0,1688698800
3.851,3,Jul 07 2023 08: +0,1688713200
5.328,1,Jul 07 2023 09: +0,1688716800
3.427,3,Jul 07 2023 10: +0,1688720400
3.329,1,Jul 07 2023 11: +0,1688724000
3.843,4,Jul 07 2023 13: +0,1688731200
3.794,3,Jul 07 2023 14: +0,1688734800
5.427,2,Jul 07 2023 15: +0,1688738400
5.379,1,Jul 07 2023 16: +0,1688742000
4.546,2,Jul 07 2023 18: +0,1688749200
4.147,3,Jul 07 2023 19: +0,1688752800
4.774,4,Jul 07 2023 20: +0,1688756400
5.402,5,Jul 07 2023 21: +0,1688760000
5.399,1,Jul 07 2023 22: +0,1688763600
2.832,1,Jul 07 2023 23: +0,1688767200
5.32,3,Jul 08 2023 01: +0,1688774400
3.899,1,Jul 08 2023 05: +0,1688788800
5.325,1,Jul 08 2023 08: +0,1688799600
4.626,2,Jul 08 2023 09: +0,1688803200
5.21,2,Jul 08 2023 10: +0,1688806800
3.798,3,Jul 08 2023 11: +0,1688810400
3.775,2,Jul 08 2023 13: +0,1688817600
5.341,1,Jul 08 2023 14: +0,1688821200
4.741,4,Jul 08 2023 15: +0,1688824800
4.775,2,Jul 08 2023 16: +0,1688828400
5.398,5,Jul 08 2023 17: +0,1688832000
4.034,8,Jul 08 2023 18: +0,1688835600
4.216,1,Jul 08 2023 19: +0,1688839200
4.612,6,Jul 08 2023 20: +0,1688842800
3.818,3,Jul 08 2023 22: +0,1688850000
4.237,2,Jul 08 2023 23: +0,1688853600
5.462,1,Jul 09 2023 02: +0,1688864400
3.81,1,Jul 09 2023 07: +0,1688882400
4.679,2,Jul 09 2023 08: +0,1688886000
3.896,1,Jul 09 2023 09: +0,1688889600
4.095,2,Jul 09 2023 10: +0,1688893200
5.496,3,Jul 09 2023 11: +0,1688896800
4.267,3,Jul 09 2023 12: +0,1688900400
5.486,1,Jul 09 2023 13: +0,1688904000
4.014,2,Jul 09 2023 15: +0,1688911200
5.534,3,Jul 09 2023 16: +0,1688914800
3.92,4,Jul 09 2023 17: +0,1688918400
4.267,1,Jul 09 2023 18: +0,1688922000
4.279,7,Jul 09 2023 19: +0,1688925600
4.292,1,Jul 09 2023 20: +0,1688929200
5.428,3,Jul 09 2023 21: +0,1688932800
4.159,3,Jul 09 2023 22: +0,1688936400
4.074,1,Jul 09 2023 23: +0,1688940000
5.464,2,Jul 10 2023 00: +0,1688943600
3.836,3,Jul 10 2023 01: +0,1688947200
4.52,2,Jul 10 2023 02: +0,1688950800
5.463,2,Jul 10 2023 03: +0,1688954400
3.751,1,Jul 10 2023 05: +0,1688961600
4.643,2,Jul 10 2023 06: +0,1688965200
3.759,2,Jul 10 2023 08: +0,1688972400
3.97,4,Jul 10 2023 09: +0,1688976000
4.862,2,Jul 10 2023 10: +0,1688979600
4.225,3,Jul 10 2023 11: +0,1688983200
3.998,2,Jul 10 2023 12: +0,1688986800
4.655,4,Jul 10 2023 13: +0,1688990400
4.218,5,Jul 10 2023 14: +0,1688994000
3.782,1,Jul 10 2023 15: +0,1688997600
4.668,2,Jul 10 2023 16: +0,1689001200
5.571,6,Jul 10 2023 17: +0,1689004800
3.993,2,Jul 10 2023 18: +0,1689008400
4.227,3,Jul 10 2023 19: +0,1689012000
5.572,1,Jul 10 2023 20: +0,1689015600
4.236,3,Jul 10 2023 21: +0,1689019200
5.57,1,Jul 10 2023 22: +0,1689022800
4.236,1,Jul 10 2023 23: +0,1689026400
4.662,2,Jul 11 2023 00: +0,1689030000
4.66,2,Jul 11 2023 01: +0,1689033600
3.788,1,Jul 11 2023 02: +0,1689037200
3.693,2,Jul 11 2023 04: +0,1689044400
3.828,1,Jul 11 2023 05: +0,1689048000
3.766,1,Jul 11 2023 07: +0,1689055200
4.256,3,Jul 11 2023 08: +0,1689058800
3.912,5,Jul 11 2023 09: +0,1689062400
4.071,4,Jul 11 2023 10: +0,1689066000
3.843,4,Jul 11 2023 11: +0,1689069600
4.245,5,Jul 11 2023 12: +0,1689073200
4.179,6,Jul 11 2023 13: +0,1689076800
3.79,5,Jul 11 2023 14: +0,1689080400
4.381,4,Jul 11 2023 15: +0,1689084000
4.135,4,Jul 11 2023 16: +0,1689087600
3.815,2,Jul 11 2023 17: +0,1689091200
4.504,6,Jul 11 2023 18: +0,1689094800
3.899,5,Jul 11 2023 19: +0,1689098400
3.935,2,Jul 11 2023 20: +0,1689102000
4.121,3,Jul 11 2023 21: +0,1689105600
3.967,5,Jul 11 2023 22: +0,1689109200
4.708,8,Jul 11 2023 23: +0,1689112800
4.261,1,Jul 12 2023 00: +0,1689116400
3.785,2,Jul 12 2023 01: +0,1689120000
3.789,1,Jul 12 2023 02: +0,1689123600
4.267,3,Jul 12 2023 04: +0,1689130800
4.02,4,Jul 12 2023 06: +0,1689138000
4.213,2,Jul 12 2023 07: +0,1689141600
4.043,2,Jul 12 2023 08: +0,1689145200
3.759,4,Jul 12 2023 09: +0,1689148800
3.921,2,Jul 12 2023 10: +0,1689152400
3.689,3,Jul 12 2023 11: +0,1689156000
3.967,3,Jul 12 2023 12: +0,1689159600
3.979,4,Jul 12 2023 13: +0,1689163200
4.179,8,Jul 12 2023 14: +0,1689166800
4.222,3,Jul 12 2023 15: +0,1689170400
3.872,6,Jul 12 2023 16: +0,1689174000
3.788,8,Jul 12 2023 17: +0,1689177600
3.9,3,Jul 12 2023 18: +0,1689181200
3.938,6,Jul 12 2023 19: +0,1689184800
3.739,4,Jul 12 2023 20: +0,1689188400
3.797,5,Jul 12 2023 21: +0,1689192000
3.75,4,Jul 12 2023 22: +0,1689195600
3.803,3,Jul 12 2023 23: +0,1689199200
3.826,2,Jul 13 2023 00: +0,1689202800
3.907,3,Jul 13 2023 01: +0,1689206400
3.727,3,Jul 13 2023 02: +0,1689210000
4.118,4,Jul 13 2023 07: +0,1689228000
3.78,3,Jul 13 2023 09: +0,1689235200
3.78,3,Jul 13 2023 10: +0,1689238800
3.754,4,Jul 13 2023 11: +0,1689242400
3.78,3,Jul 13 2023 12: +0,1689246000
3.769,4,Jul 13 2023 13: +0,1689249600
3.864,10,Jul 13 2023 14: +0,1689253200
3.761,6,Jul 13 2023 15: +0,1689256800
3.96,4,Jul 13 2023 16: +0,1689260400
3.666,4,Jul 13 2023 17: +0,1689264000
4.092,6,Jul 13 2023 18: +0,1689267600
4.09,4,Jul 13 2023 19: +0,1689271200
3.875,3,Jul 13 2023 20: +0,1689274800
3.934,4,Jul 13 2023 21: +0,1689278400
4.099,3,Jul 13 2023 22: +0,1689282000
3.927,4,Jul 13 2023 23: +0,1689285600
3.929,4,Jul 14 2023 00: +0,1689289200
4.07,6,Jul 14 2023 03: +0,1689300000
3.674,1,Jul 14 2023 05: +0,1689307200
3.347,2,Jul 14 2023 06: +0,1689310800
3.903,2,Jul 14 2023 08: +0,1689318000
4.152,4,Jul 14 2023 09: +0,1689321600
19.497,1,Jul 14 2023 10: +0,1689325200
4.184,3,Jul 14 2023 11: +0,1689328800
4.065,2,Jul 14 2023 12: +0,1689332400
4.274,4,Jul 14 2023 13: +0,1689336000
4.192,2,Jul 14 2023 14: +0,1689339600
3.895,3,Jul 14 2023 15: +0,1689343200
4.218,5,Jul 14 2023 16: +0,1689346800
3.928,7,Jul 14 2023 17: +0,1689350400
4.223,5,Jul 14 2023 18: +0,1689354000
4.036,4,Jul 14 2023 19: +0,1689357600
4.215,3,Jul 14 2023 20: +0,1689361200
4.23,2,Jul 14 2023 21: +0,1689364800
4.214,1,Jul 14 2023 22: +0,1689368400
4.151,1,Jul 14 2023 23: +0,1689372000
3.892,5,Jul 15 2023 00: +0,1689375600
4.213,4,Jul 15 2023 02: +0,1689382800
4.221,1,Jul 15 2023 03: +0,1689386400
3.957,2,Jul 15 2023 04: +0,1689390000
4.22,1,Jul 15 2023 05: +0,1689393600
3.838,1,Jul 15 2023 06: +0,1689397200
4.186,1,Jul 15 2023 08: +0,1689404400
3.785,3,Jul 15 2023 09: +0,1689408000
4.186,3,Jul 15 2023 10: +0,1689411600
4.221,3,Jul 15 2023 11: +0,1689415200
4.252,2,Jul 15 2023 12: +0,1689418800
4.175,4,Jul 15 2023 13: +0,1689422400
3.855,3,Jul 15 2023 14: +0,1689426000
3.85,4,Jul 15 2023 15: +0,1689429600
3.861,1,Jul 15 2023 16: +0,1689433200
4.289,5,Jul 15 2023 17: +0,1689436800
4.291,5,Jul 15 2023 18: +0,1689440400
4.219,3,Jul 15 2023 19: +0,1689444000
4.091,2,Jul 15 2023 20: +0,1689447600
4.258,2,Jul 15 2023 21: +0,1689451200
4.316,2,Jul 15 2023 22: +0,1689454800
3.966,3,Jul 15 2023 23: +0,1689458400
4.315,1,Jul 16 2023 00: +0,1689462000
4.261,2,Jul 16 2023 01: +0,1689465600
3.838,3,Jul 16 2023 02: +0,1689469200
4.319,2,Jul 16 2023 03: +0,1689472800
3.869,1,Jul 16 2023 05: +0,1689480000
4.319,1,Jul 16 2023 06: +0,1689483600
4.1,2,Jul 16 2023 07: +0,1689487200
3.869,3,Jul 16 2023 08: +0,1689490800
4.319,3,Jul 16 2023 09: +0,1689494400
4.309,1,Jul 16 2023 10: +0,1689498000
3.94,5,Jul 16 2023 11: +0,1689501600
4.314,7,Jul 16 2023 12: +0,1689505200
4.351,5,Jul 16 2023 13: +0,1689508800
4.266,1,Jul 16 2023 14: +0,1689512400
4.22,1,Jul 16 2023 15: +0,1689516000
4.212,3,Jul 16 2023 16: +0,1689519600
4.077,5,Jul 16 2023 17: +0,1689523200
4.356,3,Jul 16 2023 18: +0,1689526800
4.37,2,Jul 16 2023 19: +0,1689530400
4.388,1,Jul 16 2023 20: +0,1689534000
4.34,3,Jul 16 2023 21: +0,1689537600
4.158,4,Jul 16 2023 22: +0,1689541200
4.433,2,Jul 16 2023 23: +0,1689544800
4.243,2,Jul 17 2023 00: +0,1689548400
4.447,2,Jul 17 2023 01: +0,1689552000
4.541,1,Jul 17 2023 02: +0,1689555600
4.583,1,Jul 17 2023 03: +0,1689559200
4.597,2,Jul 17 2023 05: +0,1689566400
3.945,1,Jul 17 2023 07: +0,1689573600
3.979,2,Jul 17 2023 08: +0,1689577200
4.037,3,Jul 17 2023 09: +0,1689580800
4.122,4,Jul 17 2023 10: +0,1689584400
4.487,1,Jul 17 2023 11: +0,1689588000
4.052,1,Jul 17 2023 12: +0,1689591600
4.288,1,Jul 17 2023 13: +0,1689595200
4.577,1,Jul 17 2023 14: +0,1689598800
4.379,4,Jul 17 2023 16: +0,1689606000
4.307,7,Jul 17 2023 17: +0,1689609600
4.288,4,Jul 17 2023 18: +0,1689613200
4.581,1,Jul 17 2023 19: +0,1689616800
4.443,4,Jul 17 2023 20: +0,1689620400
4.576,3,Jul 17 2023 21: +0,1689624000
4.213,2,Jul 17 2023 22: +0,1689627600
4.638,2,Jul 17 2023 23: +0,1689631200
4.644,3,Jul 18 2023 00: +0,1689634800
4.798,2,Jul 18 2023 01: +0,1689638400
4.67,1,Jul 18 2023 02: +0,1689642000
4.67,2,Jul 18 2023 03: +0,1689645600
4.593,1,Jul 18 2023 04: +0,1689649200
3.79,1,Jul 18 2023 05: +0,1689652800
4.687,1,Jul 18 2023 06: +0,1689656400
4.753,2,Jul 18 2023 08: +0,1689663600
3.967,1,Jul 18 2023 09: +0,1689667200
4.023,1,Jul 18 2023 10: +0,1689670800
4.031,1,Jul 18 2023 11: +0,1689674400
4.89,4,Jul 18 2023 12: +0,1689678000
4.031,3,Jul 18 2023 13: +0,1689681600
4.657,4,Jul 18 2023 14: +0,1689685200
4.836,4,Jul 18 2023 15: +0,1689688800
4.347,4,Jul 18 2023 16: +0,1689692400
4.46,2,Jul 18 2023 17: +0,1689696000
4.384,4,Jul 18 2023 18: +0,1689699600
4.616,3,Jul 18 2023 19: +0,1689703200
4.597,1,Jul 18 2023 20: +0,1689706800
4.527,2,Jul 18 2023 21: +0,1689710400
4.332,2,Jul 18 2023 22: +0,1689714000
4.077,1,Jul 19 2023 00: +0,1689721200
4.604,1,Jul 19 2023 01: +0,1689724800
4.612,3,Jul 19 2023 02: +0,1689728400
4.365,2,Jul 19 2023 03: +0,1689732000
4.833,2,Jul 19 2023 04: +0,1689735600
4.077,1,Jul 19 2023 05: +0,1689739200
4.077,1,Jul 19 2023 06: +0,1689742800
4.441,2,Jul 19 2023 07: +0,1689746400
4.66,2,Jul 19 2023 09: +0,1689753600
3.754,1,Jul 19 2023 10: +0,1689757200
4.229,2,Jul 19 2023 11: +0,1689760800
4.313,2,Jul 19 2023 12: +0,1689764400
4.581,4,Jul 19 2023 13: +0,1689768000
4.165,1,Jul 19 2023 14: +0,1689771600
4.743,8,Jul 19 2023 15: +0,1689775200
4.162,1,Jul 19 2023 16: +0,1689778800
4.35,3,Jul 19 2023 17: +0,1689782400
4.054,1,Jul 19 2023 18: +0,1689786000
4.408,3,Jul 19 2023 19: +0,1689789600
4.386,3,Jul 19 2023 20: +0,1689793200
4.464,2,Jul 19 2023 21: +0,1689796800
4.738,3,Jul 19 2023 22: +0,1689800400
4.489,4,Jul 19 2023 23: +0,1689804000
4.394,2,Jul 20 2023 00: +0,1689807600
4.818,2,Jul 20 2023 01: +0,1689811200
4.822,5,Jul 20 2023 02: +0,1689814800
4.622,1,Jul 20 2023 03: +0,1689818400
4.696,3,Jul 20 2023 04: +0,1689822000
4.913,1,Jul 20 2023 05: +0,1689825600
4.077,1,Jul 20 2023 06: +0,1689829200
4.116,1,Jul 20 2023 07: +0,1689832800
4.747,1,Jul 20 2023 08: +0,1689836400
4.851,1,Jul 20 2023 09: +0,1689840000
4.171,3,Jul 20 2023 10: +0,1689843600
4.171,1,Jul 20 2023 11: +0,1689847200
4.852,3,Jul 20 2023 12: +0,1689850800
4.633,3,Jul 20 2023 13: +0,1689854400
4.171,3,Jul 20 2023 14: +0,1689858000
4.462,3,Jul 20 2023 15: +0,1689861600
4.171,6,Jul 20 2023 16: +0,1689865200
4.415,3,Jul 20 2023 17: +0,1689868800
4.147,3,Jul 20 2023 18: +0,1689872400
4.147,3,Jul 20 2023 19: +0,1689876000
3.74,2,Jul 20 2023 20: +0,1689879600
4.404,4,Jul 20 2023 21: +0,1689883200
3.99,2,Jul 20 2023 22: +0,1689886800
4.156,1,Jul 20 2023 23: +0,1689890400
4.268,2,Jul 21 2023 00: +0,1689894000
4.252,2,Jul 21 2023 01: +0,1689897600
4.248,4,Jul 21 2023 02: +0,1689901200
3.47,1,Jul 21 2023 04: +0,1689908400
4.299,1,Jul 21 2023 05: +0,1689912000
4.147,3,Jul 21 2023 06: +0,1689915600
4.334,3,Jul 21 2023 08: +0,1689922800
4.225,2,Jul 21 2023 11: +0,1689933600
4.425,4,Jul 21 2023 12: +0,1689937200
4.095,2,Jul 21 2023 13: +0,1689940800
4.284,4,Jul 21 2023 14: +0,1689944400
4.105,4,Jul 21 2023 15: +0,1689948000
4.163,3,Jul 21 2023 16: +0,1689951600
4.328,4,Jul 21 2023 17: +0,1689955200
4.437,6,Jul 21 2023 18: +0,1689958800
4.336,6,Jul 21 2023 19: +0,1689962400
4.456,5,Jul 21 2023 20: +0,1689966000
4.325,2,Jul 21 2023 21: +0,1689969600
4.519,4,Jul 21 2023 22: +0,1689973200
4.493,4,Jul 21 2023 23: +0,1689976800
4.716,5,Jul 22 2023 00: +0,1689980400
4.745,1,Jul 22 2023 01: +0,1689984000
4.81,1,Jul 22 2023 06: +0,1690002000
4.735,2,Jul 22 2023 09: +0,1690012800
4.171,1,Jul 22 2023 10: +0,1690016400
4.423,2,Jul 22 2023 11: +0,1690020000
4.221,2,Jul 22 2023 14: +0,1690030800
4.171,7,Jul 22 2023 15: +0,1690034400
4.039,1,Jul 22 2023 16: +0,1690038000
4.329,5,Jul 22 2023 17: +0,1690041600
4.418,4,Jul 22 2023 18: +0,1690045200
4.229,2,Jul 22 2023 19: +0,1690048800
4.057,4,Jul 22 2023 20: +0,1690052400
4.116,3,Jul 22 2023 21: +0,1690056000
4.372,2,Jul 22 2023 22: +0,1690059600
4.473,3,Jul 22 2023 23: +0,1690063200
4.642,1,Jul 23 2023 00: +0,1690066800
4.634,1,Jul 23 2023 01: +0,1690070400
4.644,1,Jul 23 2023 02: +0,1690074000
4.479,4,Jul 23 2023 03: +0,1690077600
4.46,2,Jul 23 2023 04: +0,1690081200
4.157,2,Jul 23 2023 05: +0,1690084800
4.592,1,Jul 23 2023 06: +0,1690088400
4.103,3,Jul 23 2023 07: +0,1690092000
4.255,2,Jul 23 2023 08: +0,1690095600
4.099,2,Jul 23 2023 09: +0,1690099200
4.338,2,Jul 23 2023 10: +0,1690102800
4.281,5,Jul 23 2023 11: +0,1690106400
4.346,2,Jul 23 2023 12: +0,1690110000
4.395,4,Jul 23 2023 13: +0,1690113600
4.401,3,Jul 23 2023 14: +0,1690117200
4.379,2,Jul 23 2023 15: +0,1690120800
4.088,7,Jul 23 2023 16: +0,1690124400
4.345,8,Jul 23 2023 17: +0,1690128000
4.336,4,Jul 23 2023 18: +0,1690131600
4.256,4,Jul 23 2023 19: +0,1690135200
4.345,4,Jul 23 2023 20: +0,1690138800
4.34,3,Jul 23 2023 21: +0,1690142400
4.414,7,Jul 23 2023 22: +0,1690146000
4.553,2,Jul 23 2023 23: +0,1690149600
4.609,1,Jul 24 2023 00: +0,1690153200
4.435,3,Jul 24 2023 01: +0,1690156800
4.648,1,Jul 24 2023 02: +0,1690160400
4.098,2,Jul 24 2023 03: +0,1690164000
4.238,2,Jul 24 2023 05: +0,1690171200
4.473,3,Jul 24 2023 08: +0,1690182000
3.044,1,Jul 24 2023 09: +0,1690185600
4.456,2,Jul 24 2023 10: +0,1690189200
4.088,1,Jul 24 2023 11: +0,1690192800
4.225,2,Jul 24 2023 13: +0,1690200000
4.373,4,Jul 24 2023 14: +0,1690203600
4.108,5,Jul 24 2023 15: +0,1690207200
4.553,2,Jul 24 2023 16: +0,1690210800
4.549,2,Jul 24 2023 17: +0,1690214400
4.34,8,Jul 24 2023 19: +0,1690221600
4.378,5,Jul 24 2023 20: +0,1690225200
4.343,4,Jul 24 2023 21: +0,1690228800
4.328,4,Jul 24 2023 22: +0,1690232400
4.428,2,Jul 25 2023 00: +0,1690239600
4.642,3,Jul 25 2023 01: +0,1690243200
4.3,1,Jul 25 2023 02: +0,1690246800
4.579,1,Jul 25 2023 03: +0,1690250400
4.017,1,Jul 25 2023 04: +0,1690254000
4.664,1,Jul 25 2023 07: +0,1690264800
4.407,1,Jul 25 2023 09: +0,1690272000
4.207,2,Jul 25 2023 10: +0,1690275600
4.173,3,Jul 25 2023 12: +0,1690282800
4.657,3,Jul 25 2023 13: +0,1690286400
4.115,5,Jul 25 2023 14: +0,1690290000
4.611,3,Jul 25 2023 15: +0,1690293600
4.107,6,Jul 25 2023 16: +0,1690297200
4.545,4,Jul 25 2023 17: +0,1690300800
4.562,2,Jul 25 2023 18: +0,1690304400
4.116,3,Jul 25 2023 19: +0,1690308000
4.143,4,Jul 25 2023 20: +0,1690311600
4.173,2,Jul 25 2023 21: +0,1690315200
4.367,4,Jul 25 2023 22: +0,1690318800
4.11,2,Jul 26 2023 00: +0,1690326000
3.925,1,Jul 26 2023 01: +0,1690329600
4.31,4,Jul 26 2023 02: +0,1690333200
4.464,2,Jul 26 2023 03: +0,1690336800
4.54,2,Jul 26 2023 04: +0,1690340400
3.701,2,Jul 26 2023 05: +0,1690344000
3.987,1,Jul 26 2023 06: +0,1690347600
4.117,1,Jul 26 2023 09: +0,1690358400
4.275,1,Jul 26 2023 10: +0,1690362000
4.249,1,Jul 26 2023 11: +0,1690365600
3.999,7,Jul 26 2023 12: +0,1690369200
4.215,3,Jul 26 2023 13: +0,1690372800
4.287,8,Jul 26 2023 14: +0,1690376400
4.04,4,Jul 26 2023 15: +0,1690380000
4.312,2,Jul 26 2023 16: +0,1690383600
4.406,5,Jul 26 2023 17: +0,1690387200
4.373,6,Jul 26 2023 19: +0,1690394400
4.493,6,Jul 26 2023 20: +0,1690398000
4.293,4,Jul 26 2023 21: +0,1690401600
4.446,3,Jul 26 2023 22: +0,1690405200
4.0,3,Jul 26 2023 23: +0,1690408800
4.541,3,Jul 27 2023 00: +0,1690412400
4.183,2,Jul 27 2023 03: +0,1690423200
4.47,2,Jul 27 2023 05: +0,1690430400
3.987,3,Jul 27 2023 07: +0,1690437600
3.623,1,Jul 27 2023 09: +0,1690444800
4.055,3,Jul 27 2023 10: +0,1690448400
4.499,1,Jul 27 2023 11: +0,1690452000
4.231,4,Jul 27 2023 12: +0,1690455600
4.522,2,Jul 27 2023 13: +0,1690459200
4.245,3,Jul 27 2023 14: +0,1690462800
3.957,6,Jul 27 2023 15: +0,1690466400
4.512,3,Jul 27 2023 16: +0,1690470000
4.347,1,Jul 27 2023 17: +0,1690473600
4.343,4,Jul 27 2023 18: +0,1690477200
4.257,1,Jul 27 2023 19: +0,1690480800
4.316,3,Jul 27 2023 20: +0,1690484400
4.281,5,Jul 27 2023 21: +0,1690488000
4.49,2,Jul 27 2023 22: +0,1690491600
4.474,10,Jul 27 2023 23: +0,1690495200
4.008,3,Jul 28 2023 00: +0,1690498800
4.443,1,Jul 28 2023 01: +0,1690502400
4.539,3,Jul 28 2023 02: +0,1690506000
4.236,2,Jul 28 2023 04: +0,1690513200
4.53,1,Jul 28 2023 06: +0,1690520400
4.268,2,Jul 28 2023 07: +0,1690524000
4.008,3,Jul 28 2023 08: +0,1690527600
4.308,2,Jul 28 2023 09: +0,1690531200
4.423,4,Jul 28 2023 10: +0,1690534800
3.984,3,Jul 28 2023 11: +0,1690538400
4.268,2,Jul 28 2023 12: +0,1690542000
4.226,2,Jul 28 2023 13: +0,1690545600
4.408,3,Jul 28 2023 14: +0,1690549200
4.538,4,Jul 28 2023 15: +0,1690552800
4.55,5,Jul 28 2023 16: +0,1690556400
4.224,2,Jul 28 2023 17: +0,1690560000
4.187,5,Jul 28 2023 18: +0,1690563600
4.29,1,Jul 28 2023 19: +0,1690567200
4.623,7,Jul 28 2023 20: +0,1690570800
4.383,2,Jul 28 2023 21: +0,1690574400
4.033,4,Jul 28 2023 22: +0,1690578000
4.326,5,Jul 28 2023 23: +0,1690581600
4.561,2,Jul 29 2023 00: +0,1690585200
4.065,3,Jul 29 2023 01: +0,1690588800
4.587,1,Jul 29 2023 02: +0,1690592400
3.99,2,Jul 29 2023 03: +0,1690596000
4.587,1,Jul 29 2023 04: +0,1690599600
4.646,1,Jul 29 2023 05: +0,1690603200
4.646,3,Jul 29 2023 06: +0,1690606800
4.045,1,Jul 29 2023 07: +0,1690610400
4.479,4,Jul 29 2023 08: +0,1690614000
4.561,3,Jul 29 2023 09: +0,1690617600
3.699,2,Jul 29 2023 10: +0,1690621200
4.124,3,Jul 29 2023 11: +0,1690624800
4.132,4,Jul 29 2023 13: +0,1690632000
4.446,4,Jul 29 2023 15: +0,1690639200
4.328,5,Jul 29 2023 16: +0,1690642800
4.329,1,Jul 29 2023 17: +0,1690646400
4.231,6,Jul 29 2023 18: +0,1690650000
4.482,9,Jul 29 2023 19: +0,1690653600
4.293,6,Jul 29 2023 20: +0,1690657200
4.557,1,Jul 29 2023 22: +0,1690664400
4.533,3,Jul 29 2023 23: +0,1690668000
4.544,5,Jul 30 2023 00: +0,1690671600
4.959,1,Jul 30 2023 01: +0,1690675200
4.301,2,Jul 30 2023 02: +0,1690678800
4.47,1,Jul 30 2023 04: +0,1690686000
4.466,2,Jul 30 2023 06: +0,1690693200
4.252,2,Jul 30 2023 07: +0,1690696800
4.316,2,Jul 30 2023 08: +0,1690700400
4.605,1,Jul 30 2023 09: +0,1690704000
4.601,3,Jul 30 2023 10: +0,1690707600
4.283,3,Jul 30 2023 11: +0,1690711200
4.587,3,Jul 30 2023 12: +0,1690714800
4.281,1,Jul 30 2023 14: +0,1690722000
4.41,4,Jul 30 2023 15: +0,1690725600
4.451,4,Jul 30 2023 16: +0,1690729200
4.582,1,Jul 30 2023 17: +0,1690732800
4.045,5,Jul 30 2023 18: +0,1690736400
4.045,5,Jul 30 2023 19: +0,1690740000
4.456,6,Jul 30 2023 20: +0,1690743600
4.516,1,Jul 30 2023 21: +0,1690747200
4.283,5,Jul 30 2023 22: +0,1690750800
4.447,5,Jul 30 2023 23: +0,1690754400
4.045,3,Jul 31 2023 00: +0,1690758000
4.588,3,Jul 31 2023 01: +0,1690761600
4.601,2,Jul 31 2023 02: +0,1690765200
4.079,2,Jul 31 2023 03: +0,1690768800
4.065,1,Jul 31 2023 04: +0,1690772400
4.045,1,Jul 31 2023 06: +0,1690779600
3.986,2,Jul 31 2023 07: +0,1690783200
4.604,4,Jul 31 2023 09: +0,1690790400
4.338,2,Jul 31 2023 10: +0,1690794000
4.687,4,Jul 31 2023 12: +0,1690801200
4.59,2,Jul 31 2023 13: +0,1690804800
4.715,1,Jul 31 2023 14: +0,1690808400
4.629,3,Jul 31 2023 15: +0,1690812000
4.482,2,Jul 31 2023 16: +0,1690815600
4.499,4,Jul 31 2023 17: +0,1690819200
4.505,2,Jul 31 2023 18: +0,1690822800
4.702,2,Jul 31 2023 19: +0,1690826400
4.594,5,Jul 31 2023 20: +0,1690830000
4.682,6,Jul 31 2023 21: +0,1690833600
4.017,2,Jul 31 2023 22: +0,1690837200
4.664,3,Jul 31 2023 23: +0,1690840800
4.701,1,Aug 01 2023 00: +0,1690844400
4.701,1,Aug 01 2023 01: +0,1690848000
3.911,3,Aug 01 2023 02: +0,1690851600
4.093,4,Aug 01 2023 03: +0,1690855200
4.196,4,Aug 01 2023 04: +0,1690858800
4.629,1,Aug 01 2023 05: +0,1690862400
4.053,1,Aug 01 2023 06: +0,1690866000
4.072,2,Aug 01 2023 08: +0,1690873200
4.664,4,Aug 01 2023 09: +0,1690876800
4.673,2,Aug 01 2023 10: +0,1690880400
4.402,4,Aug 01 2023 11: +0,1690884000
4.69,1,Aug 01 2023 12: +0,1690887600
4.707,4,Aug 01 2023 13: +0,1690891200
4.372,4,Aug 01 2023 14: +0,1690894800
4.597,1,Aug 01 2023 15: +0,1690898400
4.473,3,Aug 01 2023 16: +0,1690902000
4.033,4,Aug 01 2023 17: +0,1690905600
4.338,6,Aug 01 2023 18: +0,1690909200
4.696,5,Aug 01 2023 19: +0,1690912800
4.376,4,Aug 01 2023 20: +0,1690916400
4.299,5,Aug 01 2023 22: +0,1690923600
4.092,3,Aug 02 2023 00: +0,1690930800
4.643,3,Aug 02 2023 01: +0,1690934400
4.677,4,Aug 02 2023 02: +0,1690938000
4.643,1,Aug 02 2023 03: +0,1690941600
4.578,4,Aug 02 2023 07: +0,1690956000
4.703,2,Aug 02 2023 08: +0,1690959600
4.728,1,Aug 02 2023 09: +0,1690963200
4.167,1,Aug 02 2023 10: +0,1690966800
4.727,2,Aug 02 2023 11: +0,1690970400
4.045,1,Aug 02 2023 12: +0,1690974000
4.586,2,Aug 02 2023 13: +0,1690977600
4.591,4,Aug 02 2023 14: +0,1690981200
4.548,6,Aug 02 2023 15: +0,1690984800
4.523,3,Aug 02 2023 16: +0,1690988400
4.222,2,Aug 02 2023 17: +0,1690992000
4.688,4,Aug 02 2023 18: +0,1690995600
4.348,4,Aug 02 2023 19: +0,1690999200
4.424,5,Aug 02 2023 20: +0,1691002800
4.496,3,Aug 02 2023 21: +0,1691006400
4.555,4,Aug 02 2023 22: +0,1691010000
4.069,3,Aug 02 2023 23: +0,1691013600
4.703,3,Aug 03 2023 00: +0,1691017200
4.647,1,Aug 03 2023 01: +0,1691020800
4.635,2,Aug 03 2023 02: +0,1691024400
4.745,1,Aug 03 2023 03: +0,1691028000
4.745,3,Aug 03 2023 04: +0,1691031600
4.721,1,Aug 03 2023 05: +0,1691035200
4.747,1,Aug 03 2023 06: +0,1691038800
4.751,4,Aug 03 2023 07: +0,1691042400
3.919,1,Aug 03 2023 09: +0,1691049600
4.1,3,Aug 03 2023 10: +0,1691053200
4.64,2,Aug 03 2023 11: +0,1691056800
4.184,2,Aug 03 2023 12: +0,1691060400
4.1,5,Aug 03 2023 13: +0,1691064000
4.351,2,Aug 03 2023 14: +0,1691067600
4.244,6,Aug 03 2023 15: +0,1691071200
4.458,4,Aug 03 2023 16: +0,1691074800
4.52,7,Aug 03 2023 17: +0,1691078400
4.671,2,Aug 03 2023 18: +0,1691082000
4.096,4,Aug 03 2023 19: +0,1691085600
4.104,4,Aug 03 2023 20: +0,1691089200
4.128,5,Aug 03 2023 21: +0,1691092800
4.264,1,Aug 03 2023 22: +0,1691096400
4.226,4,Aug 03 2023 23: +0,1691100000
4.355,2,Aug 04 2023 00: +0,1691103600
4.232,1,Aug 04 2023 01: +0,1691107200
4.398,1,Aug 04 2023 02: +0,1691110800
4.564,2,Aug 04 2023 03: +0,1691114400
4.2,4,Aug 04 2023 04: +0,1691118000
4.438,1,Aug 04 2023 05: +0,1691121600
4.715,1,Aug 04 2023 06: +0,1691125200
4.467,1,Aug 04 2023 07: +0,1691128800
4.274,1,Aug 04 2023 08: +0,1691132400
4.113,2,Aug 04 2023 10: +0,1691139600
4.104,2,Aug 04 2023 11: +0,1691143200
4.324,5,Aug 04 2023 12: +0,1691146800
4.358,2,Aug 04 2023 13: +0,1691150400
4.548,3,Aug 04 2023 14: +0,1691154000
4.099,3,Aug 04 2023 15: +0,1691157600
4.525,5,Aug 04 2023 16: +0,1691161200
4.586,4,Aug 04 2023 17: +0,1691164800
4.522,6,Aug 04 2023 18: +0,1691168400
4.621,2,Aug 04 2023 19: +0,1691172000
4.123,6,Aug 04 2023 20: +0,1691175600
4.665,1,Aug 04 2023 21: +0,1691179200
4.699,4,Aug 04 2023 22: +0,1691182800
4.127,1,Aug 04 2023 23: +0,1691186400
4.269,2,Aug 05 2023 00: +0,1691190000
4.685,1,Aug 05 2023 02: +0,1691197200
4.711,2,Aug 05 2023 03: +0,1691200800
4.256,1,Aug 05 2023 04: +0,1691204400
4.487,3,Aug 05 2023 06: +0,1691211600
4.714,1,Aug 05 2023 07: +0,1691215200
4.647,1,Aug 05 2023 08: +0,1691218800
4.661,1,Aug 05 2023 09: +0,1691222400
4.118,3,Aug 05 2023 10: +0,1691226000
4.587,1,Aug 05 2023 12: +0,1691233200
4.677,2,Aug 05 2023 13: +0,1691236800
4.405,1,Aug 05 2023 14: +0,1691240400
4.429,4,Aug 05 2023 15: +0,1691244000
4.469,3,Aug 05 2023 16: +0,1691247600
4.454,1,Aug 05 2023 17: +0,1691251200
4.345,5,Aug 05 2023 19: +0,1691258400
4.517,3,Aug 05 2023 20: +0,1691262000
4.124,2,Aug 05 2023 21: +0,1691265600
4.218,4,Aug 05 2023 22: +0,1691269200
4.084,1,Aug 05 2023 23: +0,1691272800
4.116,1,Aug 06 2023 00: +0,1691276400
4.515,1,Aug 06 2023 01: +0,1691280000
4.313,2,Aug 06 2023 02: +0,1691283600
4.639,1,Aug 06 2023 03: +0,1691287200
4.478,1,Aug 06 2023 06: +0,1691298000
4.621,1,Aug 06 2023 08: +0,1691305200
4.353,4,Aug 06 2023 09: +0,1691308800
4.108,1,Aug 06 2023 10: +0,1691312400
4.116,3,Aug 06 2023 11: +0,1691316000
4.635,2,Aug 06 2023 12: +0,1691319600
4.665,2,Aug 06 2023 13: +0,1691323200
4.674,2,Aug 06 2023 14: +0,1691326800
4.561,5,Aug 06 2023 15: +0,1691330400
4.703,4,Aug 06 2023 16: +0,1691334000
4.706,4,Aug 06 2023 17: +0,1691337600
4.283,4,Aug 06 2023 18: +0,1691341200
4.452,2,Aug 06 2023 19: +0,1691344800
4.682,5,Aug 06 2023 20: +0,1691348400
4.334,5,Aug 06 2023 21: +0,1691352000
4.076,2,Aug 06 2023 22: +0,1691355600
4.238,6,Aug 06 2023 23: +0,1691359200
4.436,2,Aug 07 2023 00: +0,1691362800
4.413,3,Aug 07 2023 01: +0,1691366400
4.509,1,Aug 07 2023 02: +0,1691370000
4.382,4,Aug 07 2023 04: +0,1691377200
4.643,1,Aug 07 2023 05: +0,1691380800
4.691,3,Aug 07 2023 06: +0,1691384400
4.084,1,Aug 07 2023 07: +0,1691388000
4.076,3,Aug 07 2023 09: +0,1691395200
4.287,3,Aug 07 2023 10: +0,1691398800
4.488,1,Aug 07 2023 11: +0,1691402400
4.092,1,Aug 07 2023 12: +0,1691406000
4.318,2,Aug 07 2023 13: +0,1691409600
4.076,5,Aug 07 2023 14: +0,1691413200
4.517,5,Aug 07 2023 15: +0,1691416800
4.198,2,Aug 07 2023 16: +0,1691420400
4.162,4,Aug 07 2023 18: +0,1691427600
4.587,1,Aug 07 2023 19: +0,1691431200
4.592,9,Aug 07 2023 20: +0,1691434800
4.298,4,Aug 07 2023 21: +0,1691438400
4.376,3,Aug 07 2023 22: +0,1691442000
4.516,3,Aug 07 2023 23: +0,1691445600
4.635,1,Aug 08 2023 00: +0,1691449200
4.068,2,Aug 08 2023 01: +0,1691452800
4.541,2,Aug 08 2023 02: +0,1691456400
3.935,1,Aug 08 2023 05: +0,1691467200
4.622,2,Aug 08 2023 06: +0,1691470800
4.211,2,Aug 08 2023 07: +0,1691474400
4.064,3,Aug 08 2023 08: +0,1691478000
4.305,1,Aug 08 2023 09: +0,1691481600
4.534,2,Aug 08 2023 10: +0,1691485200
4.289,2,Aug 08 2023 11: +0,1691488800
4.657,1,Aug 08 2023 12: +0,1691492400
4.287,2,Aug 08 2023 13: +0,1691496000
4.053,1,Aug 08 2023 14: +0,1691499600
4.537,4,Aug 08 2023 15: +0,1691503200
4.575,1,Aug 08 2023 16: +0,1691506800
4.488,3,Aug 08 2023 17: +0,1691510400
4.581,5,Aug 08 2023 18: +0,1691514000
4.565,2,Aug 08 2023 19: +0,1691517600
4.619,3,Aug 08 2023 20: +0,1691521200
4.596,1,Aug 08 2023 21: +0,1691524800
4.624,3,Aug 08 2023 22: +0,1691528400
4.389,3,Aug 08 2023 23: +0,1691532000
4.037,1,Aug 09 2023 00: +0,1691535600
4.438,1,Aug 09 2023 03: +0,1691546400
4.038,1,Aug 09 2023 05: +0,1691553600
4.393,1,Aug 09 2023 08: +0,1691564400
4.273,2,Aug 09 2023 09: +0,1691568000
4.276,3,Aug 09 2023 10: +0,1691571600
4.14,3,Aug 09 2023 11: +0,1691575200
4.466,3,Aug 09 2023 12: +0,1691578800
4.27,4,Aug 09 2023 13: +0,1691582400
4.523,5,Aug 09 2023 14: +0,1691586000
4.536,4,Aug 09 2023 15: +0,1691589600
4.162,2,Aug 09 2023 16: +0,1691593200
4.355,3,Aug 09 2023 17: +0,1691596800
4.359,4,Aug 09 2023 18: +0,1691600400
4.471,4,Aug 09 2023 19: +0,1691604000
4.482,1,Aug 09 2023 20: +0,1691607600
4.472,2,Aug 09 2023 21: +0,1691611200
4.099,2,Aug 09 2023 22: +0,1691614800
4.034,1,Aug 09 2023 23: +0,1691618400
4.143,2,Aug 10 2023 00: +0,1691622000
4.441,1,Aug 10 2023 02: +0,1691629200
4.069,1,Aug 10 2023 04: +0,1691636400
4.072,1,Aug 10 2023 07: +0,1691647200
3.975,3,Aug 10 2023 09: +0,1691654400
4.102,3,Aug 10 2023 10: +0,1691658000
4.178,2,Aug 10 2023 11: +0,1691661600
4.147,5,Aug 10 2023 13: +0,1691668800
4.234,5,Aug 10 2023 14: +0,1691672400
4.498,2,Aug 10 2023 15: +0,1691676000
4.493,3,Aug 10 2023 16: +0,1691679600
4.044,4,Aug 10 2023 17: +0,1691683200
4.174,5,Aug 10 2023 18: +0,1691686800
4.061,2,Aug 10 2023 19: +0,1691690400
4.104,5,Aug 10 2023 20: +0,1691694000
4.102,3,Aug 10 2023 21: +0,1691697600
4.236,2,Aug 10 2023 22: +0,1691701200
4.128,4,Aug 10 2023 23: +0,1691704800
4.042,1,Aug 11 2023 00: +0,1691708400
4.045,1,Aug 11 2023 01: +0,1691712000
4.326,2,Aug 11 2023 02: +0,1691715600
4.049,1,Aug 11 2023 03: +0,1691719200
4.104,2,Aug 11 2023 05: +0,1691726400
4.4,1,Aug 11 2023 07: +0,1691733600
4.013,4,Aug 11 2023 09: +0,1691740800
4.32,4,Aug 11 2023 11: +0,1691748000
4.369,4,Aug 11 2023 12: +0,1691751600
4.02,1,Aug 11 2023 13: +0,1691755200
4.304,5,Aug 11 2023 14: +0,1691758800
4.468,2,Aug 11 2023 15: +0,1691762400
4.413,6,Aug 11 2023 16: +0,1691766000
4.021,7,Aug 11 2023 17: +0,1691769600
4.018,5,Aug 11 2023 18: +0,1691773200
4.437,6,Aug 11 2023 19: +0,1691776800
4.43,1,Aug 11 2023 20: +0,1691780400
4.46,4,Aug 11 2023 21: +0,1691784000
3.998,1,Aug 11 2023 22: +0,1691787600
4.422,5,Aug 11 2023 23: +0,1691791200
4.525,3,Aug 12 2023 00: +0,1691794800
4.521,1,Aug 12 2023 01: +0,1691798400
4.267,2,Aug 12 2023 02: +0,1691802000
4.551,1,Aug 12 2023 03: +0,1691805600
4.55,2,Aug 12 2023 06: +0,1691816400
4.542,1,Aug 12 2023 08: +0,1691823600
4.521,1,Aug 12 2023 09: +0,1691827200
4.521,5,Aug 12 2023 10: +0,1691830800
4.521,1,Aug 12 2023 11: +0,1691834400
4.038,1,Aug 12 2023 12: +0,1691838000
4.278,6,Aug 12 2023 13: +0,1691841600
4.505,3,Aug 12 2023 14: +0,1691845200
4.536,1,Aug 12 2023 15: +0,1691848800
4.029,1,Aug 12 2023 16: +0,1691852400
4.038,4,Aug 12 2023 17: +0,1691856000
4.383,7,Aug 12 2023 18: +0,1691859600
4.18,3,Aug 12 2023 19: +0,1691863200
4.632,3,Aug 12 2023 20: +0,1691866800
4.228,3,Aug 12 2023 21: +0,1691870400
4.52,2,Aug 12 2023 22: +0,1691874000
4.521,4,Aug 12 2023 23: +0,1691877600
4.069,1,Aug 13 2023 00: +0,1691881200
4.536,1,Aug 13 2023 01: +0,1691884800
4.53,3,Aug 13 2023 02: +0,1691888400
4.304,2,Aug 13 2023 03: +0,1691892000
4.541,1,Aug 13 2023 04: +0,1691895600
4.541,1,Aug 13 2023 05: +0,1691899200
4.53,1,Aug 13 2023 06: +0,1691902800
4.552,3,Aug 13 2023 07: +0,1691906400
4.619,1,Aug 13 2023 08: +0,1691910000
4.066,2,Aug 13 2023 09: +0,1691913600
4.342,1,Aug 13 2023 10: +0,1691917200
4.012,3,Aug 13 2023 11: +0,1691920800
4.524,5,Aug 13 2023 12: +0,1691924400
4.563,2,Aug 13 2023 13: +0,1691928000
4.037,1,Aug 13 2023 14: +0,1691931600
4.176,3,Aug 13 2023 15: +0,1691935200
4.564,1,Aug 13 2023 16: +0,1691938800
4.373,6,Aug 13 2023 17: +0,1691942400
4.655,6,Aug 13 2023 18: +0,1691946000
4.668,1,Aug 13 2023 19: +0,1691949600
4.643,1,Aug 13 2023 20: +0,1691953200
4.603,4,Aug 13 2023 21: +0,1691956800
4.396,2,Aug 13 2023 22: +0,1691960400
4.634,1,Aug 13 2023 23: +0,1691964000
4.39,2,Aug 14 2023 00: +0,1691967600
4.326,1,Aug 14 2023 02: +0,1691974800
4.32,1,Aug 14 2023 04: +0,1691982000
4.335,1,Aug 14 2023 05: +0,1691985600
4.462,1,Aug 14 2023 08: +0,1691996400
4.344,2,Aug 14 2023 09: +0,1692000000
4.046,3,Aug 14 2023 10: +0,1692003600
4.223,2,Aug 14 2023 11: +0,1692007200
4.006,1,Aug 14 2023 12: +0,1692010800
4.579,5,Aug 14 2023 13: +0,1692014400
4.172,2,Aug 14 2023 14: +0,1692018000
4.027,5,Aug 14 2023 15: +0,1692021600
4.172,3,Aug 14 2023 16: +0,1692025200
4.168,6,Aug 14 2023 17: +0,1692028800
4.654,3,Aug 14 2023 18: +0,1692032400
4.628,3,Aug 14 2023 19: +0,1692036000
4.653,3,Aug 14 2023 20: +0,1692039600
4.627,3,Aug 14 2023 21: +0,1692043200
4.652,1,Aug 15 2023 00: +0,1692054000
4.567,4,Aug 15 2023 01: +0,1692057600
4.619,1,Aug 15 2023 03: +0,1692064800
4.267,1,Aug 15 2023 04: +0,1692068400
4.395,1,Aug 15 2023 05: +0,1692072000
4.575,1,Aug 15 2023 06: +0,1692075600
4.139,3,Aug 15 2023 09: +0,1692086400
4.134,3,Aug 15 2023 10: +0,1692090000
4.59,2,Aug 15 2023 11: +0,1692093600
4.253,3,Aug 15 2023 12: +0,1692097200
4.247,2,Aug 15 2023 13: +0,1692100800
4.516,3,Aug 15 2023 14: +0,1692104400
4.297,4,Aug 15 2023 15: +0,1692108000
4.589,3,Aug 15 2023 16: +0,1692111600
4.296,2,Aug 15 2023 17: +0,1692115200
4.609,3,Aug 15 2023 18: +0,1692118800
4.603,2,Aug 15 2023 19: +0,1692122400
4.615,2,Aug 15 2023 20: +0,1692126000
4.116,5,Aug 15 2023 21: +0,1692129600
4.094,5,Aug 15 2023 22: +0,1692133200
3.152,1,Aug 15 2023 23: +0,1692136800
4.53,4,Aug 16 2023 00: +0,1692140400
3.927,3,Aug 16 2023 01: +0,1692144000
4.619,1,Aug 16 2023 02: +0,1692147600
6.133,1,Aug 16 2023 04: +0,1692154800
4.292,2,Aug 16 2023 05: +0,1692158400
4.257,2,Aug 16 2023 06: +0,1692162000
4.532,1,Aug 16 2023 07: +0,1692165600
4.383,2,Aug 16 2023 08: +0,1692169200
3.982,1,Aug 16 2023 09: +0,1692172800
4.107,3,Aug 16 2023 10: +0,1692176400
3.94,2,Aug 16 2023 11: +0,1692180000
4.36,1,Aug 16 2023 12: +0,1692183600
4.493,2,Aug 16 2023 13: +0,1692187200
4.143,4,Aug 16 2023 14: +0,1692190800
4.575,3,Aug 16 2023 15: +0,1692194400
3.943,2,Aug 16 2023 16: +0,1692198000
4.576,4,Aug 16 2023 17: +0,1692201600
4.597,5,Aug 16 2023 18: +0,1692205200
4.388,2,Aug 16 2023 19: +0,1692208800
4.348,3,Aug 16 2023 20: +0,1692212400
4.545,4,Aug 16 2023 21: +0,1692216000
4.632,1,Aug 16 2023 22: +0,1692219600
4.461,2,Aug 16 2023 23: +0,1692223200
4.164,1,Aug 17 2023 00: +0,1692226800
4.674,1,Aug 17 2023 03: +0,1692237600
4.579,1,Aug 17 2023 04: +0,1692241200
4.414,1,Aug 17 2023 05: +0,1692244800
4.424,1,Aug 17 2023 06: +0,1692248400
4.53,2,Aug 17 2023 07: +0,1692252000
4.446,2,Aug 17 2023 08: +0,1692255600
4.603,1,Aug 17 2023 09: +0,1692259200
4.611,3,Aug 17 2023 10: +0,1692262800
4.431,3,Aug 17 2023 11: +0,1692266400
4.634,4,Aug 17 2023 12: +0,1692270000
4.626,4,Aug 17 2023 13: +0,1692273600
4.341,2,Aug 17 2023 14: +0,1692277200
3.935,5,Aug 17 2023 15: +0,1692280800
4.467,2,Aug 17 2023 16: +0,1692284400
4.383,4,Aug 17 2023 17: +0,1692288000
3.689,2,Aug 17 2023 18: +0,1692291600
4.613,3,Aug 17 2023 19: +0,1692295200
4.1,7,Aug 17 2023 20: +0,1692298800
4.607,4,Aug 17 2023 21: +0,1692302400
4.627,1,Aug 17 2023 22: +0,1692306000
4.616,1,Aug 17 2023 23: +0,1692309600
4.732,2,Aug 18 2023 00: +0,1692313200
4.28,1,Aug 18 2023 01: +0,1692316800
4.485,1,Aug 18 2023 03: +0,1692324000
4.553,2,Aug 18 2023 04: +0,1692327600
4.288,2,Aug 18 2023 05: +0,1692331200
4.503,1,Aug 18 2023 07: +0,1692338400
4.21,3,Aug 18 2023 11: +0,1692352800
4.459,2,Aug 18 2023 12: +0,1692356400
4.006,1,Aug 18 2023 13: +0,1692360000
4.169,2,Aug 18 2023 14: +0,1692363600
4.419,2,Aug 18 2023 15: +0,1692367200
4.375,8,Aug 18 2023 16: +0,1692370800
4.092,1,Aug 18 2023 18: +0,1692378000
4.094,1,Aug 18 2023 19: +0,1692381600
4.627,6,Aug 18 2023 20: +0,1692385200
4.077,6,Aug 18 2023 21: +0,1692388800
4.641,1,Aug 18 2023 22: +0,1692392400
4.085,4,Aug 18 2023 23: +0,1692396000
4.068,2,Aug 19 2023 00: +0,1692399600
4.417,4,Aug 19 2023 01: +0,1692403200
4.217,1,Aug 19 2023 03: +0,1692410400
4.563,1,Aug 19 2023 04: +0,1692414000
4.562,1,Aug 19 2023 05: +0,1692417600
4.644,1,Aug 19 2023 06: +0,1692421200
4.634,1,Aug 19 2023 07: +0,1692424800
4.147,3,Aug 19 2023 09: +0,1692432000
4.006,1,Aug 19 2023 10: +0,1692435600
4.107,2,Aug 19 2023 11: +0,1692439200
4.045,2,Aug 19 2023 12: +0,1692442800
4.633,3,Aug 19 2023 13: +0,1692446400
4.622,3,Aug 19 2023 14: +0,1692450000
3.841,3,Aug 19 2023 15: +0,1692453600
4.603,5,Aug 19 2023 16: +0,1692457200
4.631,1,Aug 19 2023 17: +0,1692460800
4.633,1,Aug 19 2023 18: +0,1692464400
4.562,3,Aug 19 2023 19: +0,1692468000
4.118,5,Aug 19 2023 20: +0,1692471600
4.349,1,Aug 19 2023 21: +0,1692475200
4.484,6,Aug 19 2023 22: +0,1692478800
4.622,4,Aug 19 2023 23: +0,1692482400
4.631,3,Aug 20 2023 00: +0,1692486000
4.694,2,Aug 20 2023 01: +0,1692489600
4.626,3,Aug 20 2023 02: +0,1692493200
4.044,2,Aug 20 2023 03: +0,1692496800
4.28,2,Aug 20 2023 04: +0,1692500400
4.65,1,Aug 20 2023 06: +0,1692507600
4.187,2,Aug 20 2023 09: +0,1692518400
4.072,2,Aug 20 2023 10: +0,1692522000
4.276,7,Aug 20 2023 11: +0,1692525600
4.566,2,Aug 20 2023 12: +0,1692529200
4.579,5,Aug 20 2023 13: +0,1692532800
4.037,3,Aug 20 2023 14: +0,1692536400
4.413,5,Aug 20 2023 15: +0,1692540000
4.639,9,Aug 20 2023 16: +0,1692543600
4.605,4,Aug 20 2023 17: +0,1692547200
4.674,3,Aug 20 2023 18: +0,1692550800
4.614,2,Aug 20 2023 19: +0,1692554400
4.278,3,Aug 20 2023 20: +0,1692558000
4.32,2,Aug 20 2023 21: +0,1692561600
4.673,3,Aug 20 2023 22: +0,1692565200
4.264,1,Aug 20 2023 23: +0,1692568800
3.432,1,Aug 21 2023 00: +0,1692572400
4.358,2,Aug 21 2023 02: +0,1692579600
4.28,1,Aug 21 2023 03: +0,1692583200
3.748,2,Aug 21 2023 04: +0,1692586800
4.367,1,Aug 21 2023 05: +0,1692590400
4.064,1,Aug 21 2023 07: +0,1692597600
4.597,1,Aug 21 2023 08: +0,1692601200
4.593,1,Aug 21 2023 09: +0,1692604800
4.615,3,Aug 21 2023 10: +0,1692608400
4.689,1,Aug 21 2023 11: +0,1692612000
4.092,4,Aug 21 2023 12: +0,1692615600
4.605,1,Aug 21 2023 14: +0,1692622800
4.452,1,Aug 21 2023 15: +0,1692626400
4.528,3,Aug 21 2023 16: +0,1692630000
4.639,6,Aug 21 2023 17: +0,1692633600
4.101,4,Aug 21 2023 18: +0,1692637200
4.247,3,Aug 21 2023 19: +0,1692640800
4.575,2,Aug 21 2023 20: +0,1692644400
4.487,2,Aug 21 2023 21: +0,1692648000
4.69,4,Aug 21 2023 22: +0,1692651600
4.693,2,Aug 21 2023 23: +0,1692655200
4.692,2,Aug 22 2023 00: +0,1692658800
4.006,2,Aug 22 2023 02: +0,1692666000
4.092,1,Aug 22 2023 03: +0,1692669600
4.694,3,Aug 22 2023 04: +0,1692673200
4.037,1,Aug 22 2023 06: +0,1692680400
4.005,1,Aug 22 2023 07: +0,1692684000
4.682,1,Aug 22 2023 08: +0,1692687600
4.733,1,Aug 22 2023 09: +0,1692691200
4.408,4,Aug 22 2023 10: +0,1692694800
4.642,2,Aug 22 2023 11: +0,1692698400
4.577,3,Aug 22 2023 12: +0,1692702000
4.634,2,Aug 22 2023 13: +0,1692705600
4.327,3,Aug 22 2023 14: +0,1692709200
4.722,3,Aug 22 2023 15: +0,1692712800
4.573,3,Aug 22 2023 16: +0,1692716400
4.575,1,Aug 22 2023 17: +0,1692720000
4.662,5,Aug 22 2023 18: +0,1692723600
4.722,7,Aug 22 2023 19: +0,1692727200
4.737,7,Aug 22 2023 20: +0,1692730800
2.391,2,Aug 22 2023 21: +0,1692734400
4.149,2,Aug 22 2023 22: +0,1692738000
4.08,1,Aug 22 2023 23: +0,1692741600
4.403,5,Aug 23 2023 00: +0,1692745200
4.098,1,Aug 23 2023 02: +0,1692752400
4.714,1,Aug 23 2023 03: +0,1692756000
4.654,1,Aug 23 2023 05: +0,1692763200
4.951,1,Aug 23 2023 06: +0,1692766800
4.718,2,Aug 23 2023 07: +0,1692770400
4.336,2,Aug 23 2023 08: +0,1692774000
4.766,1,Aug 23 2023 09: +0,1692777600
4.8,4,Aug 23 2023 11: +0,1692784800
4.869,5,Aug 23 2023 12: +0,1692788400
4.878,5,Aug 23 2023 13: +0,1692792000
4.625,1,Aug 23 2023 14: +0,1692795600
4.387,2,Aug 23 2023 15: +0,1692799200
4.508,4,Aug 23 2023 16: +0,1692802800
4.754,4,Aug 23 2023 17: +0,1692806400
4.775,4,Aug 23 2023 18: +0,1692810000
4.813,4,Aug 23 2023 19: +0,1692813600
4.921,7,Aug 23 2023 20: +0,1692817200
4.959,3,Aug 23 2023 21: +0,1692820800
4.645,2,Aug 23 2023 22: +0,1692824400
4.203,2,Aug 23 2023 23: +0,1692828000
4.951,3,Aug 24 2023 00: +0,1692831600
4.759,3,Aug 24 2023 02: +0,1692838800
4.509,2,Aug 24 2023 03: +0,1692842400
4.915,1,Aug 24 2023 04: +0,1692846000
4.206,1,Aug 24 2023 06: +0,1692853200
4.908,1,Aug 24 2023 08: +0,1692860400
4.125,1,Aug 24 2023 09: +0,1692864000
3.881,1,Aug 24 2023 11: +0,1692871200
4.135,1,Aug 24 2023 13: +0,1692878400
4.135,2,Aug 24 2023 14: +0,1692882000
4.135,3,Aug 24 2023 15: +0,1692885600
4.693,8,Aug 24 2023 16: +0,1692889200
4.482,6,Aug 24 2023 17: +0,1692892800
4.763,2,Aug 24 2023 18: +0,1692896400
4.703,1,Aug 24 2023 19: +0,1692900000
4.456,2,Aug 24 2023 20: +0,1692903600
4.689,6,Aug 24 2023 21: +0,1692907200
4.424,2,Aug 24 2023 22: +0,1692910800
4.699,5,Aug 24 2023 23: +0,1692914400
4.814,7,Aug 25 2023 00: +0,1692918000
4.431,2,Aug 25 2023 02: +0,1692925200
4.337,2,Aug 25 2023 03: +0,1692928800
4.397,3,Aug 25 2023 04: +0,1692932400
4.814,1,Aug 25 2023 05: +0,1692936000
4.143,3,Aug 25 2023 08: +0,1692946800
4.414,2,Aug 25 2023 09: +0,1692950400
4.759,2,Aug 25 2023 10: +0,1692954000
4.789,3,Aug 25 2023 11: +0,1692957600
4.469,2,Aug 25 2023 12: +0,1692961200
4.532,2,Aug 25 2023 13: +0,1692964800
4.406,2,Aug 25 2023 14: +0,1692968400
4.697,4,Aug 25 2023 15: +0,1692972000
4.72,1,Aug 25 2023 16: +0,1692975600
4.457,2,Aug 25 2023 18: +0,1692982800
4.517,4,Aug 25 2023 19: +0,1692986400
4.761,3,Aug 25 2023 20: +0,1692990000
4.754,4,Aug 25 2023 21: +0,1692993600
4.771,2,Aug 25 2023 22: +0,1692997200
4.787,1,Aug 26 2023 00: +0,1693004400
4.769,1,Aug 26 2023 02: +0,1693011600
4.127,1,Aug 26 2023 03: +0,1693015200
4.127,2,Aug 26 2023 05: +0,1693022400
4.127,3,Aug 26 2023 07: +0,1693029600
4.562,3,Aug 26 2023 09: +0,1693036800
4.042,2,Aug 26 2023 10: +0,1693040400
4.119,3,Aug 26 2023 11: +0,1693044000
4.119,1,Aug 26 2023 12: +0,1693047600
3.181,2,Aug 26 2023 13: +0,1693051200
4.242,5,Aug 26 2023 14: +0,1693054800
4.372,2,Aug 26 2023 15: +0,1693058400
4.406,4,Aug 26 2023 16: +0,1693062000
4.431,3,Aug 26 2023 17: +0,1693065600
4.2,4,Aug 26 2023 18: +0,1693069200
4.203,6,Aug 26 2023 19: +0,1693072800
4.534,5,Aug 26 2023 20: +0,1693076400
4.682,6,Aug 26 2023 21: +0,1693080000
4.742,3,Aug 26 2023 22: +0,1693083600
4.678,2,Aug 27 2023 00: +0,1693090800
4.798,2,Aug 27 2023 01: +0,1693094400
4.443,2,Aug 27 2023 02: +0,1693098000
3.738,1,Aug 27 2023 03: +0,1693101600
4.062,1,Aug 27 2023 04: +0,1693105200
4.025,2,Aug 27 2023 06: +0,1693112400
4.127,1,Aug 27 2023 08: +0,1693119600
4.773,1,Aug 27 2023 09: +0,1693123200
4.783,4,Aug 27 2023 10: +0,1693126800
4.39,3,Aug 27 2023 11: +0,1693130400
4.409,2,Aug 27 2023 12: +0,1693134000
4.436,2,Aug 27 2023 13: +0,1693137600
4.57,5,Aug 27 2023 14: +0,1693141200
4.57,3,Aug 27 2023 15: +0,1693144800
4.746,4,Aug 27 2023 16: +0,1693148400
4.135,5,Aug 27 2023 17: +0,1693152000
4.524,4,Aug 27 2023 18: +0,1693155600
4.76,4,Aug 27 2023 19: +0,1693159200
4.781,4,Aug 27 2023 20: +0,1693162800
4.444,6,Aug 27 2023 21: +0,1693166400
4.409,1,Aug 27 2023 22: +0,1693170000
4.733,1,Aug 27 2023 23: +0,1693173600
4.682,1,Aug 28 2023 00: +0,1693177200
4.776,3,Aug 28 2023 01: +0,1693180800
4.801,1,Aug 28 2023 03: +0,1693188000
4.793,2,Aug 28 2023 06: +0,1693198800
4.447,2,Aug 28 2023 07: +0,1693202400
4.801,1,Aug 28 2023 08: +0,1693206000
4.544,2,Aug 28 2023 09: +0,1693209600
4.793,5,Aug 28 2023 10: +0,1693213200
4.621,5,Aug 28 2023 11: +0,1693216800
4.769,2,Aug 28 2023 12: +0,1693220400
4.771,5,Aug 28 2023 13: +0,1693224000
4.573,7,Aug 28 2023 15: +0,1693231200
4.532,2,Aug 28 2023 16: +0,1693234800
4.796,3,Aug 28 2023 17: +0,1693238400
4.677,5,Aug 28 2023 18: +0,1693242000
4.696,3,Aug 28 2023 19: +0,1693245600
4.827,2,Aug 28 2023 20: +0,1693249200
4.76,3,Aug 28 2023 21: +0,1693252800
4.563,5,Aug 28 2023 22: +0,1693256400
4.581,3,Aug 28 2023 23: +0,1693260000
4.797,1,Aug 29 2023 00: +0,1693263600
4.401,2,Aug 29 2023 01: +0,1693267200
4.533,1,Aug 29 2023 02: +0,1693270800
4.344,3,Aug 29 2023 03: +0,1693274400
4.794,2,Aug 29 2023 04: +0,1693278000
4.806,1,Aug 29 2023 05: +0,1693281600
4.234,1,Aug 29 2023 08: +0,1693292400
4.192,2,Aug 29 2023 09: +0,1693296000
4.257,3,Aug 29 2023 10: +0,1693299600
4.352,2,Aug 29 2023 11: +0,1693303200
4.242,6,Aug 29 2023 12: +0,1693306800
4.403,2,Aug 29 2023 13: +0,1693310400
4.187,3,Aug 29 2023 14: +0,1693314000
4.508,3,Aug 29 2023 15: +0,1693317600
4.652,4,Aug 29 2023 16: +0,1693321200
4.633,4,Aug 29 2023 17: +0,1693324800
4.8,2,Aug 29 2023 18: +0,1693328400
4.54,4,Aug 29 2023 19: +0,1693332000
4.32,2,Aug 29 2023 20: +0,1693335600
4.747,5,Aug 29 2023 21: +0,1693339200
4.14,3,Aug 29 2023 22: +0,1693342800
4.851,1,Aug 29 2023 23: +0,1693346400
4.666,5,Aug 30 2023 01: +0,1693353600
4.851,2,Aug 30 2023 02: +0,1693357200
3.627,1,Aug 30 2023 04: +0,1693364400
4.171,2,Aug 30 2023 05: +0,1693368000
4.795,1,Aug 30 2023 06: +0,1693371600
4.841,1,Aug 30 2023 07: +0,1693375200
4.85,1,Aug 30 2023 09: +0,1693382400
4.236,4,Aug 30 2023 10: +0,1693386000
4.148,3,Aug 30 2023 11: +0,1693389600
4.178,3,Aug 30 2023 13: +0,1693396800
4.194,3,Aug 30 2023 14: +0,1693400400
4.214,3,Aug 30 2023 15: +0,1693404000
4.187,4,Aug 30 2023 16: +0,1693407600
4.747,2,Aug 30 2023 17: +0,1693411200
4.756,3,Aug 30 2023 18: +0,1693414800
4.748,7,Aug 30 2023 19: +0,1693418400
4.776,2,Aug 30 2023 20: +0,1693422000
4.331,4,Aug 30 2023 21: +0,1693425600
4.669,2,Aug 30 2023 22: +0,1693429200
4.324,4,Aug 30 2023 23: +0,1693432800
4.116,3,Aug 31 2023 00: +0,1693436400
4.471,2,Aug 31 2023 01: +0,1693440000
4.492,2,Aug 31 2023 02: +0,1693443600
3.943,1,Aug 31 2023 04: +0,1693450800
4.35,1,Aug 31 2023 07: +0,1693461600
4.372,1,Aug 31 2023 08: +0,1693465200
4.328,3,Aug 31 2023 09: +0,1693468800
4.088,1,Aug 31 2023 11: +0,1693476000
4.264,1,Aug 31 2023 12: +0,1693479600
4.32,4,Aug 31 2023 13: +0,1693483200
4.341,3,Aug 31 2023 14: +0,1693486800
4.385,2,Aug 31 2023 15: +0,1693490400
4.171,7,Aug 31 2023 16: +0,1693494000
4.717,4,Aug 31 2023 17: +0,1693497600
4.725,5,Aug 31 2023 18: +0,1693501200
4.679,4,Aug 31 2023 19: +0,1693504800
4.742,3,Aug 31 2023 20: +0,1693508400
4.741,5,Aug 31 2023 21: +0,1693512000
4.641,4,Aug 31 2023 22: +0,1693515600
4.794,2,Aug 31 2023 23: +0,1693519200
4.14,1,Sep 01 2023 00: +0,1693522800
4.666,2,Sep 01 2023 01: +0,1693526400
4.775,3,Sep 01 2023 02: +0,1693530000
3.992,2,Sep 01 2023 03: +0,1693533600
4.7,4,Sep 01 2023 04: +0,1693537200
4.792,4,Sep 01 2023 05: +0,1693540800
4.841,3,Sep 01 2023 06: +0,1693544400
4.307,3,Sep 01 2023 08: +0,1693551600
4.308,1,Sep 01 2023 09: +0,1693555200
4.881,4,Sep 01 2023 10: +0,1693558800
4.576,4,Sep 01 2023 11: +0,1693562400
4.881,3,Sep 01 2023 12: +0,1693566000
4.905,1,Sep 01 2023 13: +0,1693569600
4.348,1,Sep 01 2023 14: +0,1693573200
4.887,1,Sep 01 2023 16: +0,1693580400
4.895,7,Sep 01 2023 17: +0,1693584000
4.921,9,Sep 01 2023 18: +0,1693587600
4.921,5,Sep 01 2023 19: +0,1693591200
4.928,11,Sep 01 2023 20: +0,1693594800
4.925,13,Sep 01 2023 21: +0,1693598400
4.989,4,Sep 01 2023 22: +0,1693602000
5.034,10,Sep 01 2023 23: +0,1693605600
5.136,4,Sep 02 2023 00: +0,1693609200
5.154,4,Sep 02 2023 01: +0,1693612800
5.213,5,Sep 02 2023 02: +0,1693616400
5.288,7,Sep 02 2023 03: +0,1693620000
4.825,4,Sep 02 2023 04: +0,1693623600
5.373,2,Sep 02 2023 05: +0,1693627200
5.224,1,Sep 02 2023 07: +0,1693634400
4.929,4,Sep 02 2023 08: +0,1693638000
5.319,3,Sep 02 2023 09: +0,1693641600
5.2,4,Sep 02 2023 10: +0,1693645200
5.418,6,Sep 02 2023 11: +0,1693648800
5.419,4,Sep 02 2023 12: +0,1693652400
5.399,4,Sep 02 2023 13: +0,1693656000
5.424,2,Sep 02 2023 14: +0,1693659600
5.458,4,Sep 02 2023 15: +0,1693663200
5.647,4,Sep 02 2023 16: +0,1693666800
5.91,9,Sep 02 2023 17: +0,1693670400
6.003,5,Sep 02 2023 18: +0,1693674000
5.824,8,Sep 02 2023 19: +0,1693677600
5.54,7,Sep 02 2023 20: +0,1693681200
5.716,12,Sep 02 2023 21: +0,1693684800
5.926,8,Sep 02 2023 22: +0,1693688400
5.365,2,Sep 02 2023 23: +0,1693692000
5.702,2,Sep 03 2023 00: +0,1693695600
5.866,1,Sep 03 2023 01: +0,1693699200
5.766,1,Sep 03 2023 02: +0,1693702800
5.768,3,Sep 03 2023 03: +0,1693706400
5.744,4,Sep 03 2023 04: +0,1693710000
5.649,4,Sep 03 2023 05: +0,1693713600
5.653,2,Sep 03 2023 06: +0,1693717200
5.858,4,Sep 03 2023 07: +0,1693720800
5.765,1,Sep 03 2023 08: +0,1693724400
5.545,1,Sep 03 2023 09: +0,1693728000
5.439,3,Sep 03 2023 10: +0,1693731600
5.495,3,Sep 03 2023 11: +0,1693735200
5.49,10,Sep 03 2023 12: +0,1693738800
5.497,1,Sep 03 2023 13: +0,1693742400
5.492,4,Sep 03 2023 14: +0,1693746000
5.606,3,Sep 03 2023 15: +0,1693749600
5.585,4,Sep 03 2023 16: +0,1693753200
5.764,9,Sep 03 2023 17: +0,1693756800
5.738,7,Sep 03 2023 18: +0,1693760400
5.823,8,Sep 03 2023 19: +0,1693764000
5.977,8,Sep 03 2023 20: +0,1693767600
6.078,4,Sep 03 2023 21: +0,1693771200
6.161,6,Sep 03 2023 22: +0,1693774800
6.141,3,Sep 03 2023 23: +0,1693778400
6.119,3,Sep 04 2023 00: +0,1693782000
6.137,2,Sep 04 2023 01: +0,1693785600
6.15,4,Sep 04 2023 02: +0,1693789200
5.827,1,Sep 04 2023 03: +0,1693792800
6.07,1,Sep 04 2023 04: +0,1693796400
5.977,2,Sep 04 2023 05: +0,1693800000
5.55,2,Sep 04 2023 06: +0,1693803600
5.824,2,Sep 04 2023 08: +0,1693810800
6.098,4,Sep 04 2023 09: +0,1693814400
6.089,5,Sep 04 2023 10: +0,1693818000
5.981,4,Sep 04 2023 11: +0,1693821600
6.237,2,Sep 04 2023 12: +0,1693825200
5.426,4,Sep 04 2023 13: +0,1693828800
5.227,5,Sep 04 2023 14: +0,1693832400
5.93,4,Sep 04 2023 15: +0,1693836000
5.927,4,Sep 04 2023 16: +0,1693839600
5.929,7,Sep 04 2023 17: +0,1693843200
5.935,5,Sep 04 2023 18: +0,1693846800
5.996,9,Sep 04 2023 19: +0,1693850400
6.092,7,Sep 04 2023 20: +0,1693854000
6.094,5,Sep 04 2023 21: +0,1693857600
5.986,6,Sep 04 2023 22: +0,1693861200
6.056,6,Sep 04 2023 23: +0,1693864800
5.77,3,Sep 05 2023 00: +0,1693868400
6.049,1,Sep 05 2023 01: +0,1693872000
5.891,2,Sep 05 2023 02: +0,1693875600
5.691,1,Sep 05 2023 03: +0,1693879200
6.038,1,Sep 05 2023 04: +0,1693882800
6.005,1,Sep 05 2023 05: +0,1693886400
5.158,1,Sep 05 2023 09: +0,1693900800
5.61,1,Sep 05 2023 10: +0,1693904400
5.652,2,Sep 05 2023 11: +0,1693908000
5.654,4,Sep 05 2023 12: +0,1693911600
5.795,5,Sep 05 2023 13: +0,1693915200
5.84,2,Sep 05 2023 14: +0,1693918800
5.85,4,Sep 05 2023 15: +0,1693922400
5.944,5,Sep 05 2023 16: +0,1693926000
5.93,6,Sep 05 2023 17: +0,1693929600
5.979,2,Sep 05 2023 18: +0,1693933200
5.947,6,Sep 05 2023 19: +0,1693936800
5.947,8,Sep 05 2023 20: +0,1693940400
5.873,7,Sep 05 2023 21: +0,1693944000
5.946,9,Sep 05 2023 22: +0,1693947600
5.954,4,Sep 05 2023 23: +0,1693951200
5.965,6,Sep 06 2023 00: +0,1693954800
5.657,3,Sep 06 2023 01: +0,1693958400
5.995,5,Sep 06 2023 02: +0,1693962000
5.978,1,Sep 06 2023 03: +0,1693965600
5.923,3,Sep 06 2023 04: +0,1693969200
5.925,1,Sep 06 2023 06: +0,1693976400
5.925,3,Sep 06 2023 07: +0,1693980000
5.665,2,Sep 06 2023 09: +0,1693987200
5.415,4,Sep 06 2023 10: +0,1693990800
5.15,5,Sep 06 2023 11: +0,1693994400
5.833,2,Sep 06 2023 12: +0,1693998000
5.642,4,Sep 06 2023 13: +0,1694001600
5.831,3,Sep 06 2023 14: +0,1694005200
5.925,3,Sep 06 2023 15: +0,1694008800
5.879,6,Sep 06 2023 16: +0,1694012400
5.925,4,Sep 06 2023 17: +0,1694016000
5.899,7,Sep 06 2023 18: +0,1694019600
5.899,4,Sep 06 2023 19: +0,1694023200
5.895,6,Sep 06 2023 20: +0,1694026800
5.198,3,Sep 06 2023 21: +0,1694030400
5.754,4,Sep 06 2023 22: +0,1694034000
5.459,5,Sep 06 2023 23: +0,1694037600
5.437,2,Sep 07 2023 00: +0,1694041200
5.887,5,Sep 07 2023 01: +0,1694044800
5.895,1,Sep 07 2023 02: +0,1694048400
5.918,1,Sep 07 2023 03: +0,1694052000
5.921,4,Sep 07 2023 04: +0,1694055600
5.662,3,Sep 07 2023 06: +0,1694062800
5.921,1,Sep 07 2023 08: +0,1694070000
5.309,4,Sep 07 2023 09: +0,1694073600
5.929,2,Sep 07 2023 11: +0,1694080800
5.265,3,Sep 07 2023 12: +0,1694084400
5.491,2,Sep 07 2023 13: +0,1694088000
5.886,4,Sep 07 2023 14: +0,1694091600
5.524,7,Sep 07 2023 15: +0,1694095200
5.659,7,Sep 07 2023 16: +0,1694098800
5.45,2,Sep 07 2023 17: +0,1694102400
5.809,5,Sep 07 2023 18: +0,1694106000
5.765,5,Sep 07 2023 19: +0,1694109600
5.848,1,Sep 07 2023 20: +0,1694113200
5.84,6,Sep 07 2023 21: +0,1694116800
5.467,2,Sep 07 2023 22: +0,1694120400
5.766,1,Sep 07 2023 23: +0,1694124000
5.78,2,Sep 08 2023 00: +0,1694127600
5.82,1,Sep 08 2023 01: +0,1694131200
5.81,1,Sep 08 2023 02: +0,1694134800
5.636,3,Sep 08 2023 03: +0,1694138400
4.271,1,Sep 08 2023 04: +0,1694142000
5.665,1,Sep 08 2023 05: +0,1694145600
5.721,1,Sep 08 2023 09: +0,1694160000
5.792,2,Sep 08 2023 10: +0,1694163600
5.161,3,Sep 08 2023 11: +0,1694167200
5.649,5,Sep 08 2023 12: +0,1694170800
5.741,4,Sep 08 2023 13: +0,1694174400
5.848,3,Sep 08 2023 14: +0,1694178000
5.814,5,Sep 08 2023 15: +0,1694181600
5.858,5,Sep 08 2023 16: +0,1694185200
5.432,5,Sep 08 2023 17: +0,1694188800
5.837,10,Sep 08 2023 18: +0,1694192400
5.807,4,Sep 08 2023 19: +0,1694196000
5.848,7,Sep 08 2023 20: +0,1694199600
5.61,5,Sep 08 2023 21: +0,1694203200
5.764,6,Sep 08 2023 22: +0,1694206800
5.793,4,Sep 08 2023 23: +0,1694210400
5.876,2,Sep 09 2023 00: +0,1694214000
5.881,5,Sep 09 2023 01: +0,1694217600
5.88,2,Sep 09 2023 02: +0,1694221200
5.89,4,Sep 09 2023 03: +0,1694224800
5.675,1,Sep 09 2023 05: +0,1694232000
5.891,3,Sep 09 2023 06: +0,1694235600
5.899,1,Sep 09 2023 07: +0,1694239200
5.842,3,Sep 09 2023 08: +0,1694242800
4.96,3,Sep 09 2023 10: +0,1694250000
5.777,2,Sep 09 2023 11: +0,1694253600
5.8,3,Sep 09 2023 12: +0,1694257200
5.779,1,Sep 09 2023 13: +0,1694260800
5.054,2,Sep 09 2023 14: +0,1694264400
5.373,5,Sep 09 2023 15: +0,1694268000
5.834,8,Sep 09 2023 16: +0,1694271600
5.811,11,Sep 09 2023 17: +0,1694275200
5.791,8,Sep 09 2023 18: +0,1694278800
5.903,7,Sep 09 2023 19: +0,1694282400
5.948,2,Sep 09 2023 20: +0,1694286000
5.948,9,Sep 09 2023 21: +0,1694289600
5.971,7,Sep 09 2023 22: +0,1694293200
5.946,2,Sep 09 2023 23: +0,1694296800
5.472,4,Sep 10 2023 00: +0,1694300400
5.488,4,Sep 10 2023 01: +0,1694304000
6.047,3,Sep 10 2023 02: +0,1694307600
6.079,2,Sep 10 2023 03: +0,1694311200
5.352,2,Sep 10 2023 04: +0,1694314800
5.992,2,Sep 10 2023 05: +0,1694318400
5.369,3,Sep 10 2023 07: +0,1694325600
5.774,2,Sep 10 2023 08: +0,1694329200
5.165,3,Sep 10 2023 09: +0,1694332800
5.844,6,Sep 10 2023 10: +0,1694336400
6.372,1,Sep 10 2023 11: +0,1694340000
5.88,7,Sep 10 2023 12: +0,1694343600
5.976,6,Sep 10 2023 13: +0,1694347200
5.891,4,Sep 10 2023 14: +0,1694350800
5.989,8,Sep 10 2023 15: +0,1694354400
6.015,8,Sep 10 2023 16: +0,1694358000
5.623,4,Sep 10 2023 17: +0,1694361600
6.049,5,Sep 10 2023 18: +0,1694365200
6.035,11,Sep 10 2023 19: +0,1694368800
6.075,3,Sep 10 2023 20: +0,1694372400
6.083,3,Sep 10 2023 21: +0,1694376000
6.076,7,Sep 10 2023 22: +0,1694379600
6.125,4,Sep 10 2023 23: +0,1694383200
6.133,3,Sep 11 2023 00: +0,1694386800
6.205,1,Sep 11 2023 01: +0,1694390400
5.48,1,Sep 11 2023 02: +0,1694394000
5.987,1,Sep 11 2023 03: +0,1694397600
5.952,2,Sep 11 2023 04: +0,1694401200
5.979,3,Sep 11 2023 05: +0,1694404800
5.207,1,Sep 11 2023 06: +0,1694408400
5.989,3,Sep 11 2023 08: +0,1694415600
4.585,6,Sep 11 2023 09: +0,1694419200
5.158,1,Sep 11 2023 10: +0,1694422800
5.53,3,Sep 11 2023 11: +0,1694426400
6.015,4,Sep 11 2023 12: +0,1694430000
6.1,2,Sep 11 2023 13: +0,1694433600
5.215,3,Sep 11 2023 14: +0,1694437200
5.593,6,Sep 11 2023 15: +0,1694440800
5.849,5,Sep 11 2023 16: +0,1694444400
5.748,9,Sep 11 2023 17: +0,1694448000
6.004,8,Sep 11 2023 18: +0,1694451600
6.007,3,Sep 11 2023 19: +0,1694455200
6.015,7,Sep 11 2023 20: +0,1694458800
5.86,3,Sep 11 2023 21: +0,1694462400
5.963,5,Sep 11 2023 22: +0,1694466000
6.084,5,Sep 11 2023 23: +0,1694469600
6.087,3,Sep 12 2023 00: +0,1694473200
5.583,2,Sep 12 2023 01: +0,1694476800
5.553,1,Sep 12 2023 02: +0,1694480400
6.144,2,Sep 12 2023 03: +0,1694484000
6.277,2,Sep 12 2023 04: +0,1694487600
5.956,1,Sep 12 2023 06: +0,1694494800
6.108,3,Sep 12 2023 07: +0,1694498400
6.119,3,Sep 12 2023 08: +0,1694502000
6.127,3,Sep 12 2023 09: +0,1694505600
5.832,2,Sep 12 2023 10: +0,1694509200
6.127,3,Sep 12 2023 11: +0,1694512800
5.829,3,Sep 12 2023 12: +0,1694516400
6.071,4,Sep 12 2023 13: +0,1694520000
6.116,3,Sep 12 2023 14: +0,1694523600
6.17,5,Sep 12 2023 15: +0,1694527200
6.205,5,Sep 12 2023 16: +0,1694530800
6.119,4,Sep 12 2023 17: +0,1694534400
5.978,3,Sep 12 2023 18: +0,1694538000
5.558,5,Sep 12 2023 19: +0,1694541600
5.868,1,Sep 12 2023 20: +0,1694545200
5.561,3,Sep 12 2023 21: +0,1694548800
5.521,1,Sep 12 2023 22: +0,1694552400
5.923,1,Sep 12 2023 23: +0,1694556000
6.036,1,Sep 13 2023 00: +0,1694559600
6.108,3,Sep 13 2023 01: +0,1694563200
5.166,2,Sep 13 2023 02: +0,1694566800
6.112,3,Sep 13 2023 03: +0,1694570400
6.124,3,Sep 13 2023 04: +0,1694574000
6.125,1,Sep 13 2023 05: +0,1694577600
6.124,1,Sep 13 2023 06: +0,1694581200
6.127,4,Sep 13 2023 07: +0,1694584800
6.112,1,Sep 13 2023 08: +0,1694588400
6.058,1,Sep 13 2023 09: +0,1694592000
5.564,2,Sep 13 2023 10: +0,1694595600
5.974,5,Sep 13 2023 11: +0,1694599200
6.004,5,Sep 13 2023 12: +0,1694602800
5.807,1,Sep 13 2023 13: +0,1694606400
5.957,7,Sep 13 2023 14: +0,1694610000
6.0,5,Sep 13 2023 15: +0,1694613600
5.995,7,Sep 13 2023 16: +0,1694617200
6.018,3,Sep 13 2023 17: +0,1694620800
6.058,6,Sep 13 2023 18: +0,1694624400
6.068,7,Sep 13 2023 19: +0,1694628000
6.079,7,Sep 13 2023 20: +0,1694631600
6.084,7,Sep 13 2023 21: +0,1694635200
6.092,5,Sep 13 2023 22: +0,1694638800
6.088,4,Sep 13 2023 23: +0,1694642400
6.06,1,Sep 14 2023 00: +0,1694646000
6.132,1,Sep 14 2023 01: +0,1694649600
6.051,4,Sep 14 2023 02: +0,1694653200
6.115,1,Sep 14 2023 03: +0,1694656800
6.116,2,Sep 14 2023 04: +0,1694660400
5.674,2,Sep 14 2023 05: +0,1694664000
6.102,3,Sep 14 2023 06: +0,1694667600
6.054,4,Sep 14 2023 07: +0,1694671200
6.061,2,Sep 14 2023 09: +0,1694678400
6.084,3,Sep 14 2023 10: +0,1694682000
5.199,1,Sep 14 2023 11: +0,1694685600
6.081,2,Sep 14 2023 12: +0,1694689200
6.057,5,Sep 14 2023 13: +0,1694692800
6.076,5,Sep 14 2023 14: +0,1694696400
6.092,9,Sep 14 2023 15: +0,1694700000
6.087,7,Sep 14 2023 16: +0,1694703600
6.057,7,Sep 14 2023 17: +0,1694707200
6.134,4,Sep 14 2023 18: +0,1694710800
6.257,8,Sep 14 2023 19: +0,1694714400
6.257,5,Sep 14 2023 20: +0,1694718000
6.288,5,Sep 14 2023 21: +0,1694721600
5.933,6,Sep 14 2023 22: +0,1694725200
6.375,6,Sep 14 2023 23: +0,1694728800
6.488,3,Sep 15 2023 01: +0,1694736000
6.493,1,Sep 15 2023 02: +0,1694739600
6.068,1,Sep 15 2023 03: +0,1694743200
6.306,2,Sep 15 2023 04: +0,1694746800
6.197,4,Sep 15 2023 05: +0,1694750400
6.379,4,Sep 15 2023 06: +0,1694754000
6.441,2,Sep 15 2023 07: +0,1694757600
6.085,1,Sep 15 2023 08: +0,1694761200
6.342,3,Sep 15 2023 09: +0,1694764800
5.826,3,Sep 15 2023 10: +0,1694768400
6.368,1,Sep 15 2023 11: +0,1694772000
6.394,4,Sep 15 2023 12: +0,1694775600
5.946,4,Sep 15 2023 13: +0,1694779200
6.011,5,Sep 15 2023 14: +0,1694782800
6.334,5,Sep 15 2023 15: +0,1694786400
6.368,7,Sep 15 2023 16: +0,1694790000
6.237,3,Sep 15 2023 17: +0,1694793600
5.44,5,Sep 15 2023 18: +0,1694797200
6.267,8,Sep 15 2023 19: +0,1694800800
6.404,8,Sep 15 2023 20: +0,1694804400
6.27,11,Sep 15 2023 21: +0,1694808000
6.375,5,Sep 15 2023 22: +0,1694811600
6.379,5,Sep 15 2023 23: +0,1694815200
6.176,6,Sep 16 2023 00: +0,1694818800
5.582,2,Sep 16 2023 01: +0,1694822400
6.317,2,Sep 16 2023 02: +0,1694826000
5.801,2,Sep 16 2023 03: +0,1694829600
5.99,2,Sep 16 2023 05: +0,1694836800
5.346,1,Sep 16 2023 06: +0,1694840400
5.993,1,Sep 16 2023 07: +0,1694844000
6.199,1,Sep 16 2023 08: +0,1694847600
5.552,3,Sep 16 2023 09: +0,1694851200
5.729,2,Sep 16 2023 10: +0,1694854800
6.156,1,Sep 16 2023 11: +0,1694858400
6.181,3,Sep 16 2023 12: +0,1694862000
6.138,7,Sep 16 2023 13: +0,1694865600
5.599,4,Sep 16 2023 14: +0,1694869200
5.491,3,Sep 16 2023 15: +0,1694872800
5.76,2,Sep 16 2023 16: +0,1694876400
6.009,4,Sep 16 2023 17: +0,1694880000
5.955,4,Sep 16 2023 18: +0,1694883600
5.659,2,Sep 16 2023 19: +0,1694887200
6.04,4,Sep 16 2023 20: +0,1694890800
6.094,6,Sep 16 2023 21: +0,1694894400
6.278,6,Sep 16 2023 22: +0,1694898000
6.362,1,Sep 16 2023 23: +0,1694901600
6.367,7,Sep 17 2023 00: +0,1694905200
5.026,1,Sep 17 2023 01: +0,1694908800
5.254,1,Sep 17 2023 02: +0,1694912400
5.435,3,Sep 17 2023 04: +0,1694919600
5.861,2,Sep 17 2023 05: +0,1694923200
6.035,1,Sep 17 2023 06: +0,1694926800
6.267,1,Sep 17 2023 07: +0,1694930400
6.252,2,Sep 17 2023 08: +0,1694934000
5.756,2,Sep 17 2023 09: +0,1694937600
6.112,4,Sep 17 2023 10: +0,1694941200
6.275,5,Sep 17 2023 11: +0,1694944800
6.27,5,Sep 17 2023 12: +0,1694948400
6.074,1,Sep 17 2023 13: +0,1694952000
5.832,8,Sep 17 2023 14: +0,1694955600
6.31,3,Sep 17 2023 15: +0,1694959200
6.301,6,Sep 17 2023 16: +0,1694962800
6.092,3,Sep 17 2023 17: +0,1694966400
6.275,8,Sep 17 2023 18: +0,1694970000
6.198,3,Sep 17 2023 19: +0,1694973600
6.192,6,Sep 17 2023 20: +0,1694977200
6.342,9,Sep 17 2023 21: +0,1694980800
5.492,3,Sep 17 2023 22: +0,1694984400
5.742,2,Sep 17 2023 23: +0,1694988000
6.122,6,Sep 18 2023 00: +0,1694991600
5.81,2,Sep 18 2023 01: +0,1694995200
5.805,2,Sep 18 2023 02: +0,1694998800
6.165,1,Sep 18 2023 03: +0,1695002400
6.262,4,Sep 18 2023 05: +0,1695009600
6.315,2,Sep 18 2023 06: +0,1695013200
5.882,2,Sep 18 2023 07: +0,1695016800
5.934,2,Sep 18 2023 08: +0,1695020400
5.524,2,Sep 18 2023 09: +0,1695024000
5.424,2,Sep 18 2023 10: +0,1695027600
5.421,4,Sep 18 2023 11: +0,1695031200
4.961,2,Sep 18 2023 12: +0,1695034800
5.519,2,Sep 18 2023 13: +0,1695038400
5.879,8,Sep 18 2023 14: +0,1695042000
5.9,3,Sep 18 2023 15: +0,1695045600
6.078,5,Sep 18 2023 16: +0,1695049200
6.2,4,Sep 18 2023 17: +0,1695052800
6.288,4,Sep 18 2023 18: +0,1695056400
6.112,7,Sep 18 2023 19: +0,1695060000
6.138,5,Sep 18 2023 20: +0,1695063600
5.553,3,Sep 18 2023 21: +0,1695067200
6.066,10,Sep 18 2023 22: +0,1695070800
6.401,4,Sep 18 2023 23: +0,1695074400
6.057,2,Sep 19 2023 00: +0,1695078000
5.983,2,Sep 19 2023 01: +0,1695081600
5.542,1,Sep 19 2023 03: +0,1695088800
6.401,1,Sep 19 2023 04: +0,1695092400
6.089,1,Sep 19 2023 05: +0,1695096000
5.574,1,Sep 19 2023 08: +0,1695106800
6.312,2,Sep 19 2023 09: +0,1695110400
5.58,3,Sep 19 2023 10: +0,1695114000
5.925,2,Sep 19 2023 12: +0,1695121200
6.026,2,Sep 19 2023 13: +0,1695124800
6.158,4,Sep 19 2023 15: +0,1695132000
5.529,2,Sep 19 2023 16: +0,1695135600
6.03,5,Sep 19 2023 17: +0,1695139200
6.012,6,Sep 19 2023 18: +0,1695142800
5.689,5,Sep 19 2023 19: +0,1695146400
5.91,2,Sep 19 2023 20: +0,1695150000
5.999,7,Sep 19 2023 21: +0,1695153600
6.305,8,Sep 19 2023 22: +0,1695157200
6.364,2,Sep 19 2023 23: +0,1695160800
6.077,1,Sep 20 2023 01: +0,1695168000
5.246,1,Sep 20 2023 03: +0,1695175200
5.971,2,Sep 20 2023 04: +0,1695178800
6.216,2,Sep 20 2023 07: +0,1695189600
5.714,2,Sep 20 2023 08: +0,1695193200
5.779,1,Sep 20 2023 09: +0,1695196800
6.304,2,Sep 20 2023 10: +0,1695200400
6.191,1,Sep 20 2023 11: +0,1695204000
6.016,1,Sep 20 2023 12: +0,1695207600
5.643,6,Sep 20 2023 14: +0,1695214800
5.797,5,Sep 20 2023 15: +0,1695218400
5.963,7,Sep 20 2023 16: +0,1695222000
5.605,3,Sep 20 2023 17: +0,1695225600
5.619,3,Sep 20 2023 18: +0,1695229200
5.786,5,Sep 20 2023 19: +0,1695232800
6.018,4,Sep 20 2023 20: +0,1695236400
5.916,4,Sep 20 2023 21: +0,1695240000
6.055,7,Sep 20 2023 22: +0,1695243600
6.152,3,Sep 20 2023 23: +0,1695247200
6.161,3,Sep 21 2023 00: +0,1695250800
6.232,4,Sep 21 2023 02: +0,1695258000
6.276,1,Sep 21 2023 03: +0,1695261600
5.802,1,Sep 21 2023 05: +0,1695268800
6.269,3,Sep 21 2023 06: +0,1695272400
6.081,1,Sep 21 2023 11: +0,1695290400
6.056,4,Sep 21 2023 12: +0,1695294000
5.696,1,Sep 21 2023 13: +0,1695297600
6.063,7,Sep 21 2023 15: +0,1695304800
5.605,5,Sep 21 2023 16: +0,1695308400
5.919,4,Sep 21 2023 17: +0,1695312000
5.615,6,Sep 21 2023 18: +0,1695315600
6.012,5,Sep 21 2023 19: +0,1695319200
6.027,4,Sep 21 2023 20: +0,1695322800
6.057,4,Sep 21 2023 21: +0,1695326400
6.104,1,Sep 21 2023 22: +0,1695330000
5.981,1,Sep 21 2023 23: +0,1695333600
6.063,2,Sep 22 2023 00: +0,1695337200
5.67,1,Sep 22 2023 02: +0,1695344400
5.61,2,Sep 22 2023 03: +0,1695348000
6.226,2,Sep 22 2023 04: +0,1695351600
6.007,2,Sep 22 2023 05: +0,1695355200
6.125,2,Sep 22 2023 08: +0,1695366000
6.141,3,Sep 22 2023 09: +0,1695369600
6.226,5,Sep 22 2023 10: +0,1695373200
7.984,2,Sep 22 2023 11: +0,1695376800
6.205,2,Sep 22 2023 12: +0,1695380400
6.216,2,Sep 22 2023 13: +0,1695384000
6.223,4,Sep 22 2023 14: +0,1695387600
6.284,3,Sep 22 2023 15: +0,1695391200
5.916,4,Sep 22 2023 16: +0,1695394800
6.215,5,Sep 22 2023 17: +0,1695398400
6.2,4,Sep 22 2023 18: +0,1695402000
5.764,2,Sep 22 2023 19: +0,1695405600
5.653,3,Sep 22 2023 20: +0,1695409200
6.305,6,Sep 22 2023 21: +0,1695412800
6.026,5,Sep 22 2023 22: +0,1695416400
6.157,3,Sep 22 2023 23: +0,1695420000
6.326,4,Sep 23 2023 01: +0,1695427200
6.243,2,Sep 23 2023 02: +0,1695430800
6.126,3,Sep 23 2023 03: +0,1695434400
6.161,2,Sep 23 2023 04: +0,1695438000
5.947,2,Sep 23 2023 05: +0,1695441600
5.474,1,Sep 23 2023 06: +0,1695445200
5.556,3,Sep 23 2023 07: +0,1695448800
6.184,1,Sep 23 2023 08: +0,1695452400
6.182,1,Sep 23 2023 09: +0,1695456000
5.675,3,Sep 23 2023 11: +0,1695463200
6.114,5,Sep 23 2023 12: +0,1695466800
6.329,2,Sep 23 2023 13: +0,1695470400
6.369,3,Sep 23 2023 14: +0,1695474000
5.565,2,Sep 23 2023 15: +0,1695477600
5.798,2,Sep 23 2023 16: +0,1695481200
6.13,3,Sep 23 2023 17: +0,1695484800
6.122,4,Sep 23 2023 18: +0,1695488400
6.096,5,Sep 23 2023 19: +0,1695492000
6.27,4,Sep 23 2023 20: +0,1695495600
6.384,1,Sep 23 2023 21: +0,1695499200
6.384,3,Sep 23 2023 22: +0,1695502800
6.292,2,Sep 23 2023 23: +0,1695506400
6.384,1,Sep 24 2023 00: +0,1695510000
5.86,2,Sep 24 2023 02: +0,1695517200
6.417,3,Sep 24 2023 03: +0,1695520800
6.432,2,Sep 24 2023 04: +0,1695524400
6.436,1,Sep 24 2023 05: +0,1695528000
6.235,1,Sep 24 2023 06: +0,1695531600
5.98,2,Sep 24 2023 07: +0,1695535200
5.66,1,Sep 24 2023 08: +0,1695538800
6.063,4,Sep 24 2023 09: +0,1695542400
5.058,1,Sep 24 2023 10: +0,1695546000
6.164,4,Sep 24 2023 11: +0,1695549600
6.417,1,Sep 24 2023 12: +0,1695553200
6.41,3,Sep 24 2023 13: +0,1695556800
5.776,4,Sep 24 2023 14: +0,1695560400
6.007,4,Sep 24 2023 15: +0,1695564000
5.622,5,Sep 24 2023 16: +0,1695567600
5.904,5,Sep 24 2023 18: +0,1695574800
6.314,3,Sep 24 2023 19: +0,1695578400
6.34,7,Sep 24 2023 20: +0,1695582000
6.039,4,Sep 24 2023 21: +0,1695585600
5.974,1,Sep 24 2023 22: +0,1695589200
6.316,2,Sep 24 2023 23: +0,1695592800
6.315,3,Sep 25 2023 00: +0,1695596400
5.573,1,Sep 25 2023 01: +0,1695600000
6.146,2,Sep 25 2023 02: +0,1695603600
6.318,1,Sep 25 2023 03: +0,1695607200
5.95,2,Sep 25 2023 04: +0,1695610800
6.332,2,Sep 25 2023 05: +0,1695614400
6.34,1,Sep 25 2023 06: +0,1695618000
6.332,1,Sep 25 2023 07: +0,1695621600
6.091,2,Sep 25 2023 08: +0,1695625200
7.109,2,Sep 25 2023 09: +0,1695628800
6.288,1,Sep 25 2023 10: +0,1695632400
5.634,1,Sep 25 2023 11: +0,1695636000
6.316,1,Sep 25 2023 12: +0,1695639600
6.34,1,Sep 25 2023 13: +0,1695643200
6.34,7,Sep 25 2023 14: +0,1695646800
6.353,4,Sep 25 2023 15: +0,1695650400
6.378,3,Sep 25 2023 16: +0,1695654000
6.362,4,Sep 25 2023 17: +0,1695657600
6.418,4,Sep 25 2023 18: +0,1695661200
6.424,2,Sep 25 2023 19: +0,1695664800
6.361,3,Sep 25 2023 20: +0,1695668400
6.317,2,Sep 25 2023 21: +0,1695672000
5.986,5,Sep 25 2023 22: +0,1695675600
6.438,3,Sep 25 2023 23: +0,1695679200
6.438,4,Sep 26 2023 00: +0,1695682800
6.458,2,Sep 26 2023 02: +0,1695690000
6.23,1,Sep 26 2023 04: +0,1695697200
6.073,1,Sep 26 2023 05: +0,1695700800
6.269,1,Sep 26 2023 06: +0,1695704400
5.984,2,Sep 26 2023 07: +0,1695708000
5.995,2,Sep 26 2023 09: +0,1695715200
6.199,2,Sep 26 2023 10: +0,1695718800
6.108,1,Sep 26 2023 11: +0,1695722400
6.404,5,Sep 26 2023 12: +0,1695726000
6.005,2,Sep 26 2023 13: +0,1695729600
6.463,3,Sep 26 2023 14: +0,1695733200
6.078,2,Sep 26 2023 15: +0,1695736800
6.065,3,Sep 26 2023 16: +0,1695740400
6.49,5,Sep 26 2023 17: +0,1695744000
5.95,1,Sep 26 2023 18: +0,1695747600
6.516,4,Sep 26 2023 19: +0,1695751200
6.312,2,Sep 26 2023 20: +0,1695754800
5.842,2,Sep 26 2023 21: +0,1695758400
5.615,1,Sep 26 2023 23: +0,1695765600
5.95,1,Sep 27 2023 01: +0,1695772800
5.623,1,Sep 27 2023 02: +0,1695776400
5.966,1,Sep 27 2023 03: +0,1695780000
5.731,2,Sep 27 2023 04: +0,1695783600
5.797,2,Sep 27 2023 06: +0,1695790800
5.934,1,Sep 27 2023 07: +0,1695794400
5.927,2,Sep 27 2023 08: +0,1695798000
5.749,2,Sep 27 2023 10: +0,1695805200
5.959,1,Sep 27 2023 11: +0,1695808800
5.953,3,Sep 27 2023 12: +0,1695812400
5.879,1,Sep 27 2023 13: +0,1695816000
5.933,4,Sep 27 2023 14: +0,1695819600
5.979,5,Sep 27 2023 15: +0,1695823200
6.421,2,Sep 27 2023 16: +0,1695826800
5.95,3,Sep 27 2023 17: +0,1695830400
6.203,4,Sep 27 2023 18: +0,1695834000
6.464,6,Sep 27 2023 19: +0,1695837600
5.688,3,Sep 27 2023 20: +0,1695841200
6.057,2,Sep 27 2023 21: +0,1695844800
6.474,15,Sep 27 2023 22: +0,1695848400
6.617,13,Sep 27 2023 23: +0,1695852000
6.813,3,Sep 28 2023 00: +0,1695855600
6.836,6,Sep 28 2023 01: +0,1695859200
6.906,6,Sep 28 2023 02: +0,1695862800
6.593,7,Sep 28 2023 03: +0,1695866400
6.891,4,Sep 28 2023 04: +0,1695870000
6.895,2,Sep 28 2023 05: +0,1695873600
6.899,3,Sep 28 2023 06: +0,1695877200
6.212,1,Sep 28 2023 07: +0,1695880800
6.899,7,Sep 28 2023 08: +0,1695884400
6.718,5,Sep 28 2023 10: +0,1695891600
6.87,6,Sep 28 2023 11: +0,1695895200
6.21,4,Sep 28 2023 12: +0,1695898800
6.254,6,Sep 28 2023 13: +0,1695902400
6.863,6,Sep 28 2023 14: +0,1695906000
6.859,8,Sep 28 2023 15: +0,1695909600
6.844,6,Sep 28 2023 16: +0,1695913200
6.877,3,Sep 28 2023 17: +0,1695916800
6.859,3,Sep 28 2023 18: +0,1695920400
6.877,8,Sep 28 2023 19: +0,1695924000
6.825,9,Sep 28 2023 20: +0,1695927600
6.352,7,Sep 28 2023 21: +0,1695931200
6.877,7,Sep 28 2023 22: +0,1695934800
6.908,1,Sep 28 2023 23: +0,1695938400
6.875,3,Sep 29 2023 00: +0,1695942000
6.792,5,Sep 29 2023 01: +0,1695945600
6.793,7,Sep 29 2023 02: +0,1695949200
6.924,4,Sep 29 2023 03: +0,1695952800
6.908,3,Sep 29 2023 04: +0,1695956400
6.947,3,Sep 29 2023 05: +0,1695960000
7.055,5,Sep 29 2023 06: +0,1695963600
7.174,4,Sep 29 2023 07: +0,1695967200
7.189,4,Sep 29 2023 08: +0,1695970800
7.189,5,Sep 29 2023 09: +0,1695974400
6.947,3,Sep 29 2023 10: +0,1695978000
7.067,3,Sep 29 2023 11: +0,1695981600
7.064,5,Sep 29 2023 12: +0,1695985200
6.9,4,Sep 29 2023 13: +0,1695988800
6.875,8,Sep 29 2023 14: +0,1695992400
7.051,9,Sep 29 2023 15: +0,1695996000
7.067,7,Sep 29 2023 16: +0,1695999600
6.947,7,Sep 29 2023 17: +0,1696003200
6.948,7,Sep 29 2023 18: +0,1696006800
6.984,8,Sep 29 2023 19: +0,1696010400
7.068,16,Sep 29 2023 20: +0,1696014000
7.18,13,Sep 29 2023 21: +0,1696017600
7.171,8,Sep 29 2023 22: +0,1696021200
7.134,8,Sep 29 2023 23: +0,1696024800
7.221,7,Sep 30 2023 00: +0,1696028400
6.948,4,Sep 30 2023 01: +0,1696032000
7.695,6,Sep 30 2023 02: +0,1696035600
7.802,2,Sep 30 2023 03: +0,1696039200
7.726,5,Sep 30 2023 04: +0,1696042800
7.449,1,Sep 30 2023 05: +0,1696046400
7.337,4,Sep 30 2023 06: +0,1696050000
6.405,3,Sep 30 2023 07: +0,1696053600
6.889,1,Sep 30 2023 08: +0,1696057200
6.931,2,Sep 30 2023 09: +0,1696060800
7.339,3,Sep 30 2023 10: +0,1696064400
6.813,6,Sep 30 2023 11: +0,1696068000
7.377,8,Sep 30 2023 12: +0,1696071600
7.517,12,Sep 30 2023 13: +0,1696075200
7.521,8,Sep 30 2023 14: +0,1696078800
7.32,7,Sep 30 2023 15: +0,1696082400
7.34,7,Sep 30 2023 16: +0,1696086000
7.425,11,Sep 30 2023 17: +0,1696089600
7.517,14,Sep 30 2023 18: +0,1696093200
7.344,9,Sep 30 2023 19: +0,1696096800
7.37,14,Sep 30 2023 20: +0,1696100400
7.509,13,Sep 30 2023 21: +0,1696104000
7.864,5,Sep 30 2023 22: +0,1696107600
7.103,5,Sep 30 2023 23: +0,1696111200
7.847,5,Oct 01 2023 00: +0,1696114800
6.348,1,Oct 01 2023 01: +0,1696118400
7.82,2,Oct 01 2023 02: +0,1696122000
7.827,6,Oct 01 2023 03: +0,1696125600
7.793,4,Oct 01 2023 04: +0,1696129200
7.775,2,Oct 01 2023 05: +0,1696132800
7.664,2,Oct 01 2023 06: +0,1696136400
7.636,6,Oct 01 2023 07: +0,1696140000
7.629,4,Oct 01 2023 08: +0,1696143600
7.423,6,Oct 01 2023 09: +0,1696147200
7.689,6,Oct 01 2023 10: +0,1696150800
7.578,3,Oct 01 2023 11: +0,1696154400
7.405,5,Oct 01 2023 12: +0,1696158000
7.491,11,Oct 01 2023 13: +0,1696161600
7.676,4,Oct 01 2023 14: +0,1696165200
7.647,15,Oct 01 2023 15: +0,1696168800
7.739,6,Oct 01 2023 16: +0,1696172400
7.734,11,Oct 01 2023 17: +0,1696176000
7.714,12,Oct 01 2023 18: +0,1696179600
7.759,8,Oct 01 2023 19: +0,1696183200
7.765,11,Oct 01 2023 20: +0,1696186800
7.859,8,Oct 01 2023 21: +0,1696190400
7.953,10,Oct 01 2023 22: +0,1696194000
8.08,5,Oct 01 2023 23: +0,1696197600
7.949,8,Oct 02 2023 00: +0,1696201200
7.828,2,Oct 02 2023 01: +0,1696204800
7.947,3,Oct 02 2023 02: +0,1696208400
7.491,3,Oct 02 2023 03: +0,1696212000
7.882,1,Oct 02 2023 04: +0,1696215600
7.897,3,Oct 02 2023 05: +0,1696219200
8.18,2,Oct 02 2023 06: +0,1696222800
8.256,1,Oct 02 2023 07: +0,1696226400
7.767,1,Oct 02 2023 08: +0,1696230000
7.448,2,Oct 02 2023 09: +0,1696233600
7.769,5,Oct 02 2023 10: +0,1696237200
7.699,4,Oct 02 2023 12: +0,1696244400
7.86,3,Oct 02 2023 13: +0,1696248000
7.556,2,Oct 02 2023 14: +0,1696251600
8.105,6,Oct 02 2023 15: +0,1696255200
8.165,6,Oct 02 2023 16: +0,1696258800
8.228,8,Oct 02 2023 17: +0,1696262400
8.287,13,Oct 02 2023 18: +0,1696266000
8.306,10,Oct 02 2023 19: +0,1696269600
8.638,11,Oct 02 2023 20: +0,1696273200
8.632,5,Oct 02 2023 21: +0,1696276800
8.978,6,Oct 02 2023 22: +0,1696280400
8.984,3,Oct 02 2023 23: +0,1696284000
8.451,3,Oct 03 2023 00: +0,1696287600
8.578,7,Oct 03 2023 01: +0,1696291200
8.682,3,Oct 03 2023 02: +0,1696294800
8.665,5,Oct 03 2023 03: +0,1696298400
8.566,1,Oct 03 2023 04: +0,1696302000
7.43,1,Oct 03 2023 06: +0,1696309200
8.204,2,Oct 03 2023 07: +0,1696312800
8.163,3,Oct 03 2023 08: +0,1696316400
6.499,1,Oct 03 2023 09: +0,1696320000
8.136,3,Oct 03 2023 10: +0,1696323600
7.971,3,Oct 03 2023 11: +0,1696327200
7.408,9,Oct 03 2023 12: +0,1696330800
8.067,4,Oct 03 2023 13: +0,1696334400
8.065,10,Oct 03 2023 14: +0,1696338000
8.056,7,Oct 03 2023 15: +0,1696341600
8.035,4,Oct 03 2023 16: +0,1696345200
7.815,9,Oct 03 2023 17: +0,1696348800
8.08,6,Oct 03 2023 18: +0,1696352400
8.127,9,Oct 03 2023 19: +0,1696356000
8.122,5,Oct 03 2023 20: +0,1696359600
8.02,7,Oct 03 2023 21: +0,1696363200
8.017,5,Oct 03 2023 22: +0,1696366800
8.06,2,Oct 03 2023 23: +0,1696370400
8.105,3,Oct 04 2023 00: +0,1696374000
8.128,4,Oct 04 2023 01: +0,1696377600
8.113,3,Oct 04 2023 02: +0,1696381200
7.972,4,Oct 04 2023 03: +0,1696384800
8.11,3,Oct 04 2023 04: +0,1696388400
8.122,2,Oct 04 2023 05: +0,1696392000
7.692,2,Oct 04 2023 06: +0,1696395600
8.103,1,Oct 04 2023 07: +0,1696399200
8.113,2,Oct 04 2023 08: +0,1696402800
7.715,2,Oct 04 2023 09: +0,1696406400
7.65,4,Oct 04 2023 10: +0,1696410000
8.103,5,Oct 04 2023 11: +0,1696413600
8.097,2,Oct 04 2023 12: +0,1696417200
8.046,6,Oct 04 2023 13: +0,1696420800
7.799,2,Oct 04 2023 14: +0,1696424400
7.616,4,Oct 04 2023 15: +0,1696428000
7.741,6,Oct 04 2023 16: +0,1696431600
8.127,9,Oct 04 2023 17: +0,1696435200
8.155,7,Oct 04 2023 18: +0,1696438800
8.034,8,Oct 04 2023 19: +0,1696442400
8.233,7,Oct 04 2023 20: +0,1696446000
8.262,7,Oct 04 2023 21: +0,1696449600
8.024,5,Oct 04 2023 22: +0,1696453200
8.036,3,Oct 04 2023 23: +0,1696456800
8.393,5,Oct 05 2023 00: +0,1696460400
7.01,1,Oct 05 2023 01: +0,1696464000
8.307,5,Oct 05 2023 02: +0,1696467600
7.463,1,Oct 05 2023 03: +0,1696471200
7.735,3,Oct 05 2023 04: +0,1696474800
8.036,1,Oct 05 2023 05: +0,1696478400
8.336,5,Oct 05 2023 06: +0,1696482000
8.49,3,Oct 05 2023 07: +0,1696485600
8.554,3,Oct 05 2023 08: +0,1696489200
8.551,1,Oct 05 2023 09: +0,1696492800
7.889,2,Oct 05 2023 10: +0,1696496400
8.239,5,Oct 05 2023 11: +0,1696500000
8.3,5,Oct 05 2023 12: +0,1696503600
8.123,2,Oct 05 2023 13: +0,1696507200
8.464,3,Oct 05 2023 14: +0,1696510800
8.24,8,Oct 05 2023 15: +0,1696514400
8.421,5,Oct 05 2023 16: +0,1696518000
8.274,5,Oct 05 2023 17: +0,1696521600
8.205,4,Oct 05 2023 18: +0,1696525200
8.468,8,Oct 05 2023 19: +0,1696528800
8.441,4,Oct 05 2023 20: +0,1696532400
8.216,4,Oct 05 2023 21: +0,1696536000
8.445,7,Oct 05 2023 22: +0,1696539600
8.55,3,Oct 05 2023 23: +0,1696543200
8.339,4,Oct 06 2023 00: +0,1696546800
8.657,4,Oct 06 2023 01: +0,1696550400
8.8,5,Oct 06 2023 02: +0,1696554000
8.964,5,Oct 06 2023 03: +0,1696557600
8.14,4,Oct 06 2023 04: +0,1696561200
7.611,2,Oct 06 2023 05: +0,1696564800
7.751,2,Oct 06 2023 06: +0,1696568400
8.155,3,Oct 06 2023 07: +0,1696572000
7.441,2,Oct 06 2023 08: +0,1696575600
7.89,3,Oct 06 2023 09: +0,1696579200
9.025,5,Oct 06 2023 10: +0,1696582800
8.962,1,Oct 06 2023 11: +0,1696586400
8.661,3,Oct 06 2023 12: +0,1696590000
8.882,2,Oct 06 2023 13: +0,1696593600
8.885,7,Oct 06 2023 14: +0,1696597200
8.145,5,Oct 06 2023 15: +0,1696600800
7.795,3,Oct 06 2023 16: +0,1696604400
8.046,9,Oct 06 2023 17: +0,1696608000
8.545,5,Oct 06 2023 18: +0,1696611600
8.283,6,Oct 06 2023 19: +0,1696615200
8.885,5,Oct 06 2023 20: +0,1696618800
8.914,7,Oct 06 2023 21: +0,1696622400
8.768,4,Oct 06 2023 22: +0,1696626000
8.88,3,Oct 06 2023 23: +0,1696629600
7.692,1,Oct 07 2023 00: +0,1696633200
8.777,6,Oct 07 2023 01: +0,1696636800
8.935,3,Oct 07 2023 02: +0,1696640400
8.952,2,Oct 07 2023 03: +0,1696644000
8.968,3,Oct 07 2023 04: +0,1696647600
8.868,1,Oct 07 2023 05: +0,1696651200
8.518,4,Oct 07 2023 06: +0,1696654800
8.827,2,Oct 07 2023 07: +0,1696658400
8.818,2,Oct 07 2023 08: +0,1696662000
8.853,2,Oct 07 2023 09: +0,1696665600
8.862,4,Oct 07 2023 10: +0,1696669200
8.734,2,Oct 07 2023 11: +0,1696672800
8.768,6,Oct 07 2023 12: +0,1696676400
8.771,8,Oct 07 2023 13: +0,1696680000
8.775,9,Oct 07 2023 14: +0,1696683600
8.655,3,Oct 07 2023 15: +0,1696687200
8.652,5,Oct 07 2023 16: +0,1696690800
8.562,6,Oct 07 2023 17: +0,1696694400
8.54,4,Oct 07 2023 18: +0,1696698000
8.775,6,Oct 07 2023 19: +0,1696701600
8.788,14,Oct 07 2023 20: +0,1696705200
9.011,12,Oct 07 2023 21: +0,1696708800
8.994,8,Oct 07 2023 22: +0,1696712400
8.784,3,Oct 07 2023 23: +0,1696716000
8.792,4,Oct 08 2023 00: +0,1696719600
9.264,7,Oct 08 2023 01: +0,1696723200
8.379,4,Oct 08 2023 02: +0,1696726800
8.791,1,Oct 08 2023 03: +0,1696730400
9.082,1,Oct 08 2023 04: +0,1696734000
8.953,2,Oct 08 2023 05: +0,1696737600
9.101,3,Oct 08 2023 06: +0,1696741200
9.099,1,Oct 08 2023 07: +0,1696744800
8.852,2,Oct 08 2023 08: +0,1696748400
9.101,3,Oct 08 2023 09: +0,1696752000
8.902,5,Oct 08 2023 10: +0,1696755600
8.934,5,Oct 08 2023 11: +0,1696759200
8.588,5,Oct 08 2023 12: +0,1696762800
8.887,3,Oct 08 2023 13: +0,1696766400
8.904,5,Oct 08 2023 14: +0,1696770000
8.878,8,Oct 08 2023 15: +0,1696773600
8.801,8,Oct 08 2023 16: +0,1696777200
8.606,5,Oct 08 2023 17: +0,1696780800
8.878,11,Oct 08 2023 18: +0,1696784400
9.102,9,Oct 08 2023 19: +0,1696788000
9.247,5,Oct 08 2023 20: +0,1696791600
8.584,4,Oct 08 2023 21: +0,1696795200
8.08,4,Oct 08 2023 22: +0,1696798800
8.579,7,Oct 08 2023 23: +0,1696802400
9.01,6,Oct 09 2023 00: +0,1696806000
9.007,1,Oct 09 2023 01: +0,1696809600
9.086,2,Oct 09 2023 02: +0,1696813200
9.264,5,Oct 09 2023 03: +0,1696816800
8.167,1,Oct 09 2023 04: +0,1696820400
9.226,1,Oct 09 2023 05: +0,1696824000
9.215,4,Oct 09 2023 06: +0,1696827600
9.211,2,Oct 09 2023 07: +0,1696831200
9.15,2,Oct 09 2023 08: +0,1696834800
9.154,1,Oct 09 2023 09: +0,1696838400
8.998,2,Oct 09 2023 10: +0,1696842000
9.101,3,Oct 09 2023 11: +0,1696845600
9.058,4,Oct 09 2023 12: +0,1696849200
9.037,4,Oct 09 2023 13: +0,1696852800
9.056,3,Oct 09 2023 14: +0,1696856400
9.015,3,Oct 09 2023 15: +0,1696860000
8.587,2,Oct 09 2023 16: +0,1696863600
8.964,4,Oct 09 2023 17: +0,1696867200
7.835,3,Oct 09 2023 18: +0,1696870800
8.158,7,Oct 09 2023 19: +0,1696874400
8.832,8,Oct 09 2023 20: +0,1696878000
8.964,6,Oct 09 2023 21: +0,1696881600
9.055,6,Oct 09 2023 22: +0,1696885200
9.015,1,Oct 09 2023 23: +0,1696888800
8.802,4,Oct 10 2023 00: +0,1696892400
8.848,1,Oct 10 2023 01: +0,1696896000
8.766,1,Oct 10 2023 02: +0,1696899600
8.775,3,Oct 10 2023 03: +0,1696903200
8.731,1,Oct 10 2023 04: +0,1696906800
8.682,2,Oct 10 2023 05: +0,1696910400
8.656,2,Oct 10 2023 06: +0,1696914000
8.884,2,Oct 10 2023 07: +0,1696917600
8.758,1,Oct 10 2023 08: +0,1696921200
7.83,3,Oct 10 2023 09: +0,1696924800
8.523,1,Oct 10 2023 10: +0,1696928400
8.599,6,Oct 10 2023 11: +0,1696932000
8.767,5,Oct 10 2023 12: +0,1696935600
8.766,4,Oct 10 2023 13: +0,1696939200
8.689,3,Oct 10 2023 14: +0,1696942800
8.698,3,Oct 10 2023 15: +0,1696946400
8.778,6,Oct 10 2023 16: +0,1696950000
8.898,3,Oct 10 2023 17: +0,1696953600
8.921,3,Oct 10 2023 18: +0,1696957200
8.883,4,Oct 10 2023 19: +0,1696960800
8.929,8,Oct 10 2023 20: +0,1696964400
8.985,4,Oct 10 2023 21: +0,1696968000
8.946,3,Oct 10 2023 22: +0,1696971600
8.922,2,Oct 11 2023 00: +0,1696978800
8.969,2,Oct 11 2023 01: +0,1696982400
8.946,4,Oct 11 2023 02: +0,1696986000
8.938,1,Oct 11 2023 03: +0,1696989600
8.951,2,Oct 11 2023 06: +0,1697000400
8.904,2,Oct 11 2023 07: +0,1697004000
8.735,2,Oct 11 2023 08: +0,1697007600
8.179,1,Oct 11 2023 09: +0,1697011200
8.484,1,Oct 11 2023 10: +0,1697014800
8.882,5,Oct 11 2023 11: +0,1697018400
8.348,4,Oct 11 2023 12: +0,1697022000
8.813,3,Oct 11 2023 13: +0,1697025600
7.784,4,Oct 11 2023 14: +0,1697029200
8.873,7,Oct 11 2023 15: +0,1697032800
8.773,6,Oct 11 2023 16: +0,1697036400
8.817,2,Oct 11 2023 17: +0,1697040000
8.912,6,Oct 11 2023 18: +0,1697043600
8.616,7,Oct 11 2023 19: +0,1697047200
8.512,5,Oct 11 2023 20: +0,1697050800
8.851,2,Oct 11 2023 21: +0,1697054400
8.856,3,Oct 11 2023 22: +0,1697058000
8.794,2,Oct 11 2023 23: +0,1697061600
8.878,5,Oct 12 2023 00: +0,1697065200
8.905,1,Oct 12 2023 02: +0,1697072400
8.852,2,Oct 12 2023 05: +0,1697083200
8.864,1,Oct 12 2023 06: +0,1697086800
8.863,3,Oct 12 2023 07: +0,1697090400
8.738,2,Oct 12 2023 08: +0,1697094000
8.9,3,Oct 12 2023 09: +0,1697097600
8.664,5,Oct 12 2023 10: +0,1697101200
8.729,5,Oct 12 2023 11: +0,1697104800
9.727,106,Oct 12 2023 12: +0,1697108400
16.428,118,Oct 12 2023 13: +0,1697112000
17.048,121,Oct 12 2023 14: +0,1697115600
13.998,58,Oct 12 2023 15: +0,1697119200
13.135,22,Oct 12 2023 16: +0,1697122800
12.382,25,Oct 12 2023 17: +0,1697126400
12.23,8,Oct 12 2023 18: +0,1697130000
12.245,12,Oct 12 2023 19: +0,1697133600
12.456,8,Oct 12 2023 20: +0,1697137200
12.226,11,Oct 12 2023 21: +0,1697140800
12.267,13,Oct 12 2023 22: +0,1697144400
12.312,6,Oct 12 2023 23: +0,1697148000
12.152,11,Oct 13 2023 00: +0,1697151600
12.188,3,Oct 13 2023 01: +0,1697155200
12.177,7,Oct 13 2023 02: +0,1697158800
12.177,23,Oct 13 2023 03: +0,1697162400
11.1,5,Oct 13 2023 04: +0,1697166000
11.106,11,Oct 13 2023 05: +0,1697169600
11.106,4,Oct 13 2023 06: +0,1697173200
11.357,2,Oct 13 2023 07: +0,1697176800
10.958,6,Oct 13 2023 08: +0,1697180400
10.927,6,Oct 13 2023 09: +0,1697184000
10.429,5,Oct 13 2023 10: +0,1697187600
10.305,6,Oct 13 2023 11: +0,1697191200
10.667,5,Oct 13 2023 12: +0,1697194800
10.369,8,Oct 13 2023 13: +0,1697198400
10.097,11,Oct 13 2023 14: +0,1697202000
10.4,4,Oct 13 2023 15: +0,1697205600
10.598,5,Oct 13 2023 16: +0,1697209200
10.671,6,Oct 13 2023 17: +0,1697212800
10.728,7,Oct 13 2023 18: +0,1697216400
11.17,4,Oct 13 2023 19: +0,1697220000
11.136,3,Oct 13 2023 20: +0,1697223600
10.779,3,Oct 13 2023 21: +0,1697227200
10.678,4,Oct 13 2023 22: +0,1697230800
11.248,7,Oct 13 2023 23: +0,1697234400
10.989,4,Oct 14 2023 00: +0,1697238000
10.763,2,Oct 14 2023 01: +0,1697241600
11.577,1,Oct 14 2023 02: +0,1697245200
10.894,1,Oct 14 2023 03: +0,1697248800
11.248,1,Oct 14 2023 04: +0,1697252400
11.009,1,Oct 14 2023 05: +0,1697256000
10.121,3,Oct 14 2023 06: +0,1697259600
11.099,2,Oct 14 2023 08: +0,1697266800
10.878,1,Oct 14 2023 09: +0,1697270400
10.023,4,Oct 14 2023 10: +0,1697274000
8.45,6,Oct 14 2023 11: +0,1697277600
10.11,5,Oct 14 2023 12: +0,1697281200
10.031,7,Oct 14 2023 13: +0,1697284800
10.344,7,Oct 14 2023 14: +0,1697288400
10.346,9,Oct 14 2023 15: +0,1697292000
10.346,8,Oct 14 2023 16: +0,1697295600
10.223,12,Oct 14 2023 17: +0,1697299200
10.318,7,Oct 14 2023 18: +0,1697302800
10.347,6,Oct 14 2023 19: +0,1697306400
10.577,10,Oct 14 2023 20: +0,1697310000
11.079,6,Oct 14 2023 21: +0,1697313600
10.962,4,Oct 14 2023 22: +0,1697317200
11.261,9,Oct 14 2023 23: +0,1697320800
11.581,3,Oct 15 2023 00: +0,1697324400
11.909,4,Oct 15 2023 01: +0,1697328000
11.922,2,Oct 15 2023 02: +0,1697331600
11.922,2,Oct 15 2023 03: +0,1697335200
11.511,2,Oct 15 2023 04: +0,1697338800
11.922,2,Oct 15 2023 05: +0,1697342400
11.687,1,Oct 15 2023 06: +0,1697346000
11.797,1,Oct 15 2023 07: +0,1697349600
9.698,4,Oct 15 2023 08: +0,1697353200
11.799,3,Oct 15 2023 09: +0,1697356800
11.712,2,Oct 15 2023 10: +0,1697360400
10.607,1,Oct 15 2023 11: +0,1697364000
11.2,5,Oct 15 2023 12: +0,1697367600
11.797,7,Oct 15 2023 13: +0,1697371200
11.866,3,Oct 15 2023 14: +0,1697374800
11.295,2,Oct 15 2023 15: +0,1697378400
11.289,4,Oct 15 2023 16: +0,1697382000
11.411,8,Oct 15 2023 17: +0,1697385600
11.916,8,Oct 15 2023 18: +0,1697389200
11.402,4,Oct 15 2023 19: +0,1697392800
11.524,6,Oct 15 2023 20: +0,1697396400
11.932,4,Oct 15 2023 21: +0,1697400000
12.108,3,Oct 15 2023 22: +0,1697403600
10.952,6,Oct 15 2023 23: +0,1697407200
11.862,4,Oct 16 2023 00: +0,1697410800
12.128,1,Oct 16 2023 02: +0,1697418000
10.863,9,Oct 16 2023 05: +0,1697428800
11.425,2,Oct 16 2023 07: +0,1697436000
11.924,2,Oct 16 2023 09: +0,1697443200
10.897,3,Oct 16 2023 11: +0,1697450400
10.853,3,Oct 16 2023 13: +0,1697457600
10.664,5,Oct 16 2023 14: +0,1697461200
10.656,5,Oct 16 2023 15: +0,1697464800
11.23,4,Oct 16 2023 16: +0,1697468400
9.123,2,Oct 16 2023 17: +0,1697472000
10.417,19,Oct 16 2023 18: +0,1697475600
11.416,2,Oct 16 2023 19: +0,1697479200
11.537,3,Oct 16 2023 20: +0,1697482800
11.516,1,Oct 16 2023 21: +0,1697486400
11.519,4,Oct 16 2023 22: +0,1697490000
10.472,2,Oct 16 2023 23: +0,1697493600
10.425,7,Oct 17 2023 00: +0,1697497200
10.608,2,Oct 17 2023 02: +0,1697504400
10.631,4,Oct 17 2023 03: +0,1697508000
10.409,1,Oct 17 2023 05: +0,1697515200
10.422,6,Oct 17 2023 06: +0,1697518800
10.386,2,Oct 17 2023 07: +0,1697522400
10.412,4,Oct 17 2023 08: +0,1697526000
10.563,1,Oct 17 2023 09: +0,1697529600
10.383,3,Oct 17 2023 10: +0,1697533200
10.51,2,Oct 17 2023 11: +0,1697536800
10.52,7,Oct 17 2023 13: +0,1697544000
10.39,3,Oct 17 2023 14: +0,1697547600
10.498,5,Oct 17 2023 15: +0,1697551200
10.364,5,Oct 17 2023 16: +0,1697554800
10.583,6,Oct 17 2023 17: +0,1697558400
10.281,5,Oct 17 2023 18: +0,1697562000
10.314,5,Oct 17 2023 19: +0,1697565600
10.636,5,Oct 17 2023 20: +0,1697569200
10.606,4,Oct 17 2023 21: +0,1697572800
10.723,1,Oct 17 2023 22: +0,1697576400
10.857,3,Oct 17 2023 23: +0,1697580000
10.966,3,Oct 18 2023 00: +0,1697583600
10.993,2,Oct 18 2023 01: +0,1697587200
9.396,2,Oct 18 2023 03: +0,1697594400
10.738,2,Oct 18 2023 04: +0,1697598000
10.783,2,Oct 18 2023 05: +0,1697601600
10.561,3,Oct 18 2023 06: +0,1697605200
10.515,2,Oct 18 2023 07: +0,1697608800
10.342,1,Oct 18 2023 09: +0,1697616000
10.337,4,Oct 18 2023 10: +0,1697619600
10.407,3,Oct 18 2023 11: +0,1697623200
10.706,1,Oct 18 2023 12: +0,1697626800
10.405,2,Oct 18 2023 13: +0,1697630400
10.73,2,Oct 18 2023 14: +0,1697634000
10.589,2,Oct 18 2023 15: +0,1697637600
10.4,2,Oct 18 2023 16: +0,1697641200
10.615,2,Oct 18 2023 17: +0,1697644800
10.697,1,Oct 18 2023 18: +0,1697648400
10.664,2,Oct 18 2023 19: +0,1697652000
10.402,5,Oct 18 2023 20: +0,1697655600
10.453,6,Oct 18 2023 21: +0,1697659200
10.902,3,Oct 18 2023 22: +0,1697662800
10.971,4,Oct 18 2023 23: +0,1697666400
10.91,2,Oct 19 2023 00: +0,1697670000
10.581,2,Oct 19 2023 01: +0,1697673600
10.574,2,Oct 19 2023 02: +0,1697677200
10.911,2,Oct 19 2023 03: +0,1697680800
10.039,2,Oct 19 2023 04: +0,1697684400
10.569,2,Oct 19 2023 05: +0,1697688000
10.451,1,Oct 19 2023 06: +0,1697691600
10.683,1,Oct 19 2023 08: +0,1697698800
10.913,1,Oct 19 2023 09: +0,1697702400
9.565,1,Oct 19 2023 10: +0,1697706000
10.45,2,Oct 19 2023 11: +0,1697709600
10.913,3,Oct 19 2023 12: +0,1697713200
10.281,1,Oct 19 2023 13: +0,1697716800
10.692,4,Oct 19 2023 14: +0,1697720400
10.182,3,Oct 19 2023 15: +0,1697724000
10.1,3,Oct 19 2023 17: +0,1697731200
10.392,3,Oct 19 2023 18: +0,1697734800
10.402,9,Oct 19 2023 19: +0,1697738400
10.67,6,Oct 19 2023 20: +0,1697742000
10.845,6,Oct 19 2023 21: +0,1697745600
10.844,3,Oct 19 2023 22: +0,1697749200
10.95,4,Oct 19 2023 23: +0,1697752800
10.96,2,Oct 20 2023 00: +0,1697756400
10.94,1,Oct 20 2023 01: +0,1697760000
10.911,4,Oct 20 2023 02: +0,1697763600
11.004,1,Oct 20 2023 03: +0,1697767200
10.479,1,Oct 20 2023 05: +0,1697774400
10.449,1,Oct 20 2023 06: +0,1697778000
10.731,3,Oct 20 2023 07: +0,1697781600
10.232,3,Oct 20 2023 08: +0,1697785200
10.281,7,Oct 20 2023 09: +0,1697788800
10.273,3,Oct 20 2023 10: +0,1697792400
10.247,6,Oct 20 2023 11: +0,1697796000
10.001,4,Oct 20 2023 12: +0,1697799600
9.862,4,Oct 20 2023 13: +0,1697803200
9.78,11,Oct 20 2023 14: +0,1697806800
9.849,7,Oct 20 2023 15: +0,1697810400
9.804,4,Oct 20 2023 16: +0,1697814000
9.862,6,Oct 20 2023 17: +0,1697817600
9.784,3,Oct 20 2023 18: +0,1697821200
9.845,6,Oct 20 2023 19: +0,1697824800
9.848,6,Oct 20 2023 20: +0,1697828400
9.941,5,Oct 20 2023 21: +0,1697832000
9.853,4,Oct 20 2023 22: +0,1697835600
9.996,10,Oct 20 2023 23: +0,1697839200
10.193,2,Oct 21 2023 00: +0,1697842800
9.611,1,Oct 21 2023 01: +0,1697846400
9.979,2,Oct 21 2023 02: +0,1697850000
9.541,2,Oct 21 2023 03: +0,1697853600
9.271,3,Oct 21 2023 04: +0,1697857200
9.37,3,Oct 21 2023 05: +0,1697860800
9.284,1,Oct 21 2023 06: +0,1697864400
9.691,5,Oct 21 2023 07: +0,1697868000
9.244,4,Oct 21 2023 08: +0,1697871600
9.384,4,Oct 21 2023 09: +0,1697875200
9.414,3,Oct 21 2023 10: +0,1697878800
9.081,1,Oct 21 2023 11: +0,1697882400
9.363,7,Oct 21 2023 12: +0,1697886000
9.069,14,Oct 21 2023 13: +0,1697889600
9.452,7,Oct 21 2023 14: +0,1697893200
8.932,8,Oct 21 2023 15: +0,1697896800
9.081,6,Oct 21 2023 16: +0,1697900400
9.031,3,Oct 21 2023 17: +0,1697904000
9.164,5,Oct 21 2023 18: +0,1697907600
9.343,4,Oct 21 2023 19: +0,1697911200
9.445,6,Oct 21 2023 20: +0,1697914800
9.516,6,Oct 21 2023 21: +0,1697918400
9.487,5,Oct 21 2023 22: +0,1697922000
9.286,5,Oct 21 2023 23: +0,1697925600
9.519,8,Oct 22 2023 00: +0,1697929200
9.535,1,Oct 22 2023 01: +0,1697932800
9.312,2,Oct 22 2023 03: +0,1697940000
9.403,3,Oct 22 2023 04: +0,1697943600
9.461,1,Oct 22 2023 05: +0,1697947200
9.453,2,Oct 22 2023 06: +0,1697950800
7.328,2,Oct 22 2023 07: +0,1697954400
8.806,1,Oct 22 2023 08: +0,1697958000
8.953,6,Oct 22 2023 09: +0,1697961600
9.155,3,Oct 22 2023 10: +0,1697965200
9.356,3,Oct 22 2023 11: +0,1697968800
9.308,4,Oct 22 2023 12: +0,1697972400
8.885,2,Oct 22 2023 13: +0,1697976000
8.732,5,Oct 22 2023 14: +0,1697979600
8.728,3,Oct 22 2023 15: +0,1697983200
8.806,5,Oct 22 2023 16: +0,1697986800
9.286,5,Oct 22 2023 17: +0,1697990400
9.275,7,Oct 22 2023 18: +0,1697994000
9.26,7,Oct 22 2023 19: +0,1697997600
9.295,10,Oct 22 2023 20: +0,1698001200
8.822,4,Oct 22 2023 21: +0,1698004800
9.286,4,Oct 22 2023 22: +0,1698008400
9.134,3,Oct 22 2023 23: +0,1698012000
9.295,5,Oct 23 2023 00: +0,1698015600
8.789,1,Oct 23 2023 01: +0,1698019200
9.003,2,Oct 23 2023 02: +0,1698022800
9.155,1,Oct 23 2023 03: +0,1698026400
9.16,1,Oct 23 2023 04: +0,1698030000
9.254,1,Oct 23 2023 05: +0,1698033600
8.323,4,Oct 23 2023 06: +0,1698037200
9.232,1,Oct 23 2023 07: +0,1698040800
8.579,5,Oct 23 2023 08: +0,1698044400
9.226,1,Oct 23 2023 09: +0,1698048000
9.103,3,Oct 23 2023 10: +0,1698051600
8.511,2,Oct 23 2023 11: +0,1698055200
8.553,3,Oct 23 2023 12: +0,1698058800
8.8,6,Oct 23 2023 13: +0,1698062400
9.012,2,Oct 23 2023 14: +0,1698066000
8.935,4,Oct 23 2023 15: +0,1698069600
8.643,4,Oct 23 2023 16: +0,1698073200
8.789,7,Oct 23 2023 17: +0,1698076800
8.527,3,Oct 23 2023 18: +0,1698080400
8.889,8,Oct 23 2023 19: +0,1698084000
8.593,4,Oct 23 2023 20: +0,1698087600
8.784,3,Oct 23 2023 21: +0,1698091200
8.985,1,Oct 23 2023 22: +0,1698094800
8.695,2,Oct 23 2023 23: +0,1698098400
8.92,4,Oct 24 2023 00: +0,1698102000
8.761,2,Oct 24 2023 01: +0,1698105600
8.63,2,Oct 24 2023 02: +0,1698109200
8.891,1,Oct 24 2023 03: +0,1698112800
8.928,1,Oct 24 2023 05: +0,1698120000
8.841,2,Oct 24 2023 06: +0,1698123600
8.423,1,Oct 24 2023 07: +0,1698127200
8.732,1,Oct 24 2023 08: +0,1698130800
8.634,4,Oct 24 2023 09: +0,1698134400
8.897,1,Oct 24 2023 10: +0,1698138000
8.854,3,Oct 24 2023 11: +0,1698141600
8.444,5,Oct 24 2023 12: +0,1698145200
7.993,2,Oct 24 2023 13: +0,1698148800
8.405,2,Oct 24 2023 14: +0,1698152400
8.671,8,Oct 24 2023 15: +0,1698156000
8.607,4,Oct 24 2023 16: +0,1698159600
8.433,4,Oct 24 2023 17: +0,1698163200
8.692,6,Oct 24 2023 18: +0,1698166800
8.374,3,Oct 24 2023 19: +0,1698170400
8.336,2,Oct 24 2023 20: +0,1698174000
8.38,10,Oct 24 2023 21: +0,1698177600
8.52,1,Oct 24 2023 22: +0,1698181200
8.669,3,Oct 24 2023 23: +0,1698184800
8.761,2,Oct 25 2023 00: +0,1698188400
8.701,1,Oct 25 2023 01: +0,1698192000
8.463,2,Oct 25 2023 02: +0,1698195600
8.707,5,Oct 25 2023 03: +0,1698199200
8.665,2,Oct 25 2023 04: +0,1698202800
7.835,4,Oct 25 2023 06: +0,1698210000
7.912,2,Oct 25 2023 07: +0,1698213600
8.025,3,Oct 25 2023 09: +0,1698220800
7.934,3,Oct 25 2023 10: +0,1698224400
7.944,4,Oct 25 2023 11: +0,1698228000
7.969,3,Oct 25 2023 12: +0,1698231600
8.057,3,Oct 25 2023 13: +0,1698235200
8.568,4,Oct 25 2023 14: +0,1698238800
8.412,4,Oct 25 2023 15: +0,1698242400
8.494,5,Oct 25 2023 16: +0,1698246000
8.336,4,Oct 25 2023 17: +0,1698249600
8.66,8,Oct 25 2023 18: +0,1698253200
8.535,3,Oct 25 2023 19: +0,1698256800
8.638,4,Oct 25 2023 20: +0,1698260400
8.62,5,Oct 25 2023 21: +0,1698264000
8.734,5,Oct 25 2023 22: +0,1698267600
8.22,2,Oct 25 2023 23: +0,1698271200
7.974,2,Oct 26 2023 00: +0,1698274800
8.032,2,Oct 26 2023 01: +0,1698278400
8.723,2,Oct 26 2023 02: +0,1698282000
8.726,1,Oct 26 2023 03: +0,1698285600
8.721,2,Oct 26 2023 04: +0,1698289200
8.764,2,Oct 26 2023 05: +0,1698292800
8.767,3,Oct 26 2023 06: +0,1698296400
8.172,6,Oct 26 2023 08: +0,1698303600
8.76,1,Oct 26 2023 09: +0,1698307200
7.861,2,Oct 26 2023 12: +0,1698318000
7.836,3,Oct 26 2023 13: +0,1698321600
7.833,6,Oct 26 2023 14: +0,1698325200
8.553,8,Oct 26 2023 15: +0,1698328800
8.627,8,Oct 26 2023 16: +0,1698332400
8.154,6,Oct 26 2023 17: +0,1698336000
8.591,4,Oct 26 2023 18: +0,1698339600
8.463,4,Oct 26 2023 19: +0,1698343200
8.277,6,Oct 26 2023 20: +0,1698346800
8.762,9,Oct 26 2023 21: +0,1698350400
7.686,3,Oct 26 2023 22: +0,1698354000
8.855,2,Oct 26 2023 23: +0,1698357600
8.877,4,Oct 27 2023 00: +0,1698361200
7.597,1,Oct 27 2023 01: +0,1698364800
8.351,1,Oct 27 2023 02: +0,1698368400
8.305,3,Oct 27 2023 04: +0,1698375600
8.317,1,Oct 27 2023 05: +0,1698379200
8.321,2,Oct 27 2023 06: +0,1698382800
8.24,1,Oct 27 2023 08: +0,1698390000
8.283,1,Oct 27 2023 09: +0,1698393600
8.018,3,Oct 27 2023 10: +0,1698397200
7.759,1,Oct 27 2023 11: +0,1698400800
7.532,5,Oct 27 2023 12: +0,1698404400
7.467,1,Oct 27 2023 13: +0,1698408000
8.129,5,Oct 27 2023 14: +0,1698411600
8.196,5,Oct 27 2023 15: +0,1698415200
8.197,3,Oct 27 2023 16: +0,1698418800
8.223,9,Oct 27 2023 17: +0,1698422400
8.182,4,Oct 27 2023 18: +0,1698426000
8.347,8,Oct 27 2023 19: +0,1698429600
8.612,6,Oct 27 2023 20: +0,1698433200
8.842,4,Oct 27 2023 21: +0,1698436800
8.189,2,Oct 27 2023 22: +0,1698440400
8.838,3,Oct 27 2023 23: +0,1698444000
8.684,1,Oct 28 2023 01: +0,1698451200
8.383,3,Oct 28 2023 02: +0,1698454800
8.644,3,Oct 28 2023 03: +0,1698458400
8.341,3,Oct 28 2023 05: +0,1698465600
7.889,2,Oct 28 2023 07: +0,1698472800
7.523,1,Oct 28 2023 08: +0,1698476400
8.303,3,Oct 28 2023 10: +0,1698483600
8.363,3,Oct 28 2023 11: +0,1698487200
8.363,6,Oct 28 2023 12: +0,1698490800
8.206,6,Oct 28 2023 13: +0,1698494400
7.894,2,Oct 28 2023 14: +0,1698498000
7.769,4,Oct 28 2023 15: +0,1698501600
7.762,2,Oct 28 2023 16: +0,1698505200
7.799,4,Oct 28 2023 17: +0,1698508800
7.701,2,Oct 28 2023 18: +0,1698512400
7.737,8,Oct 28 2023 19: +0,1698516000
8.061,4,Oct 28 2023 20: +0,1698519600
8.226,4,Oct 28 2023 21: +0,1698523200
8.217,3,Oct 28 2023 22: +0,1698526800
7.962,3,Oct 28 2023 23: +0,1698530400
8.171,2,Oct 29 2023 00: +0,1698534000
7.513,3,Oct 29 2023 01: +0,1698537600
8.106,1,Oct 29 2023 02: +0,1698544800
8.107,1,Oct 29 2023 03: +0,1698548400
7.524,3,Oct 29 2023 04: +0,1698552000
7.862,5,Oct 29 2023 05: +0,1698555600
7.514,5,Oct 29 2023 07: +0,1698562800
8.1,3,Oct 29 2023 08: +0,1698566400
8.819,2,Oct 29 2023 10: +0,1698573600
7.779,2,Oct 29 2023 11: +0,1698577200
7.96,5,Oct 29 2023 12: +0,1698580800
7.878,6,Oct 29 2023 13: +0,1698584400
7.857,7,Oct 29 2023 14: +0,1698588000
8.089,8,Oct 29 2023 15: +0,1698591600
7.762,3,Oct 29 2023 16: +0,1698595200
7.857,1,Oct 29 2023 17: +0,1698598800
7.702,5,Oct 29 2023 18: +0,1698602400
7.742,7,Oct 29 2023 19: +0,1698606000
7.912,10,Oct 29 2023 20: +0,1698609600
8.037,3,Oct 29 2023 21: +0,1698613200
8.089,8,Oct 29 2023 22: +0,1698616800
7.299,2,Oct 29 2023 23: +0,1698620400
7.897,3,Oct 30 2023 00: +0,1698624000
7.933,2,Oct 30 2023 01: +0,1698627600
7.887,1,Oct 30 2023 02: +0,1698631200
7.893,2,Oct 30 2023 03: +0,1698634800
8.084,5,Oct 30 2023 04: +0,1698638400
7.153,1,Oct 30 2023 05: +0,1698642000
8.075,3,Oct 30 2023 07: +0,1698649200
7.599,1,Oct 30 2023 09: +0,1698656400
7.681,2,Oct 30 2023 10: +0,1698660000
7.599,8,Oct 30 2023 11: +0,1698663600
7.599,5,Oct 30 2023 12: +0,1698667200
7.616,9,Oct 30 2023 13: +0,1698670800
7.82,2,Oct 30 2023 14: +0,1698674400
7.728,3,Oct 30 2023 15: +0,1698678000
7.535,5,Oct 30 2023 16: +0,1698681600
7.477,5,Oct 30 2023 17: +0,1698685200
7.711,11,Oct 30 2023 18: +0,1698688800
7.977,3,Oct 30 2023 19: +0,1698692400
7.779,5,Oct 30 2023 20: +0,1698696000
8.023,4,Oct 30 2023 21: +0,1698699600
8.087,3,Oct 30 2023 22: +0,1698703200
8.074,5,Oct 30 2023 23: +0,1698706800
7.341,3,Oct 31 2023 00: +0,1698710400
7.962,5,Oct 31 2023 01: +0,1698714000
8.1,1,Oct 31 2023 02: +0,1698717600
8.044,1,Oct 31 2023 03: +0,1698721200
8.044,4,Oct 31 2023 04: +0,1698724800
7.905,1,Oct 31 2023 05: +0,1698728400
7.905,1,Oct 31 2023 06: +0,1698732000
7.468,2,Oct 31 2023 07: +0,1698735600
7.873,1,Oct 31 2023 08: +0,1698739200
8.039,4,Oct 31 2023 09: +0,1698742800
8.061,2,Oct 31 2023 10: +0,1698746400
8.154,1,Oct 31 2023 11: +0,1698750000
8.121,3,Oct 31 2023 12: +0,1698753600
7.835,2,Oct 31 2023 13: +0,1698757200
8.102,6,Oct 31 2023 14: +0,1698760800
7.88,3,Oct 31 2023 15: +0,1698764400
8.13,1,Oct 31 2023 16: +0,1698768000
8.02,2,Oct 31 2023 17: +0,1698771600
8.117,4,Oct 31 2023 18: +0,1698775200
8.028,2,Oct 31 2023 19: +0,1698778800
8.05,4,Oct 31 2023 20: +0,1698782400
7.833,2,Oct 31 2023 21: +0,1698786000
7.831,4,Oct 31 2023 22: +0,1698789600
7.557,3,Oct 31 2023 23: +0,1698793200
7.972,1,Nov 01 2023 00: +0,1698796800
8.016,4,Nov 01 2023 01: +0,1698800400
7.986,5,Nov 01 2023 03: +0,1698807600
8.027,1,Nov 01 2023 05: +0,1698814800
7.021,1,Nov 01 2023 06: +0,1698818400
7.587,3,Nov 01 2023 07: +0,1698822000
8.12,1,Nov 01 2023 08: +0,1698825600
7.73,1,Nov 01 2023 09: +0,1698829200
7.648,2,Nov 01 2023 10: +0,1698832800
7.289,2,Nov 01 2023 11: +0,1698836400
7.825,2,Nov 01 2023 12: +0,1698840000
7.75,6,Nov 01 2023 13: +0,1698843600
8.118,1,Nov 01 2023 14: +0,1698847200
7.587,5,Nov 01 2023 15: +0,1698850800
8.091,6,Nov 01 2023 16: +0,1698854400
8.11,5,Nov 01 2023 17: +0,1698858000
8.092,6,Nov 01 2023 18: +0,1698861600
8.107,3,Nov 01 2023 19: +0,1698865200
8.093,4,Nov 01 2023 20: +0,1698868800
7.848,2,Nov 01 2023 21: +0,1698872400
8.047,2,Nov 01 2023 22: +0,1698876000
8.05,2,Nov 01 2023 23: +0,1698879600
8.084,1,Nov 02 2023 00: +0,1698883200
7.323,1,Nov 02 2023 01: +0,1698886800
7.542,1,Nov 02 2023 02: +0,1698890400
8.051,1,Nov 02 2023 04: +0,1698897600
8.063,2,Nov 02 2023 05: +0,1698901200
7.679,2,Nov 02 2023 06: +0,1698904800
7.528,1,Nov 02 2023 08: +0,1698912000
8.034,4,Nov 02 2023 09: +0,1698915600
7.772,2,Nov 02 2023 10: +0,1698919200
7.862,3,Nov 02 2023 11: +0,1698922800
7.973,1,Nov 02 2023 12: +0,1698926400
7.528,3,Nov 02 2023 14: +0,1698933600
7.51,4,Nov 02 2023 15: +0,1698937200
7.839,3,Nov 02 2023 16: +0,1698940800
7.836,5,Nov 02 2023 17: +0,1698944400
7.84,4,Nov 02 2023 18: +0,1698948000
7.674,5,Nov 02 2023 19: +0,1698951600
8.007,9,Nov 02 2023 20: +0,1698955200
8.026,2,Nov 02 2023 21: +0,1698958800
8.015,4,Nov 02 2023 22: +0,1698962400
7.994,7,Nov 02 2023 23: +0,1698966000
7.172,4,Nov 03 2023 00: +0,1698969600
8.079,2,Nov 03 2023 01: +0,1698973200
8.28,1,Nov 03 2023 02: +0,1698976800
7.271,2,Nov 03 2023 06: +0,1698991200
8.073,3,Nov 03 2023 08: +0,1698998400
8.065,1,Nov 03 2023 09: +0,1699002000
8.065,3,Nov 03 2023 10: +0,1699005600
7.338,1,Nov 03 2023 11: +0,1699009200
7.762,1,Nov 03 2023 12: +0,1699012800
8.027,8,Nov 03 2023 13: +0,1699016400
8.041,5,Nov 03 2023 14: +0,1699020000
6.947,1,Nov 03 2023 15: +0,1699023600
7.657,3,Nov 03 2023 16: +0,1699027200
7.474,2,Nov 03 2023 17: +0,1699030800
7.174,3,Nov 03 2023 18: +0,1699034400
7.503,5,Nov 03 2023 19: +0,1699038000
7.661,5,Nov 03 2023 20: +0,1699041600
7.716,2,Nov 03 2023 21: +0,1699045200
8.005,7,Nov 03 2023 22: +0,1699048800
7.651,4,Nov 03 2023 23: +0,1699052400
7.996,3,Nov 04 2023 00: +0,1699056000
7.955,2,Nov 04 2023 01: +0,1699059600
8.014,3,Nov 04 2023 02: +0,1699063200
7.994,3,Nov 04 2023 03: +0,1699066800
7.981,2,Nov 04 2023 04: +0,1699070400
8.057,3,Nov 04 2023 05: +0,1699074000
8.043,2,Nov 04 2023 07: +0,1699081200
7.916,1,Nov 04 2023 08: +0,1699084800
7.696,5,Nov 04 2023 10: +0,1699092000
7.568,2,Nov 04 2023 11: +0,1699095600
7.205,1,Nov 04 2023 12: +0,1699099200
7.637,4,Nov 04 2023 13: +0,1699102800
7.257,1,Nov 04 2023 14: +0,1699106400
7.472,4,Nov 04 2023 15: +0,1699110000
7.647,3,Nov 04 2023 16: +0,1699113600
7.532,4,Nov 04 2023 17: +0,1699117200
7.613,1,Nov 04 2023 18: +0,1699120800
7.861,4,Nov 04 2023 19: +0,1699124400
7.983,4,Nov 04 2023 20: +0,1699128000
7.996,7,Nov 04 2023 21: +0,1699131600
8.007,5,Nov 04 2023 22: +0,1699135200
7.093,3,Nov 04 2023 23: +0,1699138800
7.996,4,Nov 05 2023 00: +0,1699142400
7.514,2,Nov 05 2023 01: +0,1699146000
7.308,2,Nov 05 2023 02: +0,1699149600
8.074,2,Nov 05 2023 05: +0,1699160400
8.12,3,Nov 05 2023 06: +0,1699164000
8.145,2,Nov 05 2023 07: +0,1699167600
8.197,2,Nov 05 2023 08: +0,1699171200
8.162,2,Nov 05 2023 09: +0,1699174800
8.184,1,Nov 05 2023 10: +0,1699178400
8.222,4,Nov 05 2023 11: +0,1699182000
8.224,4,Nov 05 2023 12: +0,1699185600
8.096,2,Nov 05 2023 13: +0,1699189200
8.164,6,Nov 05 2023 14: +0,1699192800
8.17,3,Nov 05 2023 15: +0,1699196400
7.983,2,Nov 05 2023 16: +0,1699200000
7.796,4,Nov 05 2023 17: +0,1699203600
8.126,3,Nov 05 2023 18: +0,1699207200
7.805,4,Nov 05 2023 19: +0,1699210800
8.125,6,Nov 05 2023 20: +0,1699214400
8.228,4,Nov 05 2023 21: +0,1699218000
7.9,2,Nov 05 2023 22: +0,1699221600
7.644,1,Nov 05 2023 23: +0,1699225200
7.39,2,Nov 06 2023 00: +0,1699228800
7.808,1,Nov 06 2023 02: +0,1699236000
8.264,4,Nov 06 2023 03: +0,1699239600
7.705,2,Nov 06 2023 04: +0,1699243200
7.978,2,Nov 06 2023 05: +0,1699246800
8.692,1,Nov 06 2023 06: +0,1699250400
8.161,1,Nov 06 2023 07: +0,1699254000
8.137,2,Nov 06 2023 08: +0,1699257600
8.166,3,Nov 06 2023 09: +0,1699261200
8.231,1,Nov 06 2023 10: +0,1699264800
8.334,3,Nov 06 2023 11: +0,1699268400
8.397,1,Nov 06 2023 12: +0,1699272000
8.301,2,Nov 06 2023 13: +0,1699275600
8.344,1,Nov 06 2023 14: +0,1699279200
8.3,2,Nov 06 2023 15: +0,1699282800
8.352,3,Nov 06 2023 16: +0,1699286400
8.352,5,Nov 06 2023 17: +0,1699290000
7.5,2,Nov 06 2023 18: +0,1699293600
8.361,6,Nov 06 2023 19: +0,1699297200
8.303,3,Nov 06 2023 20: +0,1699300800
8.262,2,Nov 06 2023 21: +0,1699304400
8.317,6,Nov 06 2023 22: +0,1699308000
8.357,3,Nov 06 2023 23: +0,1699311600
8.806,2,Nov 07 2023 00: +0,1699315200
8.8,1,Nov 07 2023 01: +0,1699318800
8.822,1,Nov 07 2023 02: +0,1699322400
8.026,1,Nov 07 2023 03: +0,1699326000
8.589,1,Nov 07 2023 05: +0,1699333200
8.449,1,Nov 07 2023 08: +0,1699344000
8.232,2,Nov 07 2023 09: +0,1699347600
8.333,2,Nov 07 2023 10: +0,1699351200
8.265,2,Nov 07 2023 11: +0,1699354800
8.32,2,Nov 07 2023 12: +0,1699358400
8.361,4,Nov 07 2023 13: +0,1699362000
8.373,2,Nov 07 2023 14: +0,1699365600
8.349,1,Nov 07 2023 16: +0,1699372800
8.113,2,Nov 07 2023 17: +0,1699376400
7.675,4,Nov 07 2023 18: +0,1699380000
7.935,1,Nov 07 2023 19: +0,1699383600
8.219,3,Nov 07 2023 20: +0,1699387200
21.388,2,Nov 07 2023 22: +0,1699394400
8.307,5,Nov 07 2023 23: +0,1699398000
8.215,3,Nov 08 2023 00: +0,1699401600
8.247,2,Nov 08 2023 02: +0,1699408800
8.315,1,Nov 08 2023 03: +0,1699412400
7.764,2,Nov 08 2023 05: +0,1699419600
8.215,2,Nov 08 2023 06: +0,1699423200
7.247,1,Nov 08 2023 07: +0,1699426800
8.097,1,Nov 08 2023 08: +0,1699430400
7.356,7,Nov 08 2023 09: +0,1699434000
7.745,1,Nov 08 2023 10: +0,1699437600
7.91,2,Nov 08 2023 11: +0,1699441200
8.092,3,Nov 08 2023 12: +0,1699444800
8.205,3,Nov 08 2023 13: +0,1699448400
8.211,4,Nov 08 2023 14: +0,1699452000
8.325,1,Nov 08 2023 15: +0,1699455600
8.205,3,Nov 08 2023 16: +0,1699459200
8.31,10,Nov 08 2023 17: +0,1699462800
8.358,4,Nov 08 2023 18: +0,1699466400
7.751,4,Nov 08 2023 19: +0,1699470000
7.898,4,Nov 08 2023 20: +0,1699473600
7.273,1,Nov 08 2023 21: +0,1699477200
7.861,2,Nov 08 2023 23: +0,1699484400
7.891,2,Nov 09 2023 00: +0,1699488000
8.412,2,Nov 09 2023 03: +0,1699498800
7.469,1,Nov 09 2023 04: +0,1699502400
7.468,1,Nov 09 2023 05: +0,1699506000
8.415,2,Nov 09 2023 06: +0,1699509600
8.393,1,Nov 09 2023 08: +0,1699516800
8.4,3,Nov 09 2023 09: +0,1699520400
7.781,2,Nov 09 2023 10: +0,1699524000
8.394,2,Nov 09 2023 11: +0,1699527600
8.302,2,Nov 09 2023 12: +0,1699531200
8.395,4,Nov 09 2023 13: +0,1699534800
7.967,2,Nov 09 2023 14: +0,1699538400
8.222,5,Nov 09 2023 15: +0,1699542000
8.207,5,Nov 09 2023 16: +0,1699545600
8.218,2,Nov 09 2023 17: +0,1699549200
8.223,5,Nov 09 2023 18: +0,1699552800
8.283,6,Nov 09 2023 19: +0,1699556400
8.333,3,Nov 09 2023 20: +0,1699560000
8.333,1,Nov 09 2023 21: +0,1699563600
7.75,2,Nov 09 2023 22: +0,1699567200
8.032,2,Nov 09 2023 23: +0,1699570800
8.16,4,Nov 10 2023 00: +0,1699574400
8.277,1,Nov 10 2023 01: +0,1699578000
8.294,1,Nov 10 2023 02: +0,1699581600
8.182,2,Nov 10 2023 05: +0,1699592400
8.223,1,Nov 10 2023 06: +0,1699596000
7.544,2,Nov 10 2023 07: +0,1699599600
8.097,1,Nov 10 2023 08: +0,1699603200
8.188,2,Nov 10 2023 09: +0,1699606800
8.117,2,Nov 10 2023 10: +0,1699610400
7.962,2,Nov 10 2023 12: +0,1699617600
7.763,2,Nov 10 2023 14: +0,1699624800
7.728,4,Nov 10 2023 15: +0,1699628400
8.097,3,Nov 10 2023 16: +0,1699632000
7.834,2,Nov 10 2023 17: +0,1699635600
7.801,5,Nov 10 2023 18: +0,1699639200
7.838,2,Nov 10 2023 19: +0,1699642800
8.012,5,Nov 10 2023 20: +0,1699646400
8.012,2,Nov 10 2023 21: +0,1699650000
7.893,3,Nov 10 2023 22: +0,1699653600
7.656,2,Nov 10 2023 23: +0,1699657200
7.276,4,Nov 11 2023 01: +0,1699664400
6.895,1,Nov 11 2023 02: +0,1699668000
7.525,1,Nov 11 2023 03: +0,1699671600
7.929,3,Nov 11 2023 04: +0,1699675200
8.119,1,Nov 11 2023 05: +0,1699678800
7.3,1,Nov 11 2023 06: +0,1699682400
8.135,2,Nov 11 2023 07: +0,1699686000
7.548,1,Nov 11 2023 08: +0,1699689600
8.128,1,Nov 11 2023 09: +0,1699693200
8.054,3,Nov 11 2023 10: +0,1699696800
7.537,2,Nov 11 2023 11: +0,1699700400
8.122,2,Nov 11 2023 12: +0,1699704000
8.109,4,Nov 11 2023 13: +0,1699707600
8.129,4,Nov 11 2023 14: +0,1699711200
7.316,6,Nov 11 2023 15: +0,1699714800
7.252,5,Nov 11 2023 16: +0,1699718400
7.254,5,Nov 11 2023 17: +0,1699722000
7.976,3,Nov 11 2023 18: +0,1699725600
7.719,3,Nov 11 2023 19: +0,1699729200
7.621,7,Nov 11 2023 21: +0,1699736400
8.06,3,Nov 11 2023 22: +0,1699740000
8.045,3,Nov 11 2023 23: +0,1699743600
8.054,3,Nov 12 2023 00: +0,1699747200
8.123,4,Nov 12 2023 01: +0,1699750800
7.528,2,Nov 12 2023 02: +0,1699754400
8.137,2,Nov 12 2023 03: +0,1699758000
7.977,2,Nov 12 2023 04: +0,1699761600
8.222,2,Nov 12 2023 05: +0,1699765200
8.215,4,Nov 12 2023 07: +0,1699772400
8.173,1,Nov 12 2023 08: +0,1699776000
8.245,5,Nov 12 2023 09: +0,1699779600
7.134,3,Nov 12 2023 10: +0,1699783200
8.022,1,Nov 12 2023 11: +0,1699786800
8.298,4,Nov 12 2023 12: +0,1699790400
8.307,1,Nov 12 2023 13: +0,1699794000
8.311,2,Nov 12 2023 14: +0,1699797600
8.348,2,Nov 12 2023 15: +0,1699801200
7.94,6,Nov 12 2023 16: +0,1699804800
8.009,4,Nov 12 2023 17: +0,1699808400
7.223,3,Nov 12 2023 18: +0,1699812000
7.171,1,Nov 12 2023 19: +0,1699815600
7.711,4,Nov 12 2023 20: +0,1699819200
7.634,2,Nov 12 2023 21: +0,1699822800
8.141,4,Nov 12 2023 22: +0,1699826400
8.302,1,Nov 12 2023 23: +0,1699830000
8.324,2,Nov 13 2023 00: +0,1699833600
8.013,1,Nov 13 2023 01: +0,1699837200
7.8,2,Nov 13 2023 03: +0,1699844400
7.589,2,Nov 13 2023 04: +0,1699848000
7.487,2,Nov 13 2023 05: +0,1699851600
7.715,1,Nov 13 2023 08: +0,1699862400
7.359,1,Nov 13 2023 09: +0,1699866000
8.125,1,Nov 13 2023 11: +0,1699873200
8.225,4,Nov 13 2023 12: +0,1699876800
8.303,1,Nov 13 2023 13: +0,1699880400
8.236,3,Nov 13 2023 14: +0,1699884000
7.93,1,Nov 13 2023 15: +0,1699887600
7.35,3,Nov 13 2023 16: +0,1699891200
7.375,4,Nov 13 2023 17: +0,1699894800
7.351,3,Nov 13 2023 18: +0,1699898400
7.858,2,Nov 13 2023 19: +0,1699902000
6.915,2,Nov 13 2023 20: +0,1699905600
7.788,4,Nov 13 2023 21: +0,1699909200
7.99,3,Nov 13 2023 22: +0,1699912800
8.181,1,Nov 13 2023 23: +0,1699916400
8.175,2,Nov 14 2023 00: +0,1699920000
8.183,1,Nov 14 2023 01: +0,1699923600
7.844,2,Nov 14 2023 02: +0,1699927200
8.074,2,Nov 14 2023 03: +0,1699930800
8.194,1,Nov 14 2023 04: +0,1699934400
8.156,1,Nov 14 2023 05: +0,1699938000
7.818,2,Nov 14 2023 07: +0,1699945200
8.312,1,Nov 14 2023 08: +0,1699948800
8.089,1,Nov 14 2023 11: +0,1699959600
8.078,1,Nov 14 2023 12: +0,1699963200
8.029,2,Nov 14 2023 13: +0,1699966800
7.896,2,Nov 14 2023 16: +0,1699977600
7.887,2,Nov 14 2023 17: +0,1699981200
8.07,4,Nov 14 2023 18: +0,1699984800
8.072,3,Nov 14 2023 19: +0,1699988400
8.089,2,Nov 14 2023 20: +0,1699992000
8.093,2,Nov 14 2023 21: +0,1699995600
7.989,2,Nov 14 2023 22: +0,1699999200
8.121,2,Nov 14 2023 23: +0,1700002800
7.685,1,Nov 15 2023 00: +0,1700006400
6.491,1,Nov 15 2023 01: +0,1700010000
8.079,1,Nov 15 2023 02: +0,1700013600
7.62,2,Nov 15 2023 04: +0,1700020800
8.189,2,Nov 15 2023 07: +0,1700031600
8.115,2,Nov 15 2023 08: +0,1700035200
7.892,2,Nov 15 2023 11: +0,1700046000
7.081,4,Nov 15 2023 13: +0,1700053200
7.607,4,Nov 15 2023 15: +0,1700060400
8.046,1,Nov 15 2023 16: +0,1700064000
8.118,5,Nov 15 2023 17: +0,1700067600
8.18,4,Nov 15 2023 18: +0,1700071200
8.143,1,Nov 15 2023 19: +0,1700074800
7.816,3,Nov 15 2023 20: +0,1700078400
7.816,3,Nov 15 2023 21: +0,1700082000
7.248,4,Nov 15 2023 22: +0,1700085600
7.785,5,Nov 16 2023 00: +0,1700092800
8.225,3,Nov 16 2023 02: +0,1700100000
8.279,1,Nov 16 2023 03: +0,1700103600
8.271,3,Nov 16 2023 04: +0,1700107200
8.285,1,Nov 16 2023 07: +0,1700118000
8.259,1,Nov 16 2023 10: +0,1700128800
8.207,1,Nov 16 2023 11: +0,1700132400
8.225,1,Nov 16 2023 12: +0,1700136000
8.225,1,Nov 16 2023 13: +0,1700139600
7.958,3,Nov 16 2023 14: +0,1700143200
8.05,3,Nov 16 2023 15: +0,1700146800
8.022,5,Nov 16 2023 16: +0,1700150400
7.966,3,Nov 16 2023 17: +0,1700154000
8.007,4,Nov 16 2023 18: +0,1700157600
8.207,5,Nov 16 2023 19: +0,1700161200
8.225,5,Nov 16 2023 20: +0,1700164800
8.268,1,Nov 16 2023 21: +0,1700168400
8.192,6,Nov 16 2023 22: +0,1700172000
7.61,2,Nov 16 2023 23: +0,1700175600
8.238,1,Nov 17 2023 00: +0,1700179200
8.229,1,Nov 17 2023 02: +0,1700186400
8.262,3,Nov 17 2023 03: +0,1700190000
8.285,2,Nov 17 2023 04: +0,1700193600
8.054,3,Nov 17 2023 05: +0,1700197200
8.0,1,Nov 17 2023 06: +0,1700200800
6.954,2,Nov 17 2023 07: +0,1700204400
7.873,4,Nov 17 2023 12: +0,1700222400
7.958,3,Nov 17 2023 14: +0,1700229600
7.903,1,Nov 17 2023 15: +0,1700233200
7.965,4,Nov 17 2023 16: +0,1700236800
8.021,1,Nov 17 2023 17: +0,1700240400
7.85,1,Nov 17 2023 18: +0,1700244000
7.436,5,Nov 17 2023 19: +0,1700247600
8.024,6,Nov 17 2023 20: +0,1700251200
8.191,3,Nov 17 2023 21: +0,1700254800
8.227,2,Nov 17 2023 22: +0,1700258400
8.243,6,Nov 17 2023 23: +0,1700262000
8.263,3,Nov 18 2023 00: +0,1700265600
7.711,1,Nov 18 2023 01: +0,1700269200
8.335,1,Nov 18 2023 02: +0,1700272800
8.319,1,Nov 18 2023 03: +0,1700276400
8.295,3,Nov 18 2023 04: +0,1700280000
8.298,2,Nov 18 2023 05: +0,1700283600
8.286,4,Nov 18 2023 06: +0,1700287200
8.293,1,Nov 18 2023 07: +0,1700290800
8.295,2,Nov 18 2023 08: +0,1700294400
8.154,3,Nov 18 2023 09: +0,1700298000
8.303,1,Nov 18 2023 10: +0,1700301600
8.295,2,Nov 18 2023 11: +0,1700305200
8.903,2,Nov 18 2023 12: +0,1700308800
8.335,3,Nov 18 2023 13: +0,1700312400
8.355,3,Nov 18 2023 14: +0,1700316000
8.423,3,Nov 18 2023 15: +0,1700319600
7.951,1,Nov 18 2023 16: +0,1700323200
7.361,2,Nov 18 2023 17: +0,1700326800
7.48,5,Nov 18 2023 18: +0,1700330400
8.27,3,Nov 18 2023 19: +0,1700334000
7.477,1,Nov 18 2023 20: +0,1700337600
7.854,2,Nov 18 2023 21: +0,1700341200
8.178,1,Nov 18 2023 22: +0,1700344800
8.221,3,Nov 18 2023 23: +0,1700348400
8.172,2,Nov 19 2023 00: +0,1700352000
8.361,4,Nov 19 2023 01: +0,1700355600
7.332,2,Nov 19 2023 02: +0,1700359200
8.175,4,Nov 19 2023 03: +0,1700362800
8.423,2,Nov 19 2023 04: +0,1700366400
7.889,2,Nov 19 2023 05: +0,1700370000
8.548,3,Nov 19 2023 06: +0,1700373600
8.375,1,Nov 19 2023 07: +0,1700377200
8.041,3,Nov 19 2023 09: +0,1700384400
8.093,2,Nov 19 2023 10: +0,1700388000
8.553,4,Nov 19 2023 12: +0,1700395200
8.723,1,Nov 19 2023 13: +0,1700398800
8.901,1,Nov 19 2023 14: +0,1700402400
8.867,4,Nov 19 2023 15: +0,1700406000
8.868,6,Nov 19 2023 16: +0,1700409600
8.718,7,Nov 19 2023 17: +0,1700413200
8.955,2,Nov 19 2023 18: +0,1700416800
8.837,3,Nov 19 2023 19: +0,1700420400
8.889,3,Nov 19 2023 20: +0,1700424000
8.889,3,Nov 19 2023 21: +0,1700427600
8.856,2,Nov 19 2023 22: +0,1700431200
8.552,2,Nov 19 2023 23: +0,1700434800
8.803,2,Nov 20 2023 00: +0,1700438400
7.31,2,Nov 20 2023 01: +0,1700442000
8.167,2,Nov 20 2023 03: +0,1700449200
8.831,3,Nov 20 2023 04: +0,1700452800
8.884,1,Nov 20 2023 05: +0,1700456400
8.899,2,Nov 20 2023 06: +0,1700460000
8.901,1,Nov 20 2023 07: +0,1700463600
8.892,1,Nov 20 2023 08: +0,1700467200
8.812,2,Nov 20 2023 09: +0,1700470800
7.87,1,Nov 20 2023 10: +0,1700474400
8.091,1,Nov 20 2023 13: +0,1700485200
8.151,3,Nov 20 2023 14: +0,1700488800
7.756,4,Nov 20 2023 15: +0,1700492400
8.041,1,Nov 20 2023 16: +0,1700496000
8.058,2,Nov 20 2023 17: +0,1700499600
8.06,4,Nov 20 2023 18: +0,1700503200
8.021,1,Nov 20 2023 19: +0,1700506800
8.365,4,Nov 20 2023 20: +0,1700510400
8.8,3,Nov 20 2023 21: +0,1700514000
8.333,2,Nov 20 2023 22: +0,1700517600
8.8,3,Nov 20 2023 23: +0,1700521200
9.014,1,Nov 21 2023 00: +0,1700524800
7.843,2,Nov 21 2023 01: +0,1700528400
8.255,3,Nov 21 2023 02: +0,1700532000
8.715,1,Nov 21 2023 04: +0,1700539200
7.841,1,Nov 21 2023 08: +0,1700553600
7.621,3,Nov 21 2023 09: +0,1700557200
8.303,3,Nov 21 2023 11: +0,1700564400
8.068,1,Nov 21 2023 13: +0,1700571600
7.99,2,Nov 21 2023 14: +0,1700575200
8.018,2,Nov 21 2023 15: +0,1700578800
8.397,2,Nov 21 2023 16: +0,1700582400
8.426,2,Nov 21 2023 17: +0,1700586000
7.594,2,Nov 21 2023 18: +0,1700589600
7.809,4,Nov 21 2023 19: +0,1700593200
7.776,4,Nov 21 2023 20: +0,1700596800
7.828,3,Nov 21 2023 21: +0,1700600400
7.619,9,Nov 21 2023 22: +0,1700604000
8.018,2,Nov 21 2023 23: +0,1700607600
7.964,3,Nov 22 2023 00: +0,1700611200
8.016,4,Nov 22 2023 02: +0,1700618400
7.499,3,Nov 22 2023 04: +0,1700625600
7.788,1,Nov 22 2023 07: +0,1700636400
7.642,2,Nov 22 2023 09: +0,1700643600
7.499,2,Nov 22 2023 10: +0,1700647200
7.415,1,Nov 22 2023 11: +0,1700650800
7.421,6,Nov 22 2023 12: +0,1700654400
7.395,2,Nov 22 2023 13: +0,1700658000
7.415,2,Nov 22 2023 14: +0,1700661600
7.366,4,Nov 22 2023 15: +0,1700665200
7.347,3,Nov 22 2023 16: +0,1700668800
7.347,5,Nov 22 2023 17: +0,1700672400
7.499,5,Nov 22 2023 18: +0,1700676000
7.519,4,Nov 22 2023 19: +0,1700679600
7.287,2,Nov 22 2023 20: +0,1700683200
7.439,2,Nov 22 2023 21: +0,1700686800
7.362,5,Nov 22 2023 22: +0,1700690400
7.449,1,Nov 22 2023 23: +0,1700694000
7.563,1,Nov 23 2023 00: +0,1700697600
7.571,1,Nov 23 2023 01: +0,1700701200
7.227,1,Nov 23 2023 02: +0,1700704800
6.264,2,Nov 23 2023 04: +0,1700712000
7.261,4,Nov 23 2023 05: +0,1700715600
7.331,1,Nov 23 2023 06: +0,1700719200
7.027,1,Nov 23 2023 07: +0,1700722800
7.163,1,Nov 23 2023 08: +0,1700726400
7.319,5,Nov 23 2023 09: +0,1700730000
7.237,2,Nov 23 2023 10: +0,1700733600
7.309,2,Nov 23 2023 11: +0,1700737200
6.894,4,Nov 23 2023 12: +0,1700740800
7.011,3,Nov 23 2023 13: +0,1700744400
7.328,3,Nov 23 2023 14: +0,1700748000
7.449,1,Nov 23 2023 15: +0,1700751600
6.9,3,Nov 23 2023 16: +0,1700755200
7.484,1,Nov 23 2023 17: +0,1700758800
7.72,1,Nov 23 2023 18: +0,1700762400
7.484,4,Nov 23 2023 19: +0,1700766000
7.491,1,Nov 23 2023 20: +0,1700769600
7.433,2,Nov 23 2023 21: +0,1700773200
7.487,3,Nov 23 2023 22: +0,1700776800
7.499,3,Nov 23 2023 23: +0,1700780400
7.55,1,Nov 24 2023 00: +0,1700784000
7.023,2,Nov 24 2023 01: +0,1700787600
7.28,1,Nov 24 2023 02: +0,1700791200
7.365,1,Nov 24 2023 03: +0,1700794800
7.38,3,Nov 24 2023 05: +0,1700802000
7.371,1,Nov 24 2023 06: +0,1700805600
7.332,2,Nov 24 2023 07: +0,1700809200
7.467,1,Nov 24 2023 08: +0,1700812800
7.145,4,Nov 24 2023 09: +0,1700816400
7.019,2,Nov 24 2023 10: +0,1700820000
7.051,1,Nov 24 2023 12: +0,1700827200
7.239,4,Nov 24 2023 13: +0,1700830800
7.267,3,Nov 24 2023 14: +0,1700834400
7.056,4,Nov 24 2023 15: +0,1700838000
7.617,2,Nov 24 2023 16: +0,1700841600
7.035,5,Nov 24 2023 17: +0,1700845200
7.334,4,Nov 24 2023 18: +0,1700848800
7.154,3,Nov 24 2023 19: +0,1700852400
7.035,3,Nov 24 2023 20: +0,1700856000
7.193,2,Nov 24 2023 21: +0,1700859600
7.232,7,Nov 24 2023 22: +0,1700863200
7.419,2,Nov 24 2023 23: +0,1700866800
7.077,1,Nov 25 2023 00: +0,1700870400
6.918,1,Nov 25 2023 02: +0,1700877600
7.056,1,Nov 25 2023 03: +0,1700881200
7.12,1,Nov 25 2023 04: +0,1700884800
7.054,2,Nov 25 2023 06: +0,1700892000
7.479,5,Nov 25 2023 07: +0,1700895600
7.558,4,Nov 25 2023 08: +0,1700899200
7.054,1,Nov 25 2023 09: +0,1700902800
7.048,3,Nov 25 2023 11: +0,1700910000
7.328,4,Nov 25 2023 12: +0,1700913600
7.016,2,Nov 25 2023 13: +0,1700917200
7.408,5,Nov 25 2023 14: +0,1700920800
7.53,4,Nov 25 2023 15: +0,1700924400
6.984,1,Nov 25 2023 16: +0,1700928000
7.485,4,Nov 25 2023 17: +0,1700931600
7.581,1,Nov 25 2023 18: +0,1700935200
7.45,3,Nov 25 2023 19: +0,1700938800
7.04,3,Nov 25 2023 20: +0,1700942400
7.742,2,Nov 25 2023 21: +0,1700946000
7.767,1,Nov 25 2023 22: +0,1700949600
7.122,6,Nov 25 2023 23: +0,1700953200
7.749,1,Nov 26 2023 00: +0,1700956800
7.417,2,Nov 26 2023 01: +0,1700960400
7.032,1,Nov 26 2023 03: +0,1700967600
7.535,1,Nov 26 2023 04: +0,1700971200
7.687,1,Nov 26 2023 05: +0,1700974800
6.281,1,Nov 26 2023 06: +0,1700978400
6.433,1,Nov 26 2023 07: +0,1700982000
7.345,1,Nov 26 2023 08: +0,1700985600
7.402,2,Nov 26 2023 09: +0,1700989200
7.701,1,Nov 26 2023 10: +0,1700992800
7.502,1,Nov 26 2023 11: +0,1700996400
7.581,3,Nov 26 2023 12: +0,1701000000
7.09,2,Nov 26 2023 13: +0,1701003600
7.348,6,Nov 26 2023 14: +0,1701007200
7.507,4,Nov 26 2023 15: +0,1701010800
7.589,9,Nov 26 2023 16: +0,1701014400
7.627,1,Nov 26 2023 17: +0,1701018000
7.695,4,Nov 26 2023 18: +0,1701021600
7.701,4,Nov 26 2023 19: +0,1701025200
7.825,3,Nov 26 2023 20: +0,1701028800
7.524,5,Nov 26 2023 21: +0,1701032400
7.408,1,Nov 26 2023 22: +0,1701036000
7.346,2,Nov 26 2023 23: +0,1701039600
7.757,4,Nov 27 2023 00: +0,1701043200
7.867,2,Nov 27 2023 01: +0,1701046800
7.988,2,Nov 27 2023 02: +0,1701050400
7.016,1,Nov 27 2023 03: +0,1701054000
7.922,1,Nov 27 2023 04: +0,1701057600
7.831,1,Nov 27 2023 05: +0,1701061200
7.196,1,Nov 27 2023 06: +0,1701064800
6.912,1,Nov 27 2023 07: +0,1701068400
7.57,2,Nov 27 2023 09: +0,1701075600
7.298,2,Nov 27 2023 10: +0,1701079200
7.008,1,Nov 27 2023 11: +0,1701082800
7.563,1,Nov 27 2023 12: +0,1701086400
7.268,2,Nov 27 2023 13: +0,1701090000
6.952,5,Nov 27 2023 14: +0,1701093600
7.051,2,Nov 27 2023 15: +0,1701097200
7.038,6,Nov 27 2023 16: +0,1701100800
7.081,2,Nov 27 2023 17: +0,1701104400
7.362,4,Nov 27 2023 18: +0,1701108000
7.572,5,Nov 27 2023 19: +0,1701111600
7.828,7,Nov 27 2023 20: +0,1701115200
7.4,2,Nov 27 2023 21: +0,1701118800
7.991,1,Nov 27 2023 22: +0,1701122400
7.483,2,Nov 27 2023 23: +0,1701126000
6.55,1,Nov 28 2023 00: +0,1701129600
7.927,5,Nov 28 2023 03: +0,1701140400
7.943,1,Nov 28 2023 04: +0,1701144000
7.914,1,Nov 28 2023 05: +0,1701147600
7.743,1,Nov 28 2023 06: +0,1701151200
6.96,3,Nov 28 2023 07: +0,1701154800
7.082,1,Nov 28 2023 08: +0,1701158400
7.701,3,Nov 28 2023 09: +0,1701162000
7.945,1,Nov 28 2023 10: +0,1701165600
7.313,2,Nov 28 2023 11: +0,1701169200
7.502,1,Nov 28 2023 12: +0,1701172800
7.799,1,Nov 28 2023 13: +0,1701176400
7.0,1,Nov 28 2023 14: +0,1701180000
6.993,4,Nov 28 2023 15: +0,1701183600
7.064,4,Nov 28 2023 16: +0,1701187200
7.484,2,Nov 28 2023 17: +0,1701190800
6.847,5,Nov 28 2023 18: +0,1701194400
7.026,2,Nov 28 2023 19: +0,1701198000
6.838,3,Nov 28 2023 20: +0,1701201600
7.221,5,Nov 28 2023 21: +0,1701205200
7.486,4,Nov 28 2023 22: +0,1701208800
7.995,3,Nov 28 2023 23: +0,1701212400
8.055,1,Nov 29 2023 00: +0,1701216000
7.264,2,Nov 29 2023 01: +0,1701219600
7.627,1,Nov 29 2023 05: +0,1701234000
7.975,1,Nov 29 2023 06: +0,1701237600
8.015,1,Nov 29 2023 07: +0,1701241200
6.752,1,Nov 29 2023 08: +0,1701244800
7.705,2,Nov 29 2023 10: +0,1701252000
7.695,1,Nov 29 2023 11: +0,1701255600
7.606,1,Nov 29 2023 12: +0,1701259200
7.611,5,Nov 29 2023 13: +0,1701262800
7.176,2,Nov 29 2023 14: +0,1701266400
7.233,2,Nov 29 2023 15: +0,1701270000
7.714,5,Nov 29 2023 16: +0,1701273600
7.291,2,Nov 29 2023 18: +0,1701280800
7.203,7,Nov 29 2023 19: +0,1701284400
7.436,1,Nov 29 2023 20: +0,1701288000
7.787,2,Nov 29 2023 21: +0,1701291600
7.268,2,Nov 29 2023 22: +0,1701295200
7.018,3,Nov 29 2023 23: +0,1701298800
7.648,3,Nov 30 2023 00: +0,1701302400
7.796,2,Nov 30 2023 01: +0,1701306000
7.759,3,Nov 30 2023 02: +0,1701309600
7.802,1,Nov 30 2023 03: +0,1701313200
7.807,1,Nov 30 2023 04: +0,1701316800
7.723,2,Nov 30 2023 07: +0,1701327600
7.799,2,Nov 30 2023 08: +0,1701331200
7.402,2,Nov 30 2023 09: +0,1701334800
7.567,1,Nov 30 2023 12: +0,1701345600
7.749,2,Nov 30 2023 13: +0,1701349200
7.08,1,Nov 30 2023 14: +0,1701352800
7.649,6,Nov 30 2023 15: +0,1701356400
7.715,4,Nov 30 2023 16: +0,1701360000
7.546,2,Nov 30 2023 17: +0,1701363600
7.81,1,Nov 30 2023 18: +0,1701367200
7.791,1,Nov 30 2023 19: +0,1701370800
7.794,2,Nov 30 2023 20: +0,1701374400
7.575,2,Nov 30 2023 21: +0,1701378000
7.743,3,Nov 30 2023 22: +0,1701381600
7.616,1,Dec 01 2023 00: +0,1701388800
7.074,2,Dec 01 2023 02: +0,1701396000
7.195,1,Dec 01 2023 05: +0,1701406800
7.651,2,Dec 01 2023 07: +0,1701414000
7.232,1,Dec 01 2023 09: +0,1701421200
7.771,3,Dec 01 2023 10: +0,1701424800
7.177,2,Dec 01 2023 11: +0,1701428400
7.836,1,Dec 01 2023 12: +0,1701432000
7.496,2,Dec 01 2023 14: +0,1701439200
7.823,2,Dec 01 2023 15: +0,1701442800
7.84,2,Dec 01 2023 16: +0,1701446400
7.839,3,Dec 01 2023 17: +0,1701450000
7.845,4,Dec 01 2023 18: +0,1701453600
7.508,2,Dec 01 2023 19: +0,1701457200
7.843,2,Dec 01 2023 20: +0,1701460800
7.483,4,Dec 01 2023 22: +0,1701468000
7.781,5,Dec 01 2023 23: +0,1701471600
7.646,2,Dec 02 2023 00: +0,1701475200
7.563,2,Dec 02 2023 01: +0,1701478800
7.133,2,Dec 02 2023 02: +0,1701482400
7.833,3,Dec 02 2023 03: +0,1701486000
7.855,2,Dec 02 2023 04: +0,1701489600
7.963,2,Dec 02 2023 05: +0,1701493200
7.995,1,Dec 02 2023 06: +0,1701496800
7.943,3,Dec 02 2023 07: +0,1701500400
7.957,4,Dec 02 2023 08: +0,1701504000
7.979,2,Dec 02 2023 09: +0,1701507600
7.982,1,Dec 02 2023 11: +0,1701514800
7.882,3,Dec 02 2023 12: +0,1701518400
7.36,1,Dec 02 2023 13: +0,1701522000
7.195,1,Dec 02 2023 14: +0,1701525600
7.814,3,Dec 02 2023 15: +0,1701529200
7.963,2,Dec 02 2023 16: +0,1701532800
7.982,3,Dec 02 2023 17: +0,1701536400
7.982,3,Dec 02 2023 18: +0,1701540000
7.818,2,Dec 02 2023 19: +0,1701543600
7.979,2,Dec 02 2023 20: +0,1701547200
7.891,4,Dec 02 2023 21: +0,1701550800
7.6,1,Dec 02 2023 23: +0,1701558000
7.682,1,Dec 03 2023 00: +0,1701561600
7.903,3,Dec 03 2023 01: +0,1701565200
7.232,1,Dec 03 2023 02: +0,1701568800
6.936,1,Dec 03 2023 03: +0,1701572400
7.757,1,Dec 03 2023 04: +0,1701576000
8.047,1,Dec 03 2023 05: +0,1701579600
7.959,1,Dec 03 2023 06: +0,1701583200
7.288,1,Dec 03 2023 08: +0,1701590400
8.016,2,Dec 03 2023 09: +0,1701594000
8.077,1,Dec 03 2023 10: +0,1701597600
8.059,3,Dec 03 2023 11: +0,1701601200
8.177,2,Dec 03 2023 12: +0,1701604800
7.562,1,Dec 03 2023 14: +0,1701612000
7.694,2,Dec 03 2023 15: +0,1701615600
7.526,2,Dec 03 2023 16: +0,1701619200
7.85,4,Dec 03 2023 17: +0,1701622800
7.514,5,Dec 03 2023 18: +0,1701626400
7.53,2,Dec 03 2023 19: +0,1701630000
8.112,5,Dec 03 2023 20: +0,1701633600
7.791,2,Dec 03 2023 21: +0,1701637200
7.233,2,Dec 03 2023 22: +0,1701640800
7.376,1,Dec 03 2023 23: +0,1701644400
7.566,4,Dec 04 2023 00: +0,1701648000
8.051,1,Dec 04 2023 01: +0,1701651600
7.185,2,Dec 04 2023 02: +0,1701655200
8.043,1,Dec 04 2023 03: +0,1701658800
7.284,2,Dec 04 2023 05: +0,1701666000
8.072,1,Dec 04 2023 06: +0,1701669600
7.973,2,Dec 04 2023 07: +0,1701673200
8.425,1,Dec 04 2023 09: +0,1701680400
8.425,1,Dec 04 2023 10: +0,1701684000
8.458,2,Dec 04 2023 11: +0,1701687600
8.547,1,Dec 04 2023 12: +0,1701691200
7.918,2,Dec 04 2023 13: +0,1701694800
8.017,3,Dec 04 2023 14: +0,1701698400
8.013,3,Dec 04 2023 15: +0,1701702000
7.738,2,Dec 04 2023 16: +0,1701705600
8.06,1,Dec 04 2023 17: +0,1701709200
8.659,3,Dec 04 2023 18: +0,1701712800
7.987,2,Dec 04 2023 19: +0,1701716400
8.58,1,Dec 04 2023 20: +0,1701720000
8.381,1,Dec 04 2023 21: +0,1701723600
8.356,4,Dec 04 2023 22: +0,1701727200
7.802,2,Dec 04 2023 23: +0,1701730800
7.934,1,Dec 05 2023 00: +0,1701734400
8.382,2,Dec 05 2023 02: +0,1701741600
7.907,2,Dec 05 2023 03: +0,1701745200
7.352,1,Dec 05 2023 04: +0,1701748800
7.543,2,Dec 05 2023 05: +0,1701752400
7.865,1,Dec 05 2023 06: +0,1701756000
7.743,1,Dec 05 2023 07: +0,1701759600
7.808,2,Dec 05 2023 09: +0,1701766800
7.352,1,Dec 05 2023 10: +0,1701770400
7.566,2,Dec 05 2023 14: +0,1701784800
7.839,4,Dec 05 2023 15: +0,1701788400
7.698,4,Dec 05 2023 17: +0,1701795600
7.871,1,Dec 05 2023 18: +0,1701799200
8.445,3,Dec 05 2023 19: +0,1701802800
8.377,2,Dec 05 2023 20: +0,1701806400
8.124,2,Dec 05 2023 21: +0,1701810000
8.461,3,Dec 05 2023 23: +0,1701817200
5.335,1,Dec 06 2023 00: +0,1701820800
7.994,2,Dec 06 2023 02: +0,1701828000
8.046,2,Dec 06 2023 03: +0,1701831600
8.486,1,Dec 06 2023 04: +0,1701835200
7.991,1,Dec 06 2023 07: +0,1701846000
7.991,1,Dec 06 2023 09: +0,1701853200
8.24,1,Dec 06 2023 10: +0,1701856800
8.487,2,Dec 06 2023 11: +0,1701860400
8.018,2,Dec 06 2023 12: +0,1701864000
8.302,1,Dec 06 2023 13: +0,1701867600
8.264,1,Dec 06 2023 14: +0,1701871200
8.38,1,Dec 06 2023 15: +0,1701874800
7.824,2,Dec 06 2023 16: +0,1701878400
7.498,1,Dec 06 2023 17: +0,1701882000
7.79,1,Dec 06 2023 18: +0,1701885600
8.381,3,Dec 06 2023 19: +0,1701889200
8.403,2,Dec 06 2023 20: +0,1701892800
8.457,3,Dec 06 2023 21: +0,1701896400
8.19,1,Dec 06 2023 23: +0,1701903600
8.267,1,Dec 07 2023 03: +0,1701918000
8.372,2,Dec 07 2023 07: +0,1701932400
8.382,1,Dec 07 2023 08: +0,1701936000
8.311,1,Dec 07 2023 09: +0,1701939600
8.473,3,Dec 07 2023 10: +0,1701943200
8.55,2,Dec 07 2023 11: +0,1701946800
7.516,1,Dec 07 2023 12: +0,1701950400
7.739,2,Dec 07 2023 14: +0,1701957600
7.7,1,Dec 07 2023 15: +0,1701961200
7.948,2,Dec 07 2023 16: +0,1701964800
7.965,5,Dec 07 2023 18: +0,1701972000
7.495,1,Dec 07 2023 19: +0,1701975600
8.465,6,Dec 07 2023 20: +0,1701979200
8.492,1,Dec 07 2023 21: +0,1701982800
8.538,4,Dec 07 2023 22: +0,1701986400
8.469,1,Dec 08 2023 02: +0,1702000800
8.568,2,Dec 08 2023 03: +0,1702004400
8.59,1,Dec 08 2023 04: +0,1702008000
8.529,2,Dec 08 2023 05: +0,1702011600
7.352,1,Dec 08 2023 06: +0,1702015200
8.024,3,Dec 08 2023 07: +0,1702018800
7.392,3,Dec 08 2023 08: +0,1702022400
7.945,4,Dec 08 2023 09: +0,1702026000
8.127,1,Dec 08 2023 10: +0,1702029600
7.583,1,Dec 08 2023 11: +0,1702033200
7.583,3,Dec 08 2023 12: +0,1702036800
7.424,1,Dec 08 2023 13: +0,1702040400
8.111,1,Dec 08 2023 14: +0,1702044000
7.574,3,Dec 08 2023 16: +0,1702051200
7.392,3,Dec 08 2023 17: +0,1702054800
7.669,3,Dec 08 2023 18: +0,1702058400
7.7,1,Dec 08 2023 19: +0,1702062000
7.304,2,Dec 08 2023 20: +0,1702065600
7.877,5,Dec 08 2023 21: +0,1702069200
7.975,3,Dec 08 2023 22: +0,1702072800
7.73,3,Dec 08 2023 23: +0,1702076400
7.45,3,Dec 09 2023 00: +0,1702080000
7.471,1,Dec 09 2023 01: +0,1702083600
7.961,2,Dec 09 2023 02: +0,1702087200
7.352,1,Dec 09 2023 04: +0,1702094400
7.774,1,Dec 09 2023 05: +0,1702098000
7.568,2,Dec 09 2023 06: +0,1702101600
7.471,1,Dec 09 2023 07: +0,1702105200
7.67,2,Dec 09 2023 10: +0,1702116000
7.36,1,Dec 09 2023 11: +0,1702119600
7.802,1,Dec 09 2023 12: +0,1702123200
6.928,2,Dec 09 2023 13: +0,1702126800
7.798,3,Dec 09 2023 14: +0,1702130400
7.929,1,Dec 09 2023 15: +0,1702134000
7.809,1,Dec 09 2023 16: +0,1702137600
8.059,6,Dec 09 2023 17: +0,1702141200
8.103,3,Dec 09 2023 18: +0,1702144800
7.497,2,Dec 09 2023 19: +0,1702148400
7.695,1,Dec 09 2023 20: +0,1702152000
7.896,1,Dec 09 2023 21: +0,1702155600
7.64,2,Dec 09 2023 22: +0,1702159200
7.744,2,Dec 09 2023 23: +0,1702162800
7.364,1,Dec 10 2023 01: +0,1702170000
7.562,1,Dec 10 2023 02: +0,1702173600
6.904,1,Dec 10 2023 03: +0,1702177200
7.352,1,Dec 10 2023 04: +0,1702180800
7.288,1,Dec 10 2023 06: +0,1702188000
7.845,2,Dec 10 2023 07: +0,1702191600
7.995,1,Dec 10 2023 09: +0,1702198800
7.989,3,Dec 10 2023 10: +0,1702202400
8.145,7,Dec 10 2023 11: +0,1702206000
8.148,3,Dec 10 2023 12: +0,1702209600
8.145,1,Dec 10 2023 14: +0,1702216800
7.663,2,Dec 10 2023 15: +0,1702220400
8.026,1,Dec 10 2023 16: +0,1702224000
8.003,3,Dec 10 2023 17: +0,1702227600
8.03,1,Dec 10 2023 18: +0,1702231200
7.912,2,Dec 10 2023 19: +0,1702234800
8.039,1,Dec 10 2023 20: +0,1702238400
8.005,3,Dec 10 2023 21: +0,1702242000
8.013,2,Dec 10 2023 22: +0,1702245600
7.966,2,Dec 10 2023 23: +0,1702249200
7.941,2,Dec 11 2023 00: +0,1702252800
8.053,1,Dec 11 2023 01: +0,1702256400
7.979,1,Dec 11 2023 02: +0,1702260000
7.516,1,Dec 11 2023 04: +0,1702267200
8.034,2,Dec 11 2023 05: +0,1702270800
7.955,2,Dec 11 2023 08: +0,1702281600
7.687,2,Dec 11 2023 12: +0,1702296000
7.109,1,Dec 11 2023 16: +0,1702310400
7.689,2,Dec 11 2023 17: +0,1702314000
7.623,1,Dec 11 2023 18: +0,1702317600
7.683,3,Dec 11 2023 19: +0,1702321200
7.751,4,Dec 11 2023 20: +0,1702324800
7.768,1,Dec 11 2023 21: +0,1702328400
7.816,5,Dec 11 2023 22: +0,1702332000
7.903,1,Dec 12 2023 00: +0,1702339200
7.849,2,Dec 12 2023 01: +0,1702342800
7.903,3,Dec 12 2023 02: +0,1702346400
8.021,1,Dec 12 2023 04: +0,1702353600
6.963,1,Dec 12 2023 06: +0,1702360800
7.389,1,Dec 12 2023 09: +0,1702371600
7.59,1,Dec 12 2023 10: +0,1702375200
7.613,1,Dec 12 2023 11: +0,1702378800
7.77,2,Dec 12 2023 12: +0,1702382400
7.961,2,Dec 12 2023 13: +0,1702386000
7.573,3,Dec 12 2023 15: +0,1702393200
7.962,1,Dec 12 2023 17: +0,1702400400
7.885,3,Dec 12 2023 18: +0,1702404000
7.436,2,Dec 12 2023 19: +0,1702407600
7.497,4,Dec 12 2023 20: +0,1702411200
7.632,3,Dec 12 2023 21: +0,1702414800
7.769,2,Dec 12 2023 22: +0,1702418400
7.596,2,Dec 12 2023 23: +0,1702422000
7.742,1,Dec 13 2023 01: +0,1702429200
11.047,2,Dec 13 2023 05: +0,1702443600
7.465,2,Dec 13 2023 06: +0,1702447200
7.911,1,Dec 13 2023 08: +0,1702454400
6.971,1,Dec 13 2023 09: +0,1702458000
7.917,1,Dec 13 2023 10: +0,1702461600
7.918,1,Dec 13 2023 11: +0,1702465200
7.506,1,Dec 13 2023 12: +0,1702468800
7.909,3,Dec 13 2023 13: +0,1702472400
7.811,1,Dec 13 2023 14: +0,1702476000
7.721,4,Dec 13 2023 15: +0,1702479600
7.82,3,Dec 13 2023 17: +0,1702486800
7.91,2,Dec 13 2023 18: +0,1702490400
7.89,2,Dec 13 2023 19: +0,1702494000
8.021,5,Dec 13 2023 20: +0,1702497600
8.024,3,Dec 13 2023 21: +0,1702501200
8.461,2,Dec 14 2023 00: +0,1702512000
8.045,3,Dec 14 2023 03: +0,1702522800
7.767,2,Dec 14 2023 06: +0,1702533600
7.859,1,Dec 14 2023 08: +0,1702540800
8.068,1,Dec 14 2023 09: +0,1702544400
7.263,1,Dec 14 2023 13: +0,1702558800
7.003,1,Dec 14 2023 14: +0,1702562400
7.375,1,Dec 14 2023 15: +0,1702566000
7.161,2,Dec 14 2023 16: +0,1702569600
7.315,3,Dec 14 2023 17: +0,1702573200
7.851,1,Dec 14 2023 18: +0,1702576800
7.676,1,Dec 14 2023 19: +0,1702580400
7.666,4,Dec 14 2023 21: +0,1702587600
7.263,1,Dec 14 2023 22: +0,1702591200
7.853,5,Dec 14 2023 23: +0,1702594800
7.439,3,Dec 15 2023 01: +0,1702602000
7.263,3,Dec 15 2023 05: +0,1702616400
7.985,1,Dec 15 2023 06: +0,1702620000
7.93,2,Dec 15 2023 07: +0,1702623600
7.99,3,Dec 15 2023 08: +0,1702627200
7.895,1,Dec 15 2023 11: +0,1702638000
7.803,1,Dec 15 2023 12: +0,1702641600
7.529,2,Dec 15 2023 13: +0,1702645200
7.803,1,Dec 15 2023 14: +0,1702648800
7.784,1,Dec 15 2023 15: +0,1702652400
7.707,2,Dec 15 2023 16: +0,1702656000
7.79,1,Dec 15 2023 18: +0,1702663200
7.257,1,Dec 15 2023 19: +0,1702666800
7.534,1,Dec 15 2023 20: +0,1702670400
7.461,1,Dec 15 2023 21: +0,1702674000
7.407,1,Dec 15 2023 22: +0,1702677600
7.54,1,Dec 16 2023 00: +0,1702684800
7.353,2,Dec 16 2023 01: +0,1702688400
7.457,2,Dec 16 2023 04: +0,1702699200
7.579,1,Dec 16 2023 06: +0,1702706400
7.66,1,Dec 16 2023 07: +0,1702710000
7.571,1,Dec 16 2023 09: +0,1702717200
7.454,2,Dec 16 2023 10: +0,1702720800
7.672,4,Dec 16 2023 11: +0,1702724400
7.748,2,Dec 16 2023 12: +0,1702728000
7.584,3,Dec 16 2023 13: +0,1702731600
7.528,1,Dec 16 2023 14: +0,1702735200
6.751,2,Dec 16 2023 15: +0,1702738800
7.659,4,Dec 16 2023 16: +0,1702742400
7.745,4,Dec 16 2023 17: +0,1702746000
7.056,2,Dec 16 2023 18: +0,1702749600
7.263,1,Dec 16 2023 19: +0,1702753200
7.458,4,Dec 16 2023 20: +0,1702756800
7.756,2,Dec 16 2023 21: +0,1702760400
7.795,3,Dec 16 2023 22: +0,1702764000
7.657,1,Dec 16 2023 23: +0,1702767600
7.649,2,Dec 17 2023 00: +0,1702771200
7.755,3,Dec 17 2023 01: +0,1702774800
7.524,2,Dec 17 2023 02: +0,1702778400
7.708,1,Dec 17 2023 04: +0,1702785600
7.338,2,Dec 17 2023 05: +0,1702789200
7.687,2,Dec 17 2023 06: +0,1702792800
7.784,1,Dec 17 2023 08: +0,1702800000
7.823,1,Dec 17 2023 11: +0,1702810800
7.822,2,Dec 17 2023 12: +0,1702814400
7.457,6,Dec 17 2023 14: +0,1702821600
7.649,1,Dec 17 2023 15: +0,1702825200
7.831,5,Dec 17 2023 16: +0,1702828800
7.383,5,Dec 17 2023 17: +0,1702832400
7.754,4,Dec 17 2023 18: +0,1702836000
8.038,1,Dec 17 2023 19: +0,1702839600
7.492,4,Dec 17 2023 20: +0,1702843200
7.591,2,Dec 17 2023 21: +0,1702846800
7.24,2,Dec 17 2023 22: +0,1702850400
7.624,1,Dec 18 2023 00: +0,1702857600
7.637,2,Dec 18 2023 01: +0,1702861200
7.848,1,Dec 18 2023 03: +0,1702868400
7.469,1,Dec 18 2023 06: +0,1702879200
7.7,1,Dec 18 2023 10: +0,1702893600
6.908,1,Dec 18 2023 12: +0,1702900800
7.425,1,Dec 18 2023 13: +0,1702904400
7.8,4,Dec 18 2023 14: +0,1702908000
7.743,3,Dec 18 2023 15: +0,1702911600
7.092,4,Dec 18 2023 16: +0,1702915200
7.571,2,Dec 18 2023 17: +0,1702918800
7.877,4,Dec 18 2023 18: +0,1702922400
7.261,3,Dec 18 2023 19: +0,1702926000
7.821,3,Dec 18 2023 20: +0,1702929600
7.425,1,Dec 18 2023 21: +0,1702933200
7.773,1,Dec 18 2023 22: +0,1702936800
7.5,3,Dec 18 2023 23: +0,1702940400
7.216,1,Dec 19 2023 00: +0,1702944000
7.718,3,Dec 19 2023 02: +0,1702951200
7.821,2,Dec 19 2023 08: +0,1702972800
7.184,1,Dec 19 2023 10: +0,1702980000
7.849,1,Dec 19 2023 11: +0,1702983600
7.899,1,Dec 19 2023 13: +0,1702990800
7.6,4,Dec 19 2023 14: +0,1702994400
7.741,1,Dec 19 2023 17: +0,1703005200
7.295,3,Dec 19 2023 18: +0,1703008800
7.303,2,Dec 19 2023 19: +0,1703012400
7.259,4,Dec 19 2023 21: +0,1703019600
7.18,2,Dec 19 2023 22: +0,1703023200
7.745,5,Dec 19 2023 23: +0,1703026800
7.897,1,Dec 20 2023 00: +0,1703030400
7.88,1,Dec 20 2023 01: +0,1703034000
7.845,3,Dec 20 2023 02: +0,1703037600
7.184,1,Dec 20 2023 03: +0,1703041200
7.172,1,Dec 20 2023 04: +0,1703044800
7.497,2,Dec 20 2023 05: +0,1703048400
7.69,1,Dec 20 2023 11: +0,1703070000
7.434,1,Dec 20 2023 12: +0,1703073600
7.561,2,Dec 20 2023 13: +0,1703077200
7.405,2,Dec 20 2023 14: +0,1703080800
7.744,2,Dec 20 2023 15: +0,1703084400
7.713,4,Dec 20 2023 16: +0,1703088000
7.785,3,Dec 20 2023 17: +0,1703091600
7.753,4,Dec 20 2023 19: +0,1703098800
7.95,4,Dec 20 2023 21: +0,1703106000
7.832,1,Dec 20 2023 23: +0,1703113200
8.005,1,Dec 21 2023 00: +0,1703116800
7.971,1,Dec 21 2023 01: +0,1703120400
7.269,1,Dec 21 2023 02: +0,1703124000
7.527,2,Dec 21 2023 03: +0,1703127600
7.954,2,Dec 21 2023 04: +0,1703131200
7.058,1,Dec 21 2023 05: +0,1703134800
7.899,1,Dec 21 2023 06: +0,1703138400
7.892,2,Dec 21 2023 07: +0,1703142000
7.866,2,Dec 21 2023 08: +0,1703145600
7.895,1,Dec 21 2023 11: +0,1703156400
7.863,3,Dec 21 2023 13: +0,1703163600
7.508,1,Dec 21 2023 14: +0,1703167200
7.867,3,Dec 21 2023 16: +0,1703174400
7.155,2,Dec 21 2023 17: +0,1703178000
7.851,2,Dec 21 2023 18: +0,1703181600
7.884,7,Dec 21 2023 19: +0,1703185200
7.693,4,Dec 21 2023 20: +0,1703188800
7.633,4,Dec 21 2023 21: +0,1703192400
7.776,2,Dec 21 2023 22: +0,1703196000
7.313,2,Dec 21 2023 23: +0,1703199600
7.385,6,Dec 22 2023 00: +0,1703203200
6.92,1,Dec 22 2023 01: +0,1703206800
7.738,1,Dec 22 2023 02: +0,1703210400
7.73,3,Dec 22 2023 04: +0,1703217600
7.541,1,Dec 22 2023 06: +0,1703224800
7.73,2,Dec 22 2023 07: +0,1703228400
6.998,1,Dec 22 2023 08: +0,1703232000
6.466,1,Dec 22 2023 09: +0,1703235600
6.975,1,Dec 22 2023 11: +0,1703242800
7.033,3,Dec 22 2023 12: +0,1703246400
7.041,3,Dec 22 2023 13: +0,1703250000
6.927,3,Dec 22 2023 15: +0,1703257200
6.91,4,Dec 22 2023 16: +0,1703260800
6.896,5,Dec 22 2023 17: +0,1703264400
7.18,1,Dec 22 2023 19: +0,1703271600
6.477,2,Dec 22 2023 20: +0,1703275200
7.206,5,Dec 22 2023 21: +0,1703278800
7.461,3,Dec 22 2023 22: +0,1703282400
7.497,4,Dec 22 2023 23: +0,1703286000
7.186,1,Dec 23 2023 00: +0,1703289600
7.323,1,Dec 23 2023 01: +0,1703293200
5.725,2,Dec 23 2023 02: +0,1703296800
6.975,2,Dec 23 2023 03: +0,1703300400
6.31,1,Dec 23 2023 04: +0,1703304000
7.081,4,Dec 23 2023 08: +0,1703318400
7.057,3,Dec 23 2023 11: +0,1703329200
7.178,1,Dec 23 2023 12: +0,1703332800
6.762,2,Dec 23 2023 13: +0,1703336400
7.09,3,Dec 23 2023 14: +0,1703340000
7.077,2,Dec 23 2023 15: +0,1703343600
7.223,2,Dec 23 2023 16: +0,1703347200
6.205,2,Dec 23 2023 17: +0,1703350800
6.912,1,Dec 23 2023 18: +0,1703354400
6.912,3,Dec 23 2023 19: +0,1703358000
7.035,2,Dec 23 2023 20: +0,1703361600
7.03,2,Dec 23 2023 21: +0,1703365200
7.066,1,Dec 23 2023 22: +0,1703368800
7.204,3,Dec 23 2023 23: +0,1703372400
7.317,1,Dec 24 2023 00: +0,1703376000
7.317,1,Dec 24 2023 01: +0,1703379600
7.675,2,Dec 24 2023 02: +0,1703383200
7.011,1,Dec 24 2023 06: +0,1703397600
7.631,2,Dec 24 2023 07: +0,1703401200
6.886,1,Dec 24 2023 09: +0,1703408400
6.778,2,Dec 24 2023 11: +0,1703415600
6.849,4,Dec 24 2023 12: +0,1703419200
6.868,2,Dec 24 2023 13: +0,1703422800
6.821,6,Dec 24 2023 14: +0,1703426400
7.317,1,Dec 24 2023 15: +0,1703430000
5.912,1,Dec 24 2023 16: +0,1703433600
6.518,1,Dec 24 2023 17: +0,1703437200
6.888,1,Dec 24 2023 18: +0,1703440800
6.56,2,Dec 24 2023 19: +0,1703444400
6.819,2,Dec 24 2023 21: +0,1703451600
6.526,3,Dec 24 2023 22: +0,1703455200
6.656,2,Dec 24 2023 23: +0,1703458800
6.868,2,Dec 25 2023 00: +0,1703462400
6.918,1,Dec 25 2023 01: +0,1703466000
6.927,1,Dec 25 2023 02: +0,1703469600
6.613,1,Dec 25 2023 05: +0,1703480400
6.969,4,Dec 25 2023 06: +0,1703484000
7.081,2,Dec 25 2023 07: +0,1703487600
7.313,1,Dec 25 2023 08: +0,1703491200
7.275,1,Dec 25 2023 10: +0,1703498400
6.988,3,Dec 25 2023 13: +0,1703509200
7.224,4,Dec 25 2023 14: +0,1703512800
6.494,3,Dec 25 2023 15: +0,1703516400
6.784,2,Dec 25 2023 16: +0,1703520000
7.309,2,Dec 25 2023 17: +0,1703523600
7.315,6,Dec 25 2023 18: +0,1703527200
6.904,2,Dec 25 2023 19: +0,1703530800
7.246,4,Dec 25 2023 20: +0,1703534400
7.274,4,Dec 25 2023 21: +0,1703538000
7.163,2,Dec 25 2023 22: +0,1703541600
7.183,2,Dec 25 2023 23: +0,1703545200
7.287,2,Dec 26 2023 01: +0,1703552400
7.317,1,Dec 26 2023 02: +0,1703556000
9.228,2,Dec 26 2023 03: +0,1703559600
6.524,2,Dec 26 2023 04: +0,1703563200
7.287,1,Dec 26 2023 07: +0,1703574000
6.904,3,Dec 26 2023 12: +0,1703592000
7.05,4,Dec 26 2023 13: +0,1703595600
7.185,2,Dec 26 2023 15: +0,1703602800
7.442,1,Dec 26 2023 16: +0,1703606400
6.985,3,Dec 26 2023 17: +0,1703610000
7.234,2,Dec 26 2023 18: +0,1703613600
7.048,3,Dec 26 2023 19: +0,1703617200
6.904,2,Dec 26 2023 21: +0,1703624400
7.284,2,Dec 26 2023 22: +0,1703628000
7.29,3,Dec 26 2023 23: +0,1703631600
7.171,1,Dec 27 2023 02: +0,1703642400
6.431,1,Dec 27 2023 04: +0,1703649600
7.189,2,Dec 27 2023 05: +0,1703653200
7.211,3,Dec 27 2023 06: +0,1703656800
7.242,1,Dec 27 2023 07: +0,1703660400
6.801,2,Dec 27 2023 09: +0,1703667600
7.0,1,Dec 27 2023 10: +0,1703671200
7.156,2,Dec 27 2023 12: +0,1703678400
7.232,3,Dec 27 2023 13: +0,1703682000
7.216,1,Dec 27 2023 14: +0,1703685600
7.234,1,Dec 27 2023 15: +0,1703689200
7.02,4,Dec 27 2023 16: +0,1703692800
7.221,6,Dec 27 2023 18: +0,1703700000
7.303,3,Dec 27 2023 19: +0,1703703600
7.401,6,Dec 27 2023 20: +0,1703707200
7.553,2,Dec 27 2023 22: +0,1703714400
6.955,2,Dec 27 2023 23: +0,1703718000
6.707,1,Dec 28 2023 00: +0,1703721600
7.373,3,Dec 28 2023 01: +0,1703725200
7.285,2,Dec 28 2023 02: +0,1703728800
6.789,1,Dec 28 2023 07: +0,1703746800
6.623,1,Dec 28 2023 08: +0,1703750400
6.928,1,Dec 28 2023 10: +0,1703757600
6.934,3,Dec 28 2023 11: +0,1703761200
6.715,1,Dec 28 2023 12: +0,1703764800
6.715,3,Dec 28 2023 13: +0,1703768400
6.832,4,Dec 28 2023 14: +0,1703772000
6.696,2,Dec 28 2023 15: +0,1703775600
6.868,2,Dec 28 2023 16: +0,1703779200
6.972,3,Dec 28 2023 17: +0,1703782800
6.87,2,Dec 28 2023 19: +0,1703790000
7.325,4,Dec 28 2023 20: +0,1703793600
7.451,1,Dec 28 2023 21: +0,1703797200
7.317,3,Dec 28 2023 22: +0,1703800800
6.966,7,Dec 28 2023 23: +0,1703804400
7.286,4,Dec 29 2023 00: +0,1703808000
6.982,1,Dec 29 2023 01: +0,1703811600
6.897,2,Dec 29 2023 02: +0,1703815200
6.572,1,Dec 29 2023 04: +0,1703822400
6.84,1,Dec 29 2023 06: +0,1703829600
6.855,2,Dec 29 2023 07: +0,1703833200
6.527,1,Dec 29 2023 10: +0,1703844000
6.675,3,Dec 29 2023 11: +0,1703847600
6.766,3,Dec 29 2023 12: +0,1703851200
6.675,3,Dec 29 2023 13: +0,1703854800
7.634,1,Dec 29 2023 16: +0,1703865600
6.683,2,Dec 29 2023 17: +0,1703869200
6.98,3,Dec 29 2023 18: +0,1703872800
7.023,4,Dec 29 2023 19: +0,1703876400
7.242,3,Dec 29 2023 21: +0,1703883600
7.054,3,Dec 29 2023 22: +0,1703887200
6.97,1,Dec 29 2023 23: +0,1703890800
7.175,6,Dec 30 2023 00: +0,1703894400
7.306,3,Dec 30 2023 01: +0,1703898000
7.303,1,Dec 30 2023 04: +0,1703908800
6.203,3,Dec 30 2023 05: +0,1703912400
7.619,1,Dec 30 2023 06: +0,1703916000
7.605,1,Dec 30 2023 07: +0,1703919600
6.636,1,Dec 30 2023 09: +0,1703926800
7.604,1,Dec 30 2023 10: +0,1703930400
7.513,2,Dec 30 2023 11: +0,1703934000
7.501,2,Dec 30 2023 12: +0,1703937600
7.585,4,Dec 30 2023 14: +0,1703944800
7.399,2,Dec 30 2023 15: +0,1703948400
7.041,2,Dec 30 2023 16: +0,1703952000
7.142,3,Dec 30 2023 18: +0,1703959200
7.192,1,Dec 30 2023 19: +0,1703962800
6.124,3,Dec 30 2023 20: +0,1703966400
6.758,4,Dec 30 2023 21: +0,1703970000
6.962,1,Dec 30 2023 22: +0,1703973600
7.164,1,Dec 30 2023 23: +0,1703977200
7.139,2,Dec 31 2023 02: +0,1703988000
7.242,3,Dec 31 2023 05: +0,1703998800
7.198,3,Dec 31 2023 07: +0,1704006000
7.009,2,Dec 31 2023 09: +0,1704013200
7.396,1,Dec 31 2023 10: +0,1704016800
7.161,1,Dec 31 2023 12: +0,1704024000
7.161,2,Dec 31 2023 13: +0,1704027600
7.306,3,Dec 31 2023 14: +0,1704031200
7.419,1,Dec 31 2023 15: +0,1704034800
7.483,1,Dec 31 2023 16: +0,1704038400
7.476,3,Dec 31 2023 17: +0,1704042000
7.4,2,Dec 31 2023 18: +0,1704045600
7.564,1,Dec 31 2023 19: +0,1704049200
7.557,2,Dec 31 2023 20: +0,1704052800
7.045,1,Dec 31 2023 22: +0,1704060000
7.538,1,Dec 31 2023 23: +0,1704063600
7.135,2,Jan 01 2024 01: +0,1704070800
7.562,1,Jan 01 2024 03: +0,1704078000
6.991,1,Jan 01 2024 04: +0,1704081600
6.959,1,Jan 01 2024 07: +0,1704092400
7.246,2,Jan 01 2024 08: +0,1704096000
7.248,3,Jan 01 2024 10: +0,1704103200
7.081,1,Jan 01 2024 12: +0,1704110400
7.046,2,Jan 01 2024 13: +0,1704114000
6.805,1,Jan 01 2024 14: +0,1704117600
6.77,3,Jan 01 2024 15: +0,1704121200
6.729,2,Jan 01 2024 16: +0,1704124800
6.814,5,Jan 01 2024 17: +0,1704128400
6.959,2,Jan 01 2024 18: +0,1704132000
7.006,2,Jan 01 2024 19: +0,1704135600
6.947,4,Jan 01 2024 20: +0,1704139200
7.396,3,Jan 01 2024 21: +0,1704142800
7.561,1,Jan 01 2024 22: +0,1704146400
6.685,1,Jan 01 2024 23: +0,1704150000
6.955,1,Jan 02 2024 01: +0,1704157200
6.897,2,Jan 02 2024 02: +0,1704160800
7.335,2,Jan 02 2024 03: +0,1704164400
7.158,2,Jan 02 2024 04: +0,1704168000
7.598,1,Jan 02 2024 06: +0,1704175200
7.596,1,Jan 02 2024 07: +0,1704178800
7.599,1,Jan 02 2024 10: +0,1704189600
7.465,2,Jan 02 2024 11: +0,1704193200
7.272,2,Jan 02 2024 14: +0,1704204000
7.074,3,Jan 02 2024 16: +0,1704211200
6.805,3,Jan 02 2024 17: +0,1704214800
7.396,1,Jan 02 2024 18: +0,1704218400
7.094,2,Jan 02 2024 19: +0,1704222000
7.47,6,Jan 02 2024 20: +0,1704225600
6.953,1,Jan 02 2024 21: +0,1704229200
7.305,3,Jan 02 2024 22: +0,1704232800
7.367,4,Jan 02 2024 23: +0,1704236400
6.893,2,Jan 03 2024 00: +0,1704240000
7.477,1,Jan 03 2024 02: +0,1704247200
7.505,2,Jan 03 2024 03: +0,1704250800
7.489,1,Jan 03 2024 07: +0,1704265200
7.302,1,Jan 03 2024 10: +0,1704276000
7.41,1,Jan 03 2024 11: +0,1704279600
7.409,3,Jan 03 2024 12: +0,1704283200
6.765,1,Jan 03 2024 13: +0,1704286800
6.749,3,Jan 03 2024 14: +0,1704290400
6.662,1,Jan 03 2024 15: +0,1704294000
6.991,4,Jan 03 2024 16: +0,1704297600
7.237,3,Jan 03 2024 17: +0,1704301200
7.006,4,Jan 03 2024 18: +0,1704304800
6.51,1,Jan 03 2024 19: +0,1704308400
7.034,4,Jan 03 2024 20: +0,1704312000
6.409,2,Jan 03 2024 21: +0,1704315600
7.199,3,Jan 03 2024 22: +0,1704319200
7.233,3,Jan 03 2024 23: +0,1704322800
6.933,1,Jan 04 2024 00: +0,1704326400
7.182,2,Jan 04 2024 01: +0,1704330000
6.67,1,Jan 04 2024 04: +0,1704340800
6.043,1,Jan 04 2024 05: +0,1704344400
6.274,2,Jan 04 2024 06: +0,1704348000
6.697,1,Jan 04 2024 08: +0,1704355200
6.67,3,Jan 04 2024 09: +0,1704358800
6.674,2,Jan 04 2024 10: +0,1704362400
6.731,3,Jan 04 2024 11: +0,1704366000
6.696,1,Jan 04 2024 12: +0,1704369600
6.757,1,Jan 04 2024 13: +0,1704373200
6.712,2,Jan 04 2024 14: +0,1704376800
7.005,2,Jan 04 2024 16: +0,1704384000
6.933,4,Jan 04 2024 17: +0,1704387600
7.315,2,Jan 04 2024 18: +0,1704391200
7.238,4,Jan 04 2024 19: +0,1704394800
7.368,2,Jan 04 2024 20: +0,1704398400
7.388,2,Jan 04 2024 21: +0,1704402000
7.386,1,Jan 04 2024 22: +0,1704405600
7.396,2,Jan 04 2024 23: +0,1704409200
7.237,1,Jan 05 2024 00: +0,1704412800
7.356,2,Jan 05 2024 02: +0,1704420000
6.599,1,Jan 05 2024 08: +0,1704441600
7.03,2,Jan 05 2024 10: +0,1704448800
7.349,2,Jan 05 2024 11: +0,1704452400
7.354,1,Jan 05 2024 12: +0,1704456000
7.363,1,Jan 05 2024 13: +0,1704459600
7.367,4,Jan 05 2024 14: +0,1704463200
10.108,1,Jan 05 2024 15: +0,1704466800
7.339,1,Jan 05 2024 17: +0,1704474000
7.367,4,Jan 05 2024 18: +0,1704477600
7.408,2,Jan 05 2024 19: +0,1704481200
7.404,2,Jan 05 2024 20: +0,1704484800
7.504,5,Jan 05 2024 21: +0,1704488400
7.447,3,Jan 05 2024 22: +0,1704492000
7.619,5,Jan 05 2024 23: +0,1704495600
7.768,2,Jan 06 2024 00: +0,1704499200
7.237,3,Jan 06 2024 01: +0,1704502800
7.732,1,Jan 06 2024 02: +0,1704506400
7.693,1,Jan 06 2024 03: +0,1704510000
6.953,2,Jan 06 2024 04: +0,1704513600
7.732,1,Jan 06 2024 09: +0,1704531600
7.732,1,Jan 06 2024 10: +0,1704535200
7.311,2,Jan 06 2024 12: +0,1704542400
9.231,2,Jan 06 2024 13: +0,1704546000
7.667,2,Jan 06 2024 15: +0,1704553200
6.499,2,Jan 06 2024 17: +0,1704560400
7.015,2,Jan 06 2024 18: +0,1704564000
7.141,2,Jan 06 2024 19: +0,1704567600
7.361,5,Jan 06 2024 20: +0,1704571200
7.089,4,Jan 06 2024 21: +0,1704574800
7.158,2,Jan 06 2024 23: +0,1704582000
6.505,2,Jan 07 2024 00: +0,1704585600
6.861,1,Jan 07 2024 01: +0,1704589200
6.93,3,Jan 07 2024 02: +0,1704592800
6.845,4,Jan 07 2024 03: +0,1704596400
7.307,3,Jan 07 2024 05: +0,1704603600
7.32,2,Jan 07 2024 07: +0,1704610800
7.48,1,Jan 07 2024 08: +0,1704614400
7.536,1,Jan 07 2024 09: +0,1704618000
7.567,1,Jan 07 2024 10: +0,1704621600
7.249,1,Jan 07 2024 12: +0,1704628800
6.861,3,Jan 07 2024 14: +0,1704636000
7.275,3,Jan 07 2024 15: +0,1704639600
7.391,1,Jan 07 2024 17: +0,1704646800
7.421,3,Jan 07 2024 18: +0,1704650400
7.083,1,Jan 07 2024 19: +0,1704654000
7.404,3,Jan 07 2024 20: +0,1704657600
7.527,1,Jan 07 2024 22: +0,1704664800
7.28,4,Jan 07 2024 23: +0,1704668400
7.465,1,Jan 08 2024 02: +0,1704679200
7.449,5,Jan 08 2024 03: +0,1704682800
7.125,2,Jan 08 2024 06: +0,1704693600
10.129,1,Jan 08 2024 09: +0,1704704400
7.129,2,Jan 08 2024 10: +0,1704708000
7.517,2,Jan 08 2024 11: +0,1704711600
7.524,2,Jan 08 2024 13: +0,1704718800
7.546,2,Jan 08 2024 14: +0,1704722400
6.887,1,Jan 08 2024 15: +0,1704726000
6.832,2,Jan 08 2024 16: +0,1704729600
7.579,2,Jan 08 2024 17: +0,1704733200
7.679,1,Jan 08 2024 18: +0,1704736800
7.28,2,Jan 08 2024 19: +0,1704740400
7.679,1,Jan 08 2024 20: +0,1704744000
7.272,4,Jan 08 2024 21: +0,1704747600
7.643,3,Jan 08 2024 22: +0,1704751200
7.746,4,Jan 08 2024 23: +0,1704754800
7.581,2,Jan 09 2024 00: +0,1704758400
7.561,2,Jan 09 2024 01: +0,1704762000
7.748,3,Jan 09 2024 02: +0,1704765600
6.035,1,Jan 09 2024 03: +0,1704769200
7.53,2,Jan 09 2024 05: +0,1704776400
7.819,1,Jan 09 2024 06: +0,1704780000
7.731,1,Jan 09 2024 08: +0,1704787200
7.731,1,Jan 09 2024 09: +0,1704790800
6.816,1,Jan 09 2024 11: +0,1704798000
6.183,1,Jan 09 2024 12: +0,1704801600
7.169,2,Jan 09 2024 13: +0,1704805200
7.432,2,Jan 09 2024 14: +0,1704808800
7.113,2,Jan 09 2024 16: +0,1704816000
7.102,2,Jan 09 2024 17: +0,1704819600
7.626,1,Jan 09 2024 18: +0,1704823200
7.143,1,Jan 09 2024 19: +0,1704826800
7.74,4,Jan 09 2024 20: +0,1704830400
7.786,3,Jan 09 2024 21: +0,1704834000
7.838,4,Jan 09 2024 22: +0,1704837600
7.818,2,Jan 09 2024 23: +0,1704841200
7.913,1,Jan 10 2024 03: +0,1704855600
7.241,2,Jan 10 2024 08: +0,1704873600
6.34,1,Jan 10 2024 09: +0,1704877200
7.637,2,Jan 10 2024 11: +0,1704884400
7.35,2,Jan 10 2024 13: +0,1704891600
7.748,2,Jan 10 2024 14: +0,1704895200
7.774,2,Jan 10 2024 15: +0,1704898800
6.55,1,Jan 10 2024 16: +0,1704902400
7.667,3,Jan 10 2024 17: +0,1704906000
6.898,1,Jan 10 2024 18: +0,1704909600
7.676,1,Jan 10 2024 19: +0,1704913200
7.867,2,Jan 10 2024 20: +0,1704916800
7.865,3,Jan 10 2024 21: +0,1704920400
7.739,1,Jan 10 2024 22: +0,1704924000
7.908,2,Jan 10 2024 23: +0,1704927600
7.163,1,Jan 11 2024 01: +0,1704934800
6.874,1,Jan 11 2024 03: +0,1704942000
6.892,1,Jan 11 2024 05: +0,1704949200
7.142,2,Jan 11 2024 06: +0,1704952800
6.892,1,Jan 11 2024 10: +0,1704967200
7.128,1,Jan 11 2024 11: +0,1704970800
7.859,1,Jan 11 2024 12: +0,1704974400
7.214,1,Jan 11 2024 15: +0,1704985200
6.922,1,Jan 11 2024 16: +0,1704988800
7.655,4,Jan 11 2024 17: +0,1704992400
7.661,2,Jan 11 2024 18: +0,1704996000
7.764,2,Jan 11 2024 19: +0,1704999600
7.146,1,Jan 11 2024 20: +0,1705003200
7.872,4,Jan 11 2024 21: +0,1705006800
7.85,2,Jan 11 2024 22: +0,1705010400
7.874,1,Jan 11 2024 23: +0,1705014000
7.083,3,Jan 12 2024 00: +0,1705017600
7.882,1,Jan 12 2024 02: +0,1705024800
7.885,4,Jan 12 2024 03: +0,1705028400
7.893,2,Jan 12 2024 04: +0,1705032000
7.528,2,Jan 12 2024 07: +0,1705042800
7.747,1,Jan 12 2024 08: +0,1705046400
7.909,1,Jan 12 2024 09: +0,1705050000
7.472,2,Jan 12 2024 11: +0,1705057200
7.891,1,Jan 12 2024 12: +0,1705060800
7.865,3,Jan 12 2024 14: +0,1705068000
7.235,1,Jan 12 2024 15: +0,1705071600
7.577,2,Jan 12 2024 16: +0,1705075200
7.475,1,Jan 12 2024 18: +0,1705082400
7.345,1,Jan 12 2024 19: +0,1705086000
7.571,3,Jan 12 2024 20: +0,1705089600
7.786,5,Jan 12 2024 22: +0,1705096800
7.274,1,Jan 12 2024 23: +0,1705100400
7.532,2,Jan 13 2024 00: +0,1705104000
7.674,2,Jan 13 2024 04: +0,1705118400
6.925,1,Jan 13 2024 05: +0,1705122000
7.679,1,Jan 13 2024 08: +0,1705132800
7.358,1,Jan 13 2024 09: +0,1705136400
7.669,2,Jan 13 2024 10: +0,1705140000
7.796,1,Jan 13 2024 12: +0,1705147200
7.78,2,Jan 13 2024 13: +0,1705150800
7.801,1,Jan 13 2024 14: +0,1705154400
7.736,2,Jan 13 2024 15: +0,1705158000
7.653,1,Jan 13 2024 16: +0,1705161600
7.667,1,Jan 13 2024 18: +0,1705168800
7.746,4,Jan 13 2024 19: +0,1705172400
7.731,2,Jan 13 2024 20: +0,1705176000
7.344,1,Jan 13 2024 21: +0,1705179600
6.833,2,Jan 13 2024 22: +0,1705183200
7.13,2,Jan 13 2024 23: +0,1705186800
6.996,2,Jan 14 2024 00: +0,1705190400
7.012,3,Jan 14 2024 01: +0,1705194000
7.347,3,Jan 14 2024 03: +0,1705201200
7.814,2,Jan 14 2024 04: +0,1705204800
7.813,3,Jan 14 2024 07: +0,1705215600
7.834,2,Jan 14 2024 08: +0,1705219200
6.921,2,Jan 14 2024 10: +0,1705226400
7.205,2,Jan 14 2024 11: +0,1705230000
7.335,2,Jan 14 2024 12: +0,1705233600
7.36,3,Jan 14 2024 13: +0,1705237200
7.723,1,Jan 14 2024 14: +0,1705240800
6.956,3,Jan 14 2024 15: +0,1705244400
7.699,4,Jan 14 2024 16: +0,1705248000
6.957,2,Jan 14 2024 17: +0,1705251600
7.825,5,Jan 14 2024 18: +0,1705255200
7.922,4,Jan 14 2024 19: +0,1705258800
7.36,2,Jan 14 2024 20: +0,1705262400
7.577,6,Jan 14 2024 21: +0,1705266000
7.861,2,Jan 14 2024 22: +0,1705269600
7.804,1,Jan 14 2024 23: +0,1705273200
7.71,1,Jan 15 2024 00: +0,1705276800
7.836,2,Jan 15 2024 01: +0,1705280400
7.982,2,Jan 15 2024 02: +0,1705284000
7.826,1,Jan 15 2024 04: +0,1705291200
7.502,1,Jan 15 2024 05: +0,1705294800
8.076,2,Jan 15 2024 07: +0,1705302000
7.983,1,Jan 15 2024 08: +0,1705305600
7.691,2,Jan 15 2024 10: +0,1705312800
7.973,1,Jan 15 2024 11: +0,1705316400
7.811,4,Jan 15 2024 13: +0,1705323600
7.419,2,Jan 15 2024 14: +0,1705327200
6.933,1,Jan 15 2024 15: +0,1705330800
7.992,3,Jan 15 2024 17: +0,1705338000
7.983,1,Jan 15 2024 18: +0,1705341600
7.723,1,Jan 15 2024 19: +0,1705345200
7.506,4,Jan 15 2024 20: +0,1705348800
7.983,1,Jan 15 2024 21: +0,1705352400
8.011,2,Jan 16 2024 02: +0,1705370400
7.792,2,Jan 16 2024 03: +0,1705374000
8.024,3,Jan 16 2024 04: +0,1705377600
7.121,1,Jan 16 2024 05: +0,1705381200
8.142,1,Jan 16 2024 06: +0,1705384800
6.57,1,Jan 16 2024 07: +0,1705388400
7.771,1,Jan 16 2024 09: +0,1705395600
6.909,3,Jan 16 2024 11: +0,1705402800
7.727,1,Jan 16 2024 12: +0,1705406400
7.228,2,Jan 16 2024 14: +0,1705413600
7.341,4,Jan 16 2024 16: +0,1705420800
7.381,1,Jan 16 2024 17: +0,1705424400
7.354,1,Jan 16 2024 18: +0,1705428000
6.589,2,Jan 16 2024 19: +0,1705431600
7.215,4,Jan 16 2024 20: +0,1705435200
6.917,1,Jan 16 2024 22: +0,1705442400
7.285,1,Jan 16 2024 23: +0,1705446000
6.925,3,Jan 17 2024 00: +0,1705449600
6.956,1,Jan 17 2024 03: +0,1705460400
7.028,1,Jan 17 2024 04: +0,1705464000
6.573,1,Jan 17 2024 06: +0,1705471200
7.36,1,Jan 17 2024 07: +0,1705474800
6.956,1,Jan 17 2024 09: +0,1705482000
7.133,2,Jan 17 2024 10: +0,1705485600
7.389,2,Jan 17 2024 12: +0,1705492800
7.407,6,Jan 17 2024 13: +0,1705496400
7.448,4,Jan 17 2024 14: +0,1705500000
7.492,2,Jan 17 2024 15: +0,1705503600
7.367,3,Jan 17 2024 16: +0,1705507200
6.735,1,Jan 17 2024 17: +0,1705510800
7.149,3,Jan 17 2024 18: +0,1705514400
7.748,1,Jan 17 2024 19: +0,1705518000
6.909,1,Jan 17 2024 20: +0,1705521600
6.814,2,Jan 17 2024 21: +0,1705525200
7.183,2,Jan 17 2024 22: +0,1705528800
7.274,3,Jan 17 2024 23: +0,1705532400
7.455,2,Jan 18 2024 00: +0,1705536000
7.51,1,Jan 18 2024 01: +0,1705539600
7.209,1,Jan 18 2024 06: +0,1705557600
7.3,1,Jan 18 2024 07: +0,1705561200
7.249,1,Jan 18 2024 09: +0,1705568400
7.0,1,Jan 18 2024 10: +0,1705572000
7.377,1,Jan 18 2024 11: +0,1705575600
7.571,1,Jan 18 2024 12: +0,1705579200
7.689,1,Jan 18 2024 13: +0,1705582800
7.149,2,Jan 18 2024 14: +0,1705586400
7.139,3,Jan 18 2024 15: +0,1705590000
7.144,1,Jan 18 2024 17: +0,1705597200
7.286,5,Jan 18 2024 18: +0,1705600800
6.909,1,Jan 18 2024 19: +0,1705604400
7.723,3,Jan 18 2024 20: +0,1705608000
7.66,3,Jan 18 2024 21: +0,1705611600
7.352,1,Jan 18 2024 22: +0,1705615200
7.695,3,Jan 18 2024 23: +0,1705618800
6.371,1,Jan 19 2024 01: +0,1705626000
6.98,1,Jan 19 2024 02: +0,1705629600
7.909,2,Jan 19 2024 05: +0,1705640400
7.986,1,Jan 19 2024 06: +0,1705644000
6.914,1,Jan 19 2024 08: +0,1705651200
7.364,4,Jan 19 2024 10: +0,1705658400
7.741,1,Jan 19 2024 12: +0,1705665600
7.13,3,Jan 19 2024 13: +0,1705669200
7.033,2,Jan 19 2024 14: +0,1705672800
7.54,1,Jan 19 2024 15: +0,1705676400
7.669,4,Jan 19 2024 16: +0,1705680000
7.071,2,Jan 19 2024 17: +0,1705683600
7.738,4,Jan 19 2024 18: +0,1705687200
7.043,2,Jan 19 2024 19: +0,1705690800
7.427,6,Jan 19 2024 20: +0,1705694400
7.079,2,Jan 19 2024 21: +0,1705698000
7.703,5,Jan 19 2024 22: +0,1705701600
7.209,3,Jan 19 2024 23: +0,1705705200
6.746,2,Jan 20 2024 00: +0,1705708800
7.667,1,Jan 20 2024 01: +0,1705712400
7.752,1,Jan 20 2024 02: +0,1705716000
7.779,1,Jan 20 2024 03: +0,1705719600
7.811,1,Jan 20 2024 05: +0,1705726800
7.76,2,Jan 20 2024 09: +0,1705741200
6.823,2,Jan 20 2024 10: +0,1705744800
7.905,3,Jan 20 2024 11: +0,1705748400
6.941,3,Jan 20 2024 12: +0,1705752000
7.721,1,Jan 20 2024 13: +0,1705755600
7.065,3,Jan 20 2024 14: +0,1705759200
7.037,2,Jan 20 2024 15: +0,1705762800
6.941,1,Jan 20 2024 16: +0,1705766400
7.101,1,Jan 20 2024 17: +0,1705770000
7.54,1,Jan 20 2024 18: +0,1705773600
7.111,1,Jan 20 2024 19: +0,1705777200
7.51,2,Jan 20 2024 20: +0,1705780800
6.841,1,Jan 20 2024 21: +0,1705784400
7.087,1,Jan 20 2024 22: +0,1705788000
7.374,2,Jan 20 2024 23: +0,1705791600
7.793,2,Jan 21 2024 00: +0,1705795200
6.119,1,Jan 21 2024 01: +0,1705798800
7.898,1,Jan 21 2024 02: +0,1705802400
7.312,1,Jan 21 2024 04: +0,1705809600
7.156,1,Jan 21 2024 05: +0,1705813200
7.063,2,Jan 21 2024 08: +0,1705824000
7.087,1,Jan 21 2024 09: +0,1705827600
7.046,2,Jan 21 2024 10: +0,1705831200
7.22,3,Jan 21 2024 11: +0,1705834800
7.292,1,Jan 21 2024 12: +0,1705838400
6.965,2,Jan 21 2024 14: +0,1705845600
7.067,4,Jan 21 2024 15: +0,1705849200
6.844,3,Jan 21 2024 16: +0,1705852800
6.612,4,Jan 21 2024 17: +0,1705856400
7.247,1,Jan 21 2024 19: +0,1705863600
6.776,1,Jan 21 2024 20: +0,1705867200
7.172,3,Jan 21 2024 21: +0,1705870800
7.301,2,Jan 21 2024 22: +0,1705874400
6.746,1,Jan 22 2024 01: +0,1705885200
7.318,1,Jan 22 2024 03: +0,1705892400
7.274,1,Jan 22 2024 05: +0,1705899600
6.746,1,Jan 22 2024 07: +0,1705906800
7.29,1,Jan 22 2024 08: +0,1705910400
6.589,1,Jan 22 2024 10: +0,1705917600
5.98,3,Jan 22 2024 11: +0,1705921200
6.743,2,Jan 22 2024 12: +0,1705924800
6.693,1,Jan 22 2024 13: +0,1705928400
6.558,2,Jan 22 2024 14: +0,1705932000
6.618,3,Jan 22 2024 16: +0,1705939200
6.837,4,Jan 22 2024 17: +0,1705942800
6.562,2,Jan 22 2024 18: +0,1705946400
7.096,3,Jan 22 2024 19: +0,1705950000
7.094,3,Jan 22 2024 20: +0,1705953600
6.874,2,Jan 22 2024 21: +0,1705957200
6.971,2,Jan 22 2024 22: +0,1705960800
7.251,3,Jan 22 2024 23: +0,1705964400
7.302,1,Jan 23 2024 00: +0,1705968000
6.649,3,Jan 23 2024 01: +0,1705971600
7.429,1,Jan 23 2024 02: +0,1705975200
6.982,1,Jan 23 2024 09: +0,1706000400
6.993,1,Jan 23 2024 10: +0,1706004000
6.722,2,Jan 23 2024 15: +0,1706022000
6.615,1,Jan 23 2024 17: +0,1706029200
6.795,1,Jan 23 2024 18: +0,1706032800
6.881,2,Jan 23 2024 19: +0,1706036400
6.958,4,Jan 23 2024 20: +0,1706040000
6.983,3,Jan 23 2024 21: +0,1706043600
7.095,2,Jan 23 2024 22: +0,1706047200
6.971,1,Jan 23 2024 23: +0,1706050800
6.483,2,Jan 24 2024 00: +0,1706054400
6.888,1,Jan 24 2024 01: +0,1706058000
6.719,2,Jan 24 2024 02: +0,1706061600
7.085,1,Jan 24 2024 03: +0,1706065200
7.156,1,Jan 24 2024 06: +0,1706076000
6.971,1,Jan 24 2024 09: +0,1706086800
6.167,3,Jan 24 2024 10: +0,1706090400
6.931,1,Jan 24 2024 12: +0,1706097600
7.156,1,Jan 24 2024 13: +0,1706101200
7.164,4,Jan 24 2024 14: +0,1706104800
7.195,1,Jan 24 2024 15: +0,1706108400
7.119,2,Jan 24 2024 16: +0,1706112000
6.994,6,Jan 24 2024 18: +0,1706119200
7.235,4,Jan 24 2024 20: +0,1706126400
7.236,2,Jan 24 2024 21: +0,1706130000
7.282,1,Jan 24 2024 22: +0,1706133600
7.273,2,Jan 24 2024 23: +0,1706137200
7.23,1,Jan 25 2024 00: +0,1706140800
7.18,2,Jan 25 2024 03: +0,1706151600
7.19,2,Jan 25 2024 04: +0,1706155200
6.92,1,Jan 25 2024 08: +0,1706169600
6.298,1,Jan 25 2024 11: +0,1706180400
6.927,3,Jan 25 2024 12: +0,1706184000
7.071,5,Jan 25 2024 14: +0,1706191200
7.198,1,Jan 25 2024 15: +0,1706194800
6.553,2,Jan 25 2024 16: +0,1706198400
6.731,2,Jan 25 2024 17: +0,1706202000
6.426,1,Jan 25 2024 18: +0,1706205600
6.718,3,Jan 25 2024 19: +0,1706209200
7.101,2,Jan 25 2024 20: +0,1706212800
6.668,3,Jan 25 2024 22: +0,1706220000
7.014,2,Jan 25 2024 23: +0,1706223600
6.227,1,Jan 26 2024 06: +0,1706248800
6.723,1,Jan 26 2024 07: +0,1706252400
6.227,2,Jan 26 2024 09: +0,1706259600
6.483,3,Jan 26 2024 10: +0,1706263200
6.219,5,Jan 26 2024 11: +0,1706266800
6.25,1,Jan 26 2024 12: +0,1706270400
6.577,1,Jan 26 2024 13: +0,1706274000
6.287,2,Jan 26 2024 14: +0,1706277600
6.363,2,Jan 26 2024 15: +0,1706281200
6.426,1,Jan 26 2024 16: +0,1706284800
6.518,2,Jan 26 2024 17: +0,1706288400
6.659,1,Jan 26 2024 18: +0,1706292000
6.612,4,Jan 26 2024 19: +0,1706295600
6.653,4,Jan 26 2024 20: +0,1706299200
6.844,3,Jan 26 2024 21: +0,1706302800
6.868,2,Jan 26 2024 22: +0,1706306400
6.895,1,Jan 26 2024 23: +0,1706310000
6.872,1,Jan 27 2024 03: +0,1706324400
6.881,1,Jan 27 2024 04: +0,1706328000
6.284,1,Jan 27 2024 06: +0,1706335200
6.268,1,Jan 27 2024 07: +0,1706338800
6.907,1,Jan 27 2024 08: +0,1706342400
6.199,2,Jan 27 2024 09: +0,1706346000
6.574,2,Jan 27 2024 10: +0,1706349600
6.472,1,Jan 27 2024 11: +0,1706353200
6.792,1,Jan 27 2024 12: +0,1706356800
6.861,1,Jan 27 2024 13: +0,1706360400
6.876,1,Jan 27 2024 14: +0,1706364000
6.917,1,Jan 27 2024 15: +0,1706367600
6.554,5,Jan 27 2024 16: +0,1706371200
6.55,6,Jan 27 2024 17: +0,1706374800
6.26,1,Jan 27 2024 18: +0,1706378400
7.015,2,Jan 27 2024 19: +0,1706382000
6.921,1,Jan 27 2024 20: +0,1706385600
7.014,4,Jan 27 2024 21: +0,1706389200
7.087,1,Jan 27 2024 22: +0,1706392800
7.077,1,Jan 27 2024 23: +0,1706396400
7.204,3,Jan 28 2024 00: +0,1706400000
5.912,1,Jan 28 2024 01: +0,1706403600
6.947,2,Jan 28 2024 02: +0,1706407200
7.206,1,Jan 28 2024 03: +0,1706410800
7.051,2,Jan 28 2024 05: +0,1706418000
6.326,1,Jan 28 2024 06: +0,1706421600
6.843,1,Jan 28 2024 07: +0,1706425200
6.904,2,Jan 28 2024 09: +0,1706432400
6.917,1,Jan 28 2024 11: +0,1706439600
6.832,3,Jan 28 2024 13: +0,1706446800
6.826,1,Jan 28 2024 14: +0,1706450400
6.864,3,Jan 28 2024 15: +0,1706454000
6.284,3,Jan 28 2024 16: +0,1706457600
6.501,3,Jan 28 2024 17: +0,1706461200
6.904,3,Jan 28 2024 19: +0,1706468400
6.912,1,Jan 28 2024 21: +0,1706475600
6.284,1,Jan 28 2024 22: +0,1706479200
6.482,2,Jan 28 2024 23: +0,1706482800
3.972,1,Jan 29 2024 00: +0,1706486400
6.467,3,Jan 29 2024 02: +0,1706493600
6.221,1,Jan 29 2024 03: +0,1706497200
6.481,1,Jan 29 2024 04: +0,1706500800
6.682,1,Jan 29 2024 07: +0,1706511600
6.681,1,Jan 29 2024 08: +0,1706515200
6.789,1,Jan 29 2024 09: +0,1706518800
6.803,1,Jan 29 2024 10: +0,1706522400
6.913,1,Jan 29 2024 12: +0,1706529600
7.111,1,Jan 29 2024 13: +0,1706533200
7.212,1,Jan 29 2024 15: +0,1706540400
6.895,1,Jan 29 2024 16: +0,1706544000
6.705,2,Jan 29 2024 18: +0,1706551200
7.096,2,Jan 29 2024 19: +0,1706554800
6.697,1,Jan 29 2024 20: +0,1706558400
6.7,2,Jan 29 2024 21: +0,1706562000
6.88,1,Jan 29 2024 22: +0,1706565600
6.881,1,Jan 29 2024 23: +0,1706569200
6.054,1,Jan 30 2024 02: +0,1706580000
6.82,2,Jan 30 2024 04: +0,1706587200
6.341,1,Jan 30 2024 05: +0,1706590800
6.395,1,Jan 30 2024 06: +0,1706594400
6.877,3,Jan 30 2024 07: +0,1706598000
6.276,1,Jan 30 2024 10: +0,1706608800
7.199,1,Jan 30 2024 11: +0,1706612400
6.586,2,Jan 30 2024 12: +0,1706616000
6.664,3,Jan 30 2024 13: +0,1706619600
6.165,1,Jan 30 2024 14: +0,1706623200
6.364,1,Jan 30 2024 15: +0,1706626800
6.288,2,Jan 30 2024 16: +0,1706630400
6.61,6,Jan 30 2024 17: +0,1706634000
6.925,5,Jan 30 2024 18: +0,1706637600
7.199,3,Jan 30 2024 19: +0,1706641200
6.595,2,Jan 30 2024 21: +0,1706648400
6.994,4,Jan 30 2024 22: +0,1706652000
6.899,1,Jan 30 2024 23: +0,1706655600
6.899,1,Jan 31 2024 00: +0,1706659200
7.15,1,Jan 31 2024 01: +0,1706662800
7.15,2,Jan 31 2024 02: +0,1706666400
7.174,1,Jan 31 2024 04: +0,1706673600
7.196,2,Jan 31 2024 05: +0,1706677200
6.674,2,Jan 31 2024 07: +0,1706684400
7.182,3,Jan 31 2024 08: +0,1706688000
7.2,1,Jan 31 2024 09: +0,1706691600
7.187,2,Jan 31 2024 10: +0,1706695200
7.006,1,Jan 31 2024 11: +0,1706698800
7.183,1,Jan 31 2024 12: +0,1706702400
7.15,1,Jan 31 2024 13: +0,1706706000
6.503,2,Jan 31 2024 14: +0,1706709600
6.32,2,Jan 31 2024 15: +0,1706713200
6.968,1,Jan 31 2024 16: +0,1706716800
6.347,2,Jan 31 2024 17: +0,1706720400
6.796,3,Jan 31 2024 18: +0,1706724000
6.856,1,Jan 31 2024 19: +0,1706727600
6.861,2,Jan 31 2024 20: +0,1706731200
7.019,5,Jan 31 2024 21: +0,1706734800
6.364,1,Jan 31 2024 23: +0,1706742000
6.411,1,Feb 01 2024 00: +0,1706745600
5.482,1,Feb 01 2024 01: +0,1706749200
6.912,1,Feb 01 2024 02: +0,1706752800
6.906,1,Feb 01 2024 03: +0,1706756400
6.961,2,Feb 01 2024 05: +0,1706763600
6.711,2,Feb 01 2024 06: +0,1706767200
7.19,1,Feb 01 2024 07: +0,1706770800
7.211,2,Feb 01 2024 08: +0,1706774400
6.101,1,Feb 01 2024 10: +0,1706781600
7.043,2,Feb 01 2024 13: +0,1706792400
7.176,2,Feb 01 2024 14: +0,1706796000
6.897,1,Feb 01 2024 15: +0,1706799600
6.906,1,Feb 01 2024 16: +0,1706803200
6.694,2,Feb 01 2024 17: +0,1706806800
7.173,1,Feb 01 2024 18: +0,1706810400
7.19,3,Feb 01 2024 19: +0,1706814000
6.741,2,Feb 01 2024 20: +0,1706817600
6.972,3,Feb 01 2024 21: +0,1706821200
6.467,1,Feb 01 2024 22: +0,1706824800
6.665,1,Feb 01 2024 23: +0,1706828400
6.878,1,Feb 02 2024 02: +0,1706839200
6.674,2,Feb 02 2024 03: +0,1706842800
6.886,1,Feb 02 2024 05: +0,1706850000
6.681,2,Feb 02 2024 06: +0,1706853600
6.538,1,Feb 02 2024 10: +0,1706868000
6.89,3,Feb 02 2024 13: +0,1706878800
6.897,1,Feb 02 2024 14: +0,1706882400
6.918,5,Feb 02 2024 16: +0,1706889600
6.737,3,Feb 02 2024 17: +0,1706893200
7.077,2,Feb 02 2024 18: +0,1706896800
6.522,2,Feb 02 2024 19: +0,1706900400
6.999,2,Feb 02 2024 20: +0,1706904000
7.023,6,Feb 02 2024 21: +0,1706907600
7.076,3,Feb 02 2024 22: +0,1706911200
7.098,1,Feb 02 2024 23: +0,1706914800
7.132,4,Feb 03 2024 00: +0,1706918400
7.119,1,Feb 03 2024 01: +0,1706922000
7.207,1,Feb 03 2024 02: +0,1706925600
7.128,2,Feb 03 2024 04: +0,1706932800
7.187,3,Feb 03 2024 05: +0,1706936400
7.084,1,Feb 03 2024 06: +0,1706940000
7.19,1,Feb 03 2024 07: +0,1706943600
6.741,1,Feb 03 2024 11: +0,1706958000
6.847,2,Feb 03 2024 12: +0,1706961600
6.576,1,Feb 03 2024 13: +0,1706965200
6.87,1,Feb 03 2024 15: +0,1706972400
6.874,4,Feb 03 2024 17: +0,1706979600
6.878,3,Feb 03 2024 18: +0,1706983200
6.811,4,Feb 03 2024 19: +0,1706986800
7.127,1,Feb 03 2024 20: +0,1706990400
7.233,2,Feb 03 2024 21: +0,1706994000
7.162,5,Feb 03 2024 22: +0,1706997600
7.308,1,Feb 04 2024 01: +0,1707008400
7.237,1,Feb 04 2024 02: +0,1707012000
7.239,2,Feb 04 2024 07: +0,1707030000
6.913,1,Feb 04 2024 10: +0,1707040800
7.295,1,Feb 04 2024 11: +0,1707044400
6.638,2,Feb 04 2024 14: +0,1707055200
6.844,1,Feb 04 2024 15: +0,1707058800
6.876,4,Feb 04 2024 16: +0,1707062400
6.981,11,Feb 04 2024 17: +0,1707066000
6.925,3,Feb 04 2024 18: +0,1707069600
7.269,3,Feb 04 2024 19: +0,1707073200
7.294,2,Feb 04 2024 20: +0,1707076800
7.187,3,Feb 04 2024 21: +0,1707080400
7.278,1,Feb 04 2024 22: +0,1707084000
7.285,1,Feb 04 2024 23: +0,1707087600
7.282,1,Feb 05 2024 00: +0,1707091200
7.154,1,Feb 05 2024 05: +0,1707109200
7.269,1,Feb 05 2024 07: +0,1707116400
6.938,2,Feb 05 2024 11: +0,1707130800
7.029,1,Feb 05 2024 12: +0,1707134400
6.942,1,Feb 05 2024 13: +0,1707138000
7.076,2,Feb 05 2024 14: +0,1707141600
7.099,1,Feb 05 2024 15: +0,1707145200
7.019,1,Feb 05 2024 17: +0,1707152400
6.586,1,Feb 05 2024 18: +0,1707156000
7.111,2,Feb 05 2024 19: +0,1707159600
6.99,1,Feb 05 2024 21: +0,1707166800
7.116,2,Feb 05 2024 22: +0,1707170400
7.196,1,Feb 06 2024 00: +0,1707177600
6.03,1,Feb 06 2024 02: +0,1707184800
6.951,1,Feb 06 2024 03: +0,1707188400
6.101,1,Feb 06 2024 05: +0,1707195600
7.081,1,Feb 06 2024 06: +0,1707199200
7.207,2,Feb 06 2024 07: +0,1707202800
6.356,1,Feb 06 2024 09: +0,1707210000
7.253,3,Feb 06 2024 10: +0,1707213600
7.071,2,Feb 06 2024 11: +0,1707217200
7.171,1,Feb 06 2024 14: +0,1707228000
7.199,2,Feb 06 2024 16: +0,1707235200
7.265,1,Feb 06 2024 17: +0,1707238800
7.253,3,Feb 06 2024 18: +0,1707242400
7.265,5,Feb 06 2024 19: +0,1707246000
7.266,2,Feb 06 2024 20: +0,1707249600
7.308,4,Feb 06 2024 21: +0,1707253200
7.106,1,Feb 06 2024 22: +0,1707256800
7.286,1,Feb 06 2024 23: +0,1707260400
7.309,3,Feb 07 2024 01: +0,1707267600
7.106,1,Feb 07 2024 02: +0,1707271200
7.134,2,Feb 07 2024 03: +0,1707274800
7.226,4,Feb 07 2024 04: +0,1707278400
7.318,1,Feb 07 2024 05: +0,1707282000
6.88,3,Feb 07 2024 06: +0,1707285600
6.272,2,Feb 07 2024 07: +0,1707289200
6.8,1,Feb 07 2024 08: +0,1707292800
6.709,2,Feb 07 2024 09: +0,1707296400
7.21,2,Feb 07 2024 10: +0,1707300000
6.681,1,Feb 07 2024 11: +0,1707303600
6.771,2,Feb 07 2024 12: +0,1707307200
5.887,3,Feb 07 2024 13: +0,1707310800
6.832,3,Feb 07 2024 14: +0,1707314400
6.823,1,Feb 07 2024 15: +0,1707318000
6.616,1,Feb 07 2024 16: +0,1707321600
6.749,4,Feb 07 2024 17: +0,1707325200
6.866,6,Feb 07 2024 18: +0,1707328800
7.29,1,Feb 07 2024 19: +0,1707332400
7.26,4,Feb 07 2024 20: +0,1707336000
7.32,5,Feb 07 2024 21: +0,1707339600
7.367,3,Feb 07 2024 22: +0,1707343200
7.033,2,Feb 07 2024 23: +0,1707346800
7.312,2,Feb 08 2024 00: +0,1707350400
6.772,2,Feb 08 2024 01: +0,1707354000
6.716,2,Feb 08 2024 02: +0,1707357600
7.359,2,Feb 08 2024 04: +0,1707364800
7.436,1,Feb 08 2024 06: +0,1707372000
7.446,1,Feb 08 2024 07: +0,1707375600
5.966,1,Feb 08 2024 08: +0,1707379200
6.691,2,Feb 08 2024 09: +0,1707382800
7.166,1,Feb 08 2024 10: +0,1707386400
7.467,1,Feb 08 2024 11: +0,1707390000
7.483,1,Feb 08 2024 12: +0,1707393600
6.987,2,Feb 08 2024 13: +0,1707397200
6.944,1,Feb 08 2024 14: +0,1707400800
6.93,4,Feb 08 2024 15: +0,1707404400
6.856,1,Feb 08 2024 16: +0,1707408000
7.278,5,Feb 08 2024 17: +0,1707411600
7.132,2,Feb 08 2024 18: +0,1707415200
6.864,2,Feb 08 2024 19: +0,1707418800
7.536,6,Feb 08 2024 20: +0,1707422400
7.382,1,Feb 08 2024 21: +0,1707426000
7.422,3,Feb 08 2024 22: +0,1707429600
7.247,2,Feb 08 2024 23: +0,1707433200
6.975,3,Feb 09 2024 01: +0,1707440400
7.516,1,Feb 09 2024 03: +0,1707447600
7.277,1,Feb 09 2024 04: +0,1707451200
7.381,1,Feb 09 2024 05: +0,1707454800
7.149,1,Feb 09 2024 07: +0,1707462000
7.482,1,Feb 09 2024 09: +0,1707469200
7.341,2,Feb 09 2024 10: +0,1707472800
7.514,1,Feb 09 2024 11: +0,1707476400
6.997,3,Feb 09 2024 13: +0,1707483600
7.687,1,Feb 09 2024 14: +0,1707487200
6.636,1,Feb 09 2024 15: +0,1707490800
6.97,4,Feb 09 2024 16: +0,1707494400
7.63,5,Feb 09 2024 17: +0,1707498000
7.717,3,Feb 09 2024 18: +0,1707501600
7.786,4,Feb 09 2024 19: +0,1707505200
7.813,2,Feb 09 2024 20: +0,1707508800
7.126,2,Feb 09 2024 21: +0,1707512400
7.764,2,Feb 09 2024 22: +0,1707516000
7.486,1,Feb 09 2024 23: +0,1707519600
7.341,6,Feb 10 2024 00: +0,1707523200
7.618,2,Feb 10 2024 01: +0,1707526800
7.169,1,Feb 10 2024 02: +0,1707530400
7.64,1,Feb 10 2024 03: +0,1707534000
7.668,2,Feb 10 2024 04: +0,1707537600
5.921,1,Feb 10 2024 05: +0,1707541200
7.033,2,Feb 10 2024 06: +0,1707544800
7.616,1,Feb 10 2024 07: +0,1707548400
7.632,3,Feb 10 2024 08: +0,1707552000
6.912,1,Feb 10 2024 09: +0,1707555600
7.027,2,Feb 10 2024 10: +0,1707559200
7.586,2,Feb 10 2024 11: +0,1707562800
7.599,2,Feb 10 2024 12: +0,1707566400
7.413,4,Feb 10 2024 13: +0,1707570000
7.555,5,Feb 10 2024 15: +0,1707577200
7.309,2,Feb 10 2024 16: +0,1707580800
7.19,1,Feb 10 2024 17: +0,1707584400
7.206,2,Feb 10 2024 18: +0,1707588000
7.479,4,Feb 10 2024 19: +0,1707591600
7.926,5,Feb 10 2024 20: +0,1707595200
7.947,4,Feb 10 2024 21: +0,1707598800
8.015,1,Feb 10 2024 22: +0,1707602400
7.968,1,Feb 10 2024 23: +0,1707606000
8.0,3,Feb 11 2024 00: +0,1707609600
8.028,3,Feb 11 2024 01: +0,1707613200
7.991,3,Feb 11 2024 02: +0,1707616800
8.025,2,Feb 11 2024 03: +0,1707620400
7.855,2,Feb 11 2024 06: +0,1707631200
7.88,2,Feb 11 2024 08: +0,1707638400
6.071,1,Feb 11 2024 10: +0,1707645600
7.329,3,Feb 11 2024 11: +0,1707649200
6.971,3,Feb 11 2024 12: +0,1707652800
6.995,7,Feb 11 2024 13: +0,1707656400
7.307,5,Feb 11 2024 14: +0,1707660000
7.462,6,Feb 11 2024 15: +0,1707663600
7.689,4,Feb 11 2024 16: +0,1707667200
7.608,1,Feb 11 2024 17: +0,1707670800
7.642,1,Feb 11 2024 18: +0,1707674400
7.851,3,Feb 11 2024 19: +0,1707678000
7.822,3,Feb 11 2024 20: +0,1707681600
7.355,2,Feb 11 2024 21: +0,1707685200
7.874,3,Feb 11 2024 22: +0,1707688800
7.513,1,Feb 12 2024 00: +0,1707696000
7.874,1,Feb 12 2024 01: +0,1707699600
7.411,1,Feb 12 2024 02: +0,1707703200
7.443,2,Feb 12 2024 03: +0,1707706800
7.011,1,Feb 12 2024 06: +0,1707717600
7.344,1,Feb 12 2024 07: +0,1707721200
7.011,1,Feb 12 2024 08: +0,1707724800
6.579,2,Feb 12 2024 09: +0,1707728400
7.145,2,Feb 12 2024 10: +0,1707732000
7.413,2,Feb 12 2024 11: +0,1707735600
7.221,2,Feb 12 2024 12: +0,1707739200
6.825,2,Feb 12 2024 14: +0,1707746400
7.307,3,Feb 12 2024 15: +0,1707750000
6.817,2,Feb 12 2024 17: +0,1707757200
7.299,2,Feb 12 2024 18: +0,1707760800
7.12,3,Feb 12 2024 19: +0,1707764400
7.436,5,Feb 12 2024 20: +0,1707768000
6.803,2,Feb 12 2024 21: +0,1707771600
6.853,3,Feb 12 2024 22: +0,1707775200
6.658,1,Feb 12 2024 23: +0,1707778800
7.207,2,Feb 13 2024 00: +0,1707782400
7.522,1,Feb 13 2024 01: +0,1707786000
6.732,1,Feb 13 2024 03: +0,1707793200
6.509,1,Feb 13 2024 05: +0,1707800400
6.915,1,Feb 13 2024 06: +0,1707804000
7.169,2,Feb 13 2024 08: +0,1707811200
7.268,2,Feb 13 2024 09: +0,1707814800
7.196,2,Feb 13 2024 10: +0,1707818400
6.978,2,Feb 13 2024 11: +0,1707822000
6.861,2,Feb 13 2024 15: +0,1707836400
6.764,4,Feb 13 2024 16: +0,1707840000
6.776,1,Feb 13 2024 17: +0,1707843600
6.827,1,Feb 13 2024 18: +0,1707847200
6.795,2,Feb 13 2024 19: +0,1707850800
6.607,4,Feb 13 2024 20: +0,1707854400
6.973,1,Feb 13 2024 22: +0,1707861600
6.998,5,Feb 13 2024 23: +0,1707865200
7.006,1,Feb 14 2024 01: +0,1707872400
6.873,1,Feb 14 2024 03: +0,1707879600
6.612,7,Feb 14 2024 05: +0,1707886800
6.612,1,Feb 14 2024 06: +0,1707890400
6.86,1,Feb 14 2024 07: +0,1707894000
7.083,3,Feb 14 2024 08: +0,1707897600
6.668,2,Feb 14 2024 09: +0,1707901200
6.11,1,Feb 14 2024 11: +0,1707908400
7.27,2,Feb 14 2024 12: +0,1707912000
6.997,3,Feb 14 2024 14: +0,1707919200
6.969,1,Feb 14 2024 15: +0,1707922800
7.019,2,Feb 14 2024 16: +0,1707926400
7.039,5,Feb 14 2024 17: +0,1707930000
7.163,3,Feb 14 2024 18: +0,1707933600
6.748,4,Feb 14 2024 19: +0,1707937200
7.211,3,Feb 14 2024 20: +0,1707940800
7.104,4,Feb 14 2024 21: +0,1707944400
6.628,2,Feb 14 2024 22: +0,1707948000
6.757,2,Feb 14 2024 23: +0,1707951600
6.869,2,Feb 15 2024 00: +0,1707955200
7.017,1,Feb 15 2024 01: +0,1707958800
7.169,2,Feb 15 2024 02: +0,1707962400
7.284,1,Feb 15 2024 03: +0,1707966000
7.274,1,Feb 15 2024 04: +0,1707969600
6.829,1,Feb 15 2024 05: +0,1707973200
7.256,2,Feb 15 2024 06: +0,1707976800
7.202,1,Feb 15 2024 09: +0,1707987600
6.628,3,Feb 15 2024 10: +0,1707991200
6.981,1,Feb 15 2024 11: +0,1707994800
6.912,2,Feb 15 2024 12: +0,1707998400
6.98,1,Feb 15 2024 14: +0,1708005600
7.205,3,Feb 15 2024 15: +0,1708009200
7.281,2,Feb 15 2024 16: +0,1708012800
6.628,1,Feb 15 2024 17: +0,1708016400
6.903,4,Feb 15 2024 18: +0,1708020000
7.237,2,Feb 15 2024 19: +0,1708023600
7.064,2,Feb 15 2024 20: +0,1708027200
7.281,5,Feb 15 2024 21: +0,1708030800
7.26,2,Feb 15 2024 22: +0,1708034400
7.311,2,Feb 15 2024 23: +0,1708038000
7.258,4,Feb 16 2024 00: +0,1708041600
6.545,2,Feb 16 2024 02: +0,1708048800
7.233,1,Feb 16 2024 03: +0,1708052400
7.4,3,Feb 16 2024 05: +0,1708059600
6.956,1,Feb 16 2024 06: +0,1708063200
6.952,1,Feb 16 2024 09: +0,1708074000
6.573,3,Feb 16 2024 11: +0,1708081200
6.913,1,Feb 16 2024 12: +0,1708084800
6.958,3,Feb 16 2024 13: +0,1708088400
7.015,3,Feb 16 2024 14: +0,1708092000
6.573,1,Feb 16 2024 16: +0,1708099200
6.413,1,Feb 16 2024 17: +0,1708102800
6.872,4,Feb 16 2024 18: +0,1708106400
7.218,6,Feb 16 2024 19: +0,1708110000
7.412,1,Feb 16 2024 20: +0,1708113600
7.371,5,Feb 16 2024 21: +0,1708117200
7.312,2,Feb 16 2024 22: +0,1708120800
6.756,1,Feb 16 2024 23: +0,1708124400
6.441,2,Feb 17 2024 00: +0,1708128000
7.138,1,Feb 17 2024 02: +0,1708135200
7.146,1,Feb 17 2024 03: +0,1708138800
7.421,4,Feb 17 2024 04: +0,1708142400
7.374,1,Feb 17 2024 05: +0,1708146000
7.377,1,Feb 17 2024 06: +0,1708149600
7.085,2,Feb 17 2024 07: +0,1708153200
12.783,2,Feb 17 2024 08: +0,1708156800
7.442,1,Feb 17 2024 09: +0,1708160400
7.239,2,Feb 17 2024 12: +0,1708171200
7.179,6,Feb 17 2024 13: +0,1708174800
7.129,4,Feb 17 2024 14: +0,1708178400
7.63,3,Feb 17 2024 15: +0,1708182000
6.565,2,Feb 17 2024 16: +0,1708185600
6.557,3,Feb 17 2024 17: +0,1708189200
6.573,3,Feb 17 2024 18: +0,1708192800
7.451,10,Feb 17 2024 19: +0,1708196400
7.466,1,Feb 17 2024 20: +0,1708200000
7.466,3,Feb 17 2024 21: +0,1708203600
7.465,2,Feb 17 2024 22: +0,1708207200
7.421,4,Feb 17 2024 23: +0,1708210800
7.459,2,Feb 18 2024 03: +0,1708225200
7.4,2,Feb 18 2024 06: +0,1708236000
7.457,3,Feb 18 2024 08: +0,1708243200
5.975,1,Feb 18 2024 09: +0,1708246800
6.989,3,Feb 18 2024 11: +0,1708254000
7.302,1,Feb 18 2024 12: +0,1708257600
7.498,3,Feb 18 2024 13: +0,1708261200
7.424,3,Feb 18 2024 14: +0,1708264800
7.573,1,Feb 18 2024 15: +0,1708268400
7.441,2,Feb 18 2024 16: +0,1708272000
7.365,2,Feb 18 2024 17: +0,1708275600
7.455,4,Feb 18 2024 18: +0,1708279200
6.653,3,Feb 18 2024 19: +0,1708282800
6.539,5,Feb 18 2024 20: +0,1708286400
6.784,3,Feb 18 2024 21: +0,1708290000
7.439,2,Feb 18 2024 22: +0,1708293600
7.452,4,Feb 19 2024 00: +0,1708300800
7.462,4,Feb 19 2024 01: +0,1708304400
7.528,1,Feb 19 2024 02: +0,1708308000
6.318,1,Feb 19 2024 03: +0,1708311600
7.304,1,Feb 19 2024 04: +0,1708315200
6.739,1,Feb 19 2024 06: +0,1708322400
6.685,2,Feb 19 2024 10: +0,1708336800
6.823,4,Feb 19 2024 12: +0,1708344000
6.898,2,Feb 19 2024 14: +0,1708351200
7.383,3,Feb 19 2024 15: +0,1708354800
7.492,2,Feb 19 2024 16: +0,1708358400
6.878,2,Feb 19 2024 17: +0,1708362000
7.327,2,Feb 19 2024 18: +0,1708365600
7.304,1,Feb 19 2024 19: +0,1708369200
6.656,2,Feb 19 2024 20: +0,1708372800
6.509,1,Feb 19 2024 21: +0,1708376400
6.484,3,Feb 19 2024 22: +0,1708380000
7.377,1,Feb 19 2024 23: +0,1708383600
7.466,1,Feb 20 2024 01: +0,1708390800
7.279,1,Feb 20 2024 02: +0,1708394400
7.407,1,Feb 20 2024 04: +0,1708401600
7.005,1,Feb 20 2024 05: +0,1708405200
6.913,1,Feb 20 2024 06: +0,1708408800
6.526,1,Feb 20 2024 08: +0,1708416000
6.901,2,Feb 20 2024 09: +0,1708419600
6.839,1,Feb 20 2024 10: +0,1708423200
6.988,1,Feb 20 2024 11: +0,1708426800
6.315,2,Feb 20 2024 12: +0,1708430400
8.577,1,Feb 20 2024 14: +0,1708437600
6.348,3,Feb 20 2024 15: +0,1708441200
6.786,2,Feb 20 2024 16: +0,1708444800
6.954,4,Feb 20 2024 17: +0,1708448400
6.935,2,Feb 20 2024 18: +0,1708452000
6.732,2,Feb 20 2024 19: +0,1708455600
6.763,4,Feb 20 2024 20: +0,1708459200
5.935,1,Feb 20 2024 21: +0,1708462800
7.127,1,Feb 20 2024 22: +0,1708466400
6.958,2,Feb 21 2024 01: +0,1708477200
5.714,2,Feb 21 2024 02: +0,1708480800
6.624,5,Feb 21 2024 08: +0,1708502400
7.076,1,Feb 21 2024 10: +0,1708509600
6.922,1,Feb 21 2024 11: +0,1708513200
7.033,2,Feb 21 2024 12: +0,1708516800
7.157,3,Feb 21 2024 13: +0,1708520400
6.421,3,Feb 21 2024 14: +0,1708524000
6.953,2,Feb 21 2024 15: +0,1708527600
7.009,1,Feb 21 2024 16: +0,1708531200
6.584,2,Feb 21 2024 17: +0,1708534800
6.635,1,Feb 21 2024 18: +0,1708538400
6.961,5,Feb 21 2024 19: +0,1708542000
7.381,1,Feb 21 2024 20: +0,1708545600
7.06,2,Feb 21 2024 21: +0,1708549200
6.783,2,Feb 21 2024 22: +0,1708552800
7.158,2,Feb 21 2024 23: +0,1708556400
6.922,1,Feb 22 2024 00: +0,1708560000
7.099,1,Feb 22 2024 02: +0,1708567200
6.311,1,Feb 22 2024 04: +0,1708574400
7.218,1,Feb 22 2024 06: +0,1708581600
7.103,1,Feb 22 2024 08: +0,1708588800
7.157,1,Feb 22 2024 10: +0,1708596000
7.17,1,Feb 22 2024 11: +0,1708599600
6.303,1,Feb 22 2024 12: +0,1708603200
6.574,5,Feb 22 2024 13: +0,1708606800
6.547,3,Feb 22 2024 14: +0,1708610400
7.26,4,Feb 22 2024 16: +0,1708617600
7.42,1,Feb 22 2024 17: +0,1708621200
7.409,3,Feb 22 2024 18: +0,1708624800
6.508,1,Feb 22 2024 19: +0,1708628400
6.848,6,Feb 22 2024 20: +0,1708632000
6.923,6,Feb 22 2024 21: +0,1708635600
7.117,1,Feb 22 2024 22: +0,1708639200
7.168,1,Feb 22 2024 23: +0,1708642800
7.078,3,Feb 23 2024 00: +0,1708646400
7.227,4,Feb 23 2024 01: +0,1708650000
6.508,1,Feb 23 2024 04: +0,1708660800
6.5,1,Feb 23 2024 07: +0,1708671600
6.799,2,Feb 23 2024 08: +0,1708675200
6.885,2,Feb 23 2024 11: +0,1708686000
6.366,2,Feb 23 2024 12: +0,1708689600
6.477,2,Feb 23 2024 13: +0,1708693200
6.529,3,Feb 23 2024 15: +0,1708700400
6.64,4,Feb 23 2024 16: +0,1708704000
6.721,2,Feb 23 2024 17: +0,1708707600
6.831,5,Feb 23 2024 18: +0,1708711200
7.044,3,Feb 23 2024 19: +0,1708714800
7.088,6,Feb 23 2024 20: +0,1708718400
6.64,2,Feb 23 2024 21: +0,1708722000
6.873,2,Feb 23 2024 23: +0,1708729200
7.17,1,Feb 24 2024 00: +0,1708732800
6.61,2,Feb 24 2024 01: +0,1708736400
6.809,1,Feb 24 2024 02: +0,1708740000
7.013,2,Feb 24 2024 03: +0,1708743600
7.116,1,Feb 24 2024 05: +0,1708750800
7.174,3,Feb 24 2024 06: +0,1708754400
6.871,2,Feb 24 2024 07: +0,1708758000
7.115,2,Feb 24 2024 08: +0,1708761600
7.162,1,Feb 24 2024 10: +0,1708768800
7.25,3,Feb 24 2024 11: +0,1708772400
7.245,1,Feb 24 2024 12: +0,1708776000
7.18,4,Feb 24 2024 14: +0,1708783200
7.201,1,Feb 24 2024 15: +0,1708786800
7.236,1,Feb 24 2024 16: +0,1708790400
7.162,3,Feb 24 2024 17: +0,1708794000
7.173,3,Feb 24 2024 18: +0,1708797600
7.116,3,Feb 24 2024 19: +0,1708801200
7.259,2,Feb 24 2024 20: +0,1708804800
7.264,1,Feb 24 2024 21: +0,1708808400
7.247,3,Feb 24 2024 23: +0,1708815600
7.415,3,Feb 25 2024 00: +0,1708819200
7.458,2,Feb 25 2024 03: +0,1708830000
7.281,2,Feb 25 2024 05: +0,1708837200
7.474,1,Feb 25 2024 06: +0,1708840800
7.688,4,Feb 25 2024 07: +0,1708844400
6.789,3,Feb 25 2024 09: +0,1708851600
6.859,4,Feb 25 2024 11: +0,1708858800
6.849,2,Feb 25 2024 12: +0,1708862400
6.978,1,Feb 25 2024 13: +0,1708866000
6.826,2,Feb 25 2024 14: +0,1708869600
6.771,2,Feb 25 2024 16: +0,1708876800
6.707,3,Feb 25 2024 17: +0,1708880400
6.868,4,Feb 25 2024 18: +0,1708884000
6.819,3,Feb 25 2024 19: +0,1708887600
6.877,3,Feb 25 2024 20: +0,1708891200
6.935,3,Feb 25 2024 21: +0,1708894800
6.656,5,Feb 25 2024 22: +0,1708898400
6.928,1,Feb 25 2024 23: +0,1708902000
6.938,3,Feb 26 2024 00: +0,1708905600
6.985,2,Feb 26 2024 01: +0,1708909200
6.628,1,Feb 26 2024 02: +0,1708912800
6.839,2,Feb 26 2024 03: +0,1708916400
7.065,1,Feb 26 2024 05: +0,1708923600
7.228,1,Feb 26 2024 06: +0,1708927200
6.639,1,Feb 26 2024 09: +0,1708938000
6.78,2,Feb 26 2024 11: +0,1708945200
7.243,1,Feb 26 2024 12: +0,1708948800
5.774,1,Feb 26 2024 13: +0,1708952400
6.517,1,Feb 26 2024 14: +0,1708956000
6.81,3,Feb 26 2024 15: +0,1708959600
6.639,1,Feb 26 2024 16: +0,1708963200
6.849,3,Feb 26 2024 17: +0,1708966800
7.113,1,Feb 26 2024 18: +0,1708970400
7.015,4,Feb 26 2024 19: +0,1708974000
7.246,7,Feb 26 2024 20: +0,1708977600
7.662,3,Feb 26 2024 21: +0,1708981200
7.702,1,Feb 26 2024 22: +0,1708984800
6.867,1,Feb 26 2024 23: +0,1708988400
7.659,1,Feb 27 2024 00: +0,1708992000
7.607,1,Feb 27 2024 01: +0,1708995600
7.677,2,Feb 27 2024 02: +0,1708999200
7.259,4,Feb 27 2024 05: +0,1709010000
6.608,1,Feb 27 2024 11: +0,1709031600
6.614,3,Feb 27 2024 12: +0,1709035200
7.111,1,Feb 27 2024 14: +0,1709042400
7.113,3,Feb 27 2024 15: +0,1709046000
7.205,2,Feb 27 2024 16: +0,1709049600
7.402,1,Feb 27 2024 17: +0,1709053200
6.773,2,Feb 27 2024 18: +0,1709056800
6.781,2,Feb 27 2024 19: +0,1709060400
7.402,3,Feb 27 2024 20: +0,1709064000
6.987,2,Feb 27 2024 21: +0,1709067600
6.841,5,Feb 27 2024 22: +0,1709071200
7.439,3,Feb 27 2024 23: +0,1709074800
7.437,2,Feb 28 2024 00: +0,1709078400
7.67,1,Feb 28 2024 02: +0,1709085600
7.097,2,Feb 28 2024 03: +0,1709089200
7.054,2,Feb 28 2024 04: +0,1709092800
7.233,2,Feb 28 2024 05: +0,1709096400
6.332,1,Feb 28 2024 07: +0,1709103600
7.555,2,Feb 28 2024 08: +0,1709107200
6.604,1,Feb 28 2024 11: +0,1709118000
6.809,3,Feb 28 2024 12: +0,1709121600
6.722,2,Feb 28 2024 13: +0,1709125200
6.829,5,Feb 28 2024 14: +0,1709128800
7.549,3,Feb 28 2024 15: +0,1709132400
7.212,1,Feb 28 2024 16: +0,1709136000
7.181,1,Feb 28 2024 17: +0,1709139600
6.79,2,Feb 28 2024 18: +0,1709143200
6.974,4,Feb 28 2024 19: +0,1709146800
6.778,4,Feb 28 2024 20: +0,1709150400
7.162,5,Feb 28 2024 21: +0,1709154000
7.082,2,Feb 28 2024 22: +0,1709157600
7.197,4,Feb 28 2024 23: +0,1709161200
6.722,2,Feb 29 2024 00: +0,1709164800
6.114,1,Feb 29 2024 03: +0,1709175600
7.562,4,Feb 29 2024 04: +0,1709179200
6.612,2,Feb 29 2024 05: +0,1709182800
6.975,3,Feb 29 2024 10: +0,1709200800
7.108,1,Feb 29 2024 12: +0,1709208000
7.357,2,Feb 29 2024 13: +0,1709211600
6.944,4,Feb 29 2024 15: +0,1709218800
6.684,1,Feb 29 2024 16: +0,1709222400
6.612,1,Feb 29 2024 17: +0,1709226000
7.233,3,Feb 29 2024 18: +0,1709229600
7.26,3,Feb 29 2024 19: +0,1709233200
6.612,3,Feb 29 2024 20: +0,1709236800
7.195,3,Feb 29 2024 21: +0,1709240400
7.233,1,Feb 29 2024 22: +0,1709244000
7.266,1,Feb 29 2024 23: +0,1709247600
6.882,1,Mar 01 2024 00: +0,1709251200
7.563,5,Mar 01 2024 02: +0,1709258400
7.557,1,Mar 01 2024 08: +0,1709280000
7.296,3,Mar 01 2024 09: +0,1709283600
7.55,1,Mar 01 2024 10: +0,1709287200
7.57,2,Mar 01 2024 11: +0,1709290800
7.592,4,Mar 01 2024 13: +0,1709298000
6.952,2,Mar 01 2024 14: +0,1709301600
7.655,2,Mar 01 2024 15: +0,1709305200
7.115,2,Mar 01 2024 16: +0,1709308800
6.96,5,Mar 01 2024 17: +0,1709312400
7.233,2,Mar 01 2024 19: +0,1709319600
7.325,1,Mar 01 2024 20: +0,1709323200
7.351,6,Mar 01 2024 21: +0,1709326800
7.261,3,Mar 01 2024 22: +0,1709330400
7.599,2,Mar 01 2024 23: +0,1709334000
7.377,5,Mar 02 2024 00: +0,1709337600
7.612,2,Mar 02 2024 01: +0,1709341200
7.21,3,Mar 02 2024 02: +0,1709344800
7.504,1,Mar 02 2024 04: +0,1709352000
7.658,1,Mar 02 2024 05: +0,1709355600
7.544,1,Mar 02 2024 06: +0,1709359200
7.563,2,Mar 02 2024 07: +0,1709362800
7.638,1,Mar 02 2024 08: +0,1709366400
7.598,1,Mar 02 2024 10: +0,1709373600
7.638,4,Mar 02 2024 11: +0,1709377200
7.773,3,Mar 02 2024 12: +0,1709380800
7.706,1,Mar 02 2024 13: +0,1709384400
7.598,3,Mar 02 2024 15: +0,1709391600
7.608,3,Mar 02 2024 16: +0,1709395200
7.613,1,Mar 02 2024 17: +0,1709398800
7.627,7,Mar 02 2024 18: +0,1709402400
7.695,5,Mar 02 2024 20: +0,1709409600
7.614,3,Mar 02 2024 21: +0,1709413200
7.695,1,Mar 02 2024 22: +0,1709416800
7.649,2,Mar 02 2024 23: +0,1709420400
7.441,1,Mar 03 2024 00: +0,1709424000
7.687,3,Mar 03 2024 01: +0,1709427600
7.684,3,Mar 03 2024 02: +0,1709431200
7.594,1,Mar 03 2024 03: +0,1709434800
7.599,1,Mar 03 2024 04: +0,1709438400
7.599,2,Mar 03 2024 05: +0,1709442000
7.605,1,Mar 03 2024 07: +0,1709449200
7.449,1,Mar 03 2024 10: +0,1709460000
7.48,1,Mar 03 2024 11: +0,1709463600
7.587,4,Mar 03 2024 12: +0,1709467200
7.537,2,Mar 03 2024 13: +0,1709470800
7.375,2,Mar 03 2024 14: +0,1709474400
7.567,2,Mar 03 2024 15: +0,1709478000
7.607,4,Mar 03 2024 16: +0,1709481600
5.74,2,Mar 03 2024 17: +0,1709485200
7.501,2,Mar 03 2024 18: +0,1709488800
7.594,3,Mar 03 2024 19: +0,1709492400
7.68,4,Mar 03 2024 20: +0,1709496000
7.614,3,Mar 03 2024 21: +0,1709499600
7.698,2,Mar 03 2024 23: +0,1709506800
7.699,1,Mar 04 2024 00: +0,1709510400
7.187,1,Mar 04 2024 01: +0,1709514000
7.599,1,Mar 04 2024 02: +0,1709517600
7.544,3,Mar 04 2024 04: +0,1709524800
7.293,1,Mar 04 2024 06: +0,1709532000
7.698,1,Mar 04 2024 07: +0,1709535600
6.764,2,Mar 04 2024 08: +0,1709539200
7.684,1,Mar 04 2024 09: +0,1709542800
7.333,1,Mar 04 2024 11: +0,1709550000
7.42,2,Mar 04 2024 12: +0,1709553600
7.484,1,Mar 04 2024 13: +0,1709557200
7.483,4,Mar 04 2024 14: +0,1709560800
7.484,4,Mar 04 2024 16: +0,1709568000
7.695,5,Mar 04 2024 17: +0,1709571600
7.696,3,Mar 04 2024 18: +0,1709575200
7.67,2,Mar 04 2024 19: +0,1709578800
7.684,2,Mar 04 2024 20: +0,1709582400
7.695,3,Mar 04 2024 21: +0,1709586000
7.765,1,Mar 04 2024 22: +0,1709589600
7.092,1,Mar 04 2024 23: +0,1709593200
7.672,2,Mar 05 2024 00: +0,1709596800
7.66,1,Mar 05 2024 03: +0,1709607600
7.677,2,Mar 05 2024 04: +0,1709611200
7.326,1,Mar 05 2024 05: +0,1709614800
7.606,1,Mar 05 2024 09: +0,1709629200
7.668,1,Mar 05 2024 10: +0,1709632800
6.986,4,Mar 05 2024 11: +0,1709636400
6.908,2,Mar 05 2024 12: +0,1709640000
7.193,1,Mar 05 2024 13: +0,1709643600
7.423,7,Mar 05 2024 17: +0,1709658000
7.778,4,Mar 05 2024 18: +0,1709661600
7.657,2,Mar 05 2024 19: +0,1709665200
6.857,1,Mar 05 2024 20: +0,1709668800
6.733,1,Mar 05 2024 21: +0,1709672400
7.316,3,Mar 05 2024 22: +0,1709676000
6.903,2,Mar 05 2024 23: +0,1709679600
7.057,2,Mar 06 2024 00: +0,1709683200
7.281,4,Mar 06 2024 01: +0,1709686800
7.359,1,Mar 06 2024 02: +0,1709690400
7.386,1,Mar 06 2024 03: +0,1709694000
6.505,2,Mar 06 2024 05: +0,1709701200
7.392,1,Mar 06 2024 07: +0,1709708400
7.609,1,Mar 06 2024 08: +0,1709712000
7.552,2,Mar 06 2024 12: +0,1709726400
7.273,2,Mar 06 2024 14: +0,1709733600
5.868,1,Mar 06 2024 15: +0,1709737200
7.56,2,Mar 06 2024 16: +0,1709740800
7.687,2,Mar 06 2024 17: +0,1709744400
6.668,2,Mar 06 2024 18: +0,1709748000
6.516,1,Mar 06 2024 19: +0,1709751600
7.319,4,Mar 06 2024 20: +0,1709755200
7.693,4,Mar 06 2024 21: +0,1709758800
7.734,2,Mar 06 2024 22: +0,1709762400
7.64,1,Mar 06 2024 23: +0,1709766000
7.687,3,Mar 07 2024 00: +0,1709769600
7.089,2,Mar 07 2024 02: +0,1709776800
7.021,1,Mar 07 2024 03: +0,1709780400
7.326,1,Mar 07 2024 04: +0,1709784000
6.953,1,Mar 07 2024 07: +0,1709794800
7.128,2,Mar 07 2024 10: +0,1709805600
7.326,2,Mar 07 2024 11: +0,1709809200
7.444,1,Mar 07 2024 12: +0,1709812800
7.073,1,Mar 07 2024 14: +0,1709820000
7.173,3,Mar 07 2024 15: +0,1709823600
7.021,3,Mar 07 2024 16: +0,1709827200
7.375,4,Mar 07 2024 17: +0,1709830800
7.644,3,Mar 07 2024 18: +0,1709834400
7.644,1,Mar 07 2024 19: +0,1709838000
7.516,3,Mar 07 2024 20: +0,1709841600
7.379,2,Mar 07 2024 21: +0,1709845200
7.417,2,Mar 07 2024 22: +0,1709848800
6.709,1,Mar 07 2024 23: +0,1709852400
7.583,2,Mar 08 2024 00: +0,1709856000
7.76,1,Mar 08 2024 02: +0,1709863200
6.85,1,Mar 08 2024 03: +0,1709866800
7.771,1,Mar 08 2024 04: +0,1709870400
7.763,1,Mar 08 2024 05: +0,1709874000
7.688,2,Mar 08 2024 06: +0,1709877600
7.798,2,Mar 08 2024 07: +0,1709881200
7.778,1,Mar 08 2024 08: +0,1709884800
7.82,2,Mar 08 2024 09: +0,1709888400
7.797,1,Mar 08 2024 10: +0,1709892000
6.959,1,Mar 08 2024 11: +0,1709895600
7.423,2,Mar 08 2024 12: +0,1709899200
7.52,2,Mar 08 2024 14: +0,1709906400
7.636,5,Mar 08 2024 16: +0,1709913600
7.767,6,Mar 08 2024 17: +0,1709917200
6.861,5,Mar 08 2024 18: +0,1709920800
7.866,4,Mar 08 2024 19: +0,1709924400
7.351,1,Mar 08 2024 22: +0,1709935200
7.095,2,Mar 08 2024 23: +0,1709938800
7.24,2,Mar 09 2024 00: +0,1709942400
7.635,3,Mar 09 2024 01: +0,1709946000
7.863,1,Mar 09 2024 02: +0,1709949600
7.88,1,Mar 09 2024 03: +0,1709953200
6.812,1,Mar 09 2024 05: +0,1709960400
6.812,1,Mar 09 2024 07: +0,1709967600
7.676,1,Mar 09 2024 08: +0,1709971200
7.697,1,Mar 09 2024 09: +0,1709974800
7.884,3,Mar 09 2024 10: +0,1709978400
7.914,1,Mar 09 2024 11: +0,1709982000
7.585,2,Mar 09 2024 12: +0,1709985600
6.85,2,Mar 09 2024 13: +0,1709989200
7.045,3,Mar 09 2024 15: +0,1709996400
6.842,3,Mar 09 2024 16: +0,1710000000
7.327,2,Mar 09 2024 17: +0,1710003600
7.235,2,Mar 09 2024 18: +0,1710007200
7.091,3,Mar 09 2024 19: +0,1710010800
7.332,4,Mar 09 2024 20: +0,1710014400
6.955,2,Mar 09 2024 21: +0,1710018000
7.419,3,Mar 09 2024 22: +0,1710021600
7.48,1,Mar 09 2024 23: +0,1710025200
7.263,1,Mar 10 2024 00: +0,1710028800
6.986,2,Mar 10 2024 01: +0,1710032400
7.232,1,Mar 10 2024 02: +0,1710036000
7.264,1,Mar 10 2024 03: +0,1710039600
7.368,1,Mar 10 2024 04: +0,1710043200
7.472,2,Mar 10 2024 05: +0,1710046800
7.479,1,Mar 10 2024 06: +0,1710050400
7.606,1,Mar 10 2024 08: +0,1710057600
7.622,1,Mar 10 2024 09: +0,1710061200
7.616,4,Mar 10 2024 10: +0,1710064800
7.665,3,Mar 10 2024 11: +0,1710068400
7.676,3,Mar 10 2024 13: +0,1710075600
7.269,1,Mar 10 2024 14: +0,1710079200
7.697,2,Mar 10 2024 15: +0,1710082800
7.864,3,Mar 10 2024 16: +0,1710086400
7.366,2,Mar 10 2024 17: +0,1710090000
7.948,4,Mar 10 2024 18: +0,1710093600
7.417,2,Mar 10 2024 19: +0,1710097200
7.837,4,Mar 10 2024 20: +0,1710100800
6.93,4,Mar 10 2024 21: +0,1710104400
7.779,1,Mar 10 2024 22: +0,1710108000
8.039,2,Mar 11 2024 00: +0,1710115200
7.982,2,Mar 11 2024 01: +0,1710118800
7.941,1,Mar 11 2024 02: +0,1710122400
6.709,1,Mar 11 2024 03: +0,1710126000
7.981,1,Mar 11 2024 07: +0,1710140400
7.267,2,Mar 11 2024 09: +0,1710147600
7.348,3,Mar 11 2024 12: +0,1710158400
8.664,1,Mar 11 2024 14: +0,1710165600
7.685,1,Mar 11 2024 15: +0,1710169200
7.697,1,Mar 11 2024 16: +0,1710172800
7.838,1,Mar 11 2024 17: +0,1710176400
7.747,2,Mar 11 2024 18: +0,1710180000
7.676,3,Mar 11 2024 19: +0,1710183600
6.451,1,Mar 11 2024 20: +0,1710187200
7.402,2,Mar 11 2024 21: +0,1710190800
7.447,8,Mar 11 2024 22: +0,1710194400
7.384,2,Mar 11 2024 23: +0,1710198000
7.573,1,Mar 12 2024 00: +0,1710201600
7.047,2,Mar 12 2024 02: +0,1710208800
7.746,1,Mar 12 2024 05: +0,1710219600
7.501,1,Mar 12 2024 06: +0,1710223200
7.013,1,Mar 12 2024 07: +0,1710226800
7.751,1,Mar 12 2024 08: +0,1710230400
6.025,1,Mar 12 2024 10: +0,1710237600
6.974,1,Mar 12 2024 12: +0,1710244800
7.395,4,Mar 12 2024 13: +0,1710248400
7.619,2,Mar 12 2024 15: +0,1710255600
7.682,1,Mar 12 2024 16: +0,1710259200
7.309,4,Mar 12 2024 17: +0,1710262800
7.742,3,Mar 12 2024 18: +0,1710266400
9.956,8,Mar 12 2024 19: +0,1710270000
7.767,3,Mar 12 2024 20: +0,1710273600
7.406,3,Mar 12 2024 21: +0,1710277200
7.998,1,Mar 12 2024 22: +0,1710280800
7.873,2,Mar 12 2024 23: +0,1710284400
7.513,1,Mar 13 2024 00: +0,1710288000
7.874,1,Mar 13 2024 03: +0,1710298800
8.012,1,Mar 13 2024 04: +0,1710302400
7.115,1,Mar 13 2024 05: +0,1710306000
7.029,1,Mar 13 2024 06: +0,1710309600
7.237,1,Mar 13 2024 09: +0,1710320400
7.829,1,Mar 13 2024 10: +0,1710324000
7.179,2,Mar 13 2024 12: +0,1710331200
7.732,3,Mar 13 2024 14: +0,1710338400
7.392,2,Mar 13 2024 16: +0,1710345600
7.216,1,Mar 13 2024 17: +0,1710349200
7.328,2,Mar 13 2024 18: +0,1710352800
7.399,2,Mar 13 2024 19: +0,1710356400
7.425,1,Mar 13 2024 20: +0,1710360000
7.728,1,Mar 13 2024 22: +0,1710367200
7.045,1,Mar 13 2024 23: +0,1710370800
7.779,3,Mar 14 2024 00: +0,1710374400
7.25,1,Mar 14 2024 01: +0,1710378000
6.47,1,Mar 14 2024 04: +0,1710388800
7.06,5,Mar 14 2024 06: +0,1710396000
7.332,2,Mar 14 2024 07: +0,1710399600
7.352,2,Mar 14 2024 08: +0,1710403200
7.045,1,Mar 14 2024 09: +0,1710406800
7.082,2,Mar 14 2024 10: +0,1710410400
7.112,2,Mar 14 2024 11: +0,1710414000
7.275,2,Mar 14 2024 12: +0,1710417600
7.005,9,Mar 14 2024 13: +0,1710421200
7.001,2,Mar 14 2024 14: +0,1710424800
7.116,2,Mar 14 2024 15: +0,1710428400
6.998,4,Mar 14 2024 16: +0,1710432000
7.133,3,Mar 14 2024 17: +0,1710435600
7.055,4,Mar 14 2024 18: +0,1710439200
7.045,3,Mar 14 2024 19: +0,1710442800
7.005,6,Mar 14 2024 20: +0,1710446400
7.024,4,Mar 14 2024 21: +0,1710450000
6.99,5,Mar 14 2024 22: +0,1710453600
7.025,5,Mar 14 2024 23: +0,1710457200
7.042,5,Mar 15 2024 00: +0,1710460800
6.325,1,Mar 15 2024 01: +0,1710464400
6.919,5,Mar 15 2024 02: +0,1710468000
7.248,1,Mar 15 2024 04: +0,1710475200
7.142,2,Mar 15 2024 06: +0,1710482400
7.222,1,Mar 15 2024 08: +0,1710489600
7.233,5,Mar 15 2024 09: +0,1710493200
7.061,2,Mar 15 2024 11: +0,1710500400
6.996,2,Mar 15 2024 12: +0,1710504000
7.021,1,Mar 15 2024 13: +0,1710507600
7.17,1,Mar 15 2024 14: +0,1710511200
7.029,4,Mar 15 2024 15: +0,1710514800
6.923,2,Mar 15 2024 16: +0,1710518400
7.174,3,Mar 15 2024 17: +0,1710522000
7.274,5,Mar 15 2024 18: +0,1710525600
7.037,1,Mar 15 2024 19: +0,1710529200
6.903,1,Mar 15 2024 20: +0,1710532800
7.187,8,Mar 15 2024 21: +0,1710536400
7.217,4,Mar 15 2024 22: +0,1710540000
7.204,4,Mar 15 2024 23: +0,1710543600
7.474,1,Mar 16 2024 00: +0,1710547200
7.045,1,Mar 16 2024 01: +0,1710550800
7.204,2,Mar 16 2024 02: +0,1710554400
6.639,2,Mar 16 2024 03: +0,1710558000
7.476,1,Mar 16 2024 05: +0,1710565200
6.864,3,Mar 16 2024 07: +0,1710572400
6.977,4,Mar 16 2024 08: +0,1710576000
7.406,2,Mar 16 2024 09: +0,1710579600
7.416,1,Mar 16 2024 10: +0,1710583200
7.402,2,Mar 16 2024 11: +0,1710586800
6.861,3,Mar 16 2024 12: +0,1710590400
7.25,2,Mar 16 2024 13: +0,1710594000
6.807,4,Mar 16 2024 14: +0,1710597600
6.655,4,Mar 16 2024 16: +0,1710604800
6.619,5,Mar 16 2024 17: +0,1710608400
6.636,4,Mar 16 2024 18: +0,1710612000
6.651,4,Mar 16 2024 19: +0,1710615600
6.66,1,Mar 16 2024 20: +0,1710619200
6.714,1,Mar 16 2024 21: +0,1710622800
6.501,5,Mar 16 2024 22: +0,1710626400
6.673,3,Mar 16 2024 23: +0,1710630000
6.581,2,Mar 17 2024 00: +0,1710633600
6.707,3,Mar 17 2024 01: +0,1710637200
6.714,4,Mar 17 2024 02: +0,1710640800
6.724,1,Mar 17 2024 03: +0,1710644400
6.729,1,Mar 17 2024 04: +0,1710648000
6.87,3,Mar 17 2024 05: +0,1710651600
7.092,1,Mar 17 2024 08: +0,1710662400
6.671,2,Mar 17 2024 09: +0,1710666000
6.973,1,Mar 17 2024 10: +0,1710669600
6.765,2,Mar 17 2024 11: +0,1710673200
6.848,2,Mar 17 2024 12: +0,1710676800
6.462,1,Mar 17 2024 13: +0,1710680400
6.588,2,Mar 17 2024 15: +0,1710687600
6.501,3,Mar 17 2024 16: +0,1710691200
6.407,2,Mar 17 2024 17: +0,1710694800
6.681,3,Mar 17 2024 18: +0,1710698400
6.724,4,Mar 17 2024 19: +0,1710702000
6.864,3,Mar 17 2024 20: +0,1710705600
6.891,2,Mar 17 2024 21: +0,1710709200
6.635,3,Mar 17 2024 22: +0,1710712800
6.748,2,Mar 17 2024 23: +0,1710716400
6.635,3,Mar 18 2024 01: +0,1710723600
6.878,2,Mar 18 2024 04: +0,1710734400
6.914,2,Mar 18 2024 08: +0,1710748800
6.895,3,Mar 18 2024 09: +0,1710752400
6.996,2,Mar 18 2024 10: +0,1710756000
6.914,3,Mar 18 2024 13: +0,1710766800
7.024,1,Mar 18 2024 14: +0,1710770400
6.981,2,Mar 18 2024 15: +0,1710774000
7.102,4,Mar 18 2024 16: +0,1710777600
6.801,1,Mar 18 2024 17: +0,1710781200
6.904,3,Mar 18 2024 19: +0,1710788400
6.774,2,Mar 18 2024 20: +0,1710792000
6.86,2,Mar 18 2024 21: +0,1710795600
6.878,5,Mar 18 2024 22: +0,1710799200
6.878,1,Mar 18 2024 23: +0,1710802800
6.407,1,Mar 19 2024 00: +0,1710806400
6.667,3,Mar 19 2024 01: +0,1710810000
6.769,5,Mar 19 2024 02: +0,1710813600
7.223,3,Mar 19 2024 03: +0,1710817200
7.321,2,Mar 19 2024 04: +0,1710820800
6.651,1,Mar 19 2024 06: +0,1710828000
7.096,1,Mar 19 2024 09: +0,1710838800
7.037,1,Mar 19 2024 10: +0,1710842400
7.066,1,Mar 19 2024 11: +0,1710846000
6.682,1,Mar 19 2024 13: +0,1710853200
6.998,1,Mar 19 2024 14: +0,1710856800
6.682,4,Mar 19 2024 15: +0,1710860400
6.706,5,Mar 19 2024 17: +0,1710867600
7.05,4,Mar 19 2024 18: +0,1710871200
6.225,1,Mar 19 2024 19: +0,1710874800
6.831,2,Mar 19 2024 20: +0,1710878400
6.771,4,Mar 19 2024 21: +0,1710882000
7.274,3,Mar 19 2024 22: +0,1710885600
6.713,1,Mar 19 2024 23: +0,1710889200
7.402,1,Mar 20 2024 00: +0,1710892800
6.795,1,Mar 20 2024 02: +0,1710900000
6.713,3,Mar 20 2024 03: +0,1710903600
6.753,1,Mar 20 2024 05: +0,1710910800
6.713,1,Mar 20 2024 09: +0,1710925200
6.992,1,Mar 20 2024 10: +0,1710928800
6.974,3,Mar 20 2024 12: +0,1710936000
6.845,1,Mar 20 2024 13: +0,1710939600
6.992,2,Mar 20 2024 14: +0,1710943200
6.895,1,Mar 20 2024 15: +0,1710946800
6.961,2,Mar 20 2024 16: +0,1710950400
6.784,4,Mar 20 2024 17: +0,1710954000
7.18,2,Mar 20 2024 18: +0,1710957600
6.498,1,Mar 20 2024 20: +0,1710964800
6.984,2,Mar 20 2024 21: +0,1710968400
7.015,2,Mar 20 2024 22: +0,1710972000
6.696,4,Mar 20 2024 23: +0,1710975600
7.855,1,Mar 21 2024 02: +0,1710986400
6.808,3,Mar 21 2024 03: +0,1710990000
7.119,1,Mar 21 2024 04: +0,1710993600
7.228,1,Mar 21 2024 05: +0,1710997200
6.669,2,Mar 21 2024 07: +0,1711004400
7.529,1,Mar 21 2024 08: +0,1711008000
6.746,5,Mar 21 2024 11: +0,1711018800
6.866,2,Mar 21 2024 12: +0,1711022400
7.082,3,Mar 21 2024 13: +0,1711026000
6.986,2,Mar 21 2024 14: +0,1711029600
6.824,1,Mar 21 2024 15: +0,1711033200
6.965,5,Mar 21 2024 16: +0,1711036800
6.887,4,Mar 21 2024 17: +0,1711040400
6.956,2,Mar 21 2024 18: +0,1711044000
6.928,1,Mar 21 2024 19: +0,1711047600
6.905,1,Mar 21 2024 20: +0,1711051200
6.898,1,Mar 21 2024 21: +0,1711054800
7.071,3,Mar 21 2024 22: +0,1711058400
7.133,1,Mar 21 2024 23: +0,1711062000
7.148,3,Mar 22 2024 00: +0,1711065600
6.531,1,Mar 22 2024 01: +0,1711069200
7.11,4,Mar 22 2024 02: +0,1711072800
7.183,1,Mar 22 2024 03: +0,1711076400
7.197,2,Mar 22 2024 04: +0,1711080000
6.993,1,Mar 22 2024 05: +0,1711083600
6.996,2,Mar 22 2024 08: +0,1711094400
7.131,1,Mar 22 2024 09: +0,1711098000
7.161,2,Mar 22 2024 10: +0,1711101600
7.228,2,Mar 22 2024 11: +0,1711105200
6.974,1,Mar 22 2024 14: +0,1711116000
6.762,2,Mar 22 2024 15: +0,1711119600
7.248,5,Mar 22 2024 16: +0,1711123200
7.408,1,Mar 22 2024 17: +0,1711126800
6.729,2,Mar 22 2024 18: +0,1711130400
7.252,1,Mar 22 2024 19: +0,1711134000
6.61,3,Mar 22 2024 20: +0,1711137600
7.203,5,Mar 22 2024 21: +0,1711141200
6.927,1,Mar 22 2024 22: +0,1711144800
7.405,3,Mar 22 2024 23: +0,1711148400
7.416,1,Mar 23 2024 00: +0,1711152000
7.433,1,Mar 23 2024 01: +0,1711155600
7.52,3,Mar 23 2024 02: +0,1711159200
6.713,3,Mar 23 2024 03: +0,1711162800
7.135,1,Mar 23 2024 04: +0,1711166400
7.138,1,Mar 23 2024 05: +0,1711170000
7.548,1,Mar 23 2024 06: +0,1711173600
7.222,2,Mar 23 2024 07: +0,1711177200
6.792,1,Mar 23 2024 10: +0,1711188000
7.34,5,Mar 23 2024 11: +0,1711191600
7.529,2,Mar 23 2024 13: +0,1711198800
7.43,2,Mar 23 2024 14: +0,1711202400
7.17,4,Mar 23 2024 15: +0,1711206000
7.338,3,Mar 23 2024 16: +0,1711209600
7.111,1,Mar 23 2024 17: +0,1711213200
6.749,1,Mar 23 2024 18: +0,1711216800
7.191,3,Mar 23 2024 19: +0,1711220400
7.282,2,Mar 23 2024 20: +0,1711224000
7.349,1,Mar 23 2024 21: +0,1711227600
7.439,3,Mar 23 2024 22: +0,1711231200
6.943,3,Mar 23 2024 23: +0,1711234800
7.591,1,Mar 24 2024 00: +0,1711238400
7.662,4,Mar 24 2024 01: +0,1711242000
7.101,1,Mar 24 2024 02: +0,1711245600
6.669,2,Mar 24 2024 03: +0,1711249200
6.476,1,Mar 24 2024 04: +0,1711252800
7.674,3,Mar 24 2024 05: +0,1711256400
7.632,1,Mar 24 2024 07: +0,1711263600
7.692,3,Mar 24 2024 09: +0,1711270800
7.742,1,Mar 24 2024 10: +0,1711274400
7.761,3,Mar 24 2024 11: +0,1711278000
6.996,3,Mar 24 2024 12: +0,1711281600
7.771,2,Mar 24 2024 13: +0,1711285200
7.597,2,Mar 24 2024 14: +0,1711288800
7.712,4,Mar 24 2024 15: +0,1711292400
6.773,4,Mar 24 2024 16: +0,1711296000
7.657,1,Mar 24 2024 17: +0,1711299600
7.82,4,Mar 24 2024 18: +0,1711303200
7.44,4,Mar 24 2024 19: +0,1711306800
7.53,2,Mar 24 2024 20: +0,1711310400
7.263,1,Mar 24 2024 22: +0,1711317600
6.883,4,Mar 24 2024 23: +0,1711321200
6.852,5,Mar 25 2024 00: +0,1711324800
7.79,1,Mar 25 2024 03: +0,1711335600
7.823,1,Mar 25 2024 05: +0,1711342800
7.813,2,Mar 25 2024 09: +0,1711357200
7.635,1,Mar 25 2024 10: +0,1711360800
7.649,4,Mar 25 2024 14: +0,1711375200
7.79,1,Mar 25 2024 15: +0,1711378800
6.974,3,Mar 25 2024 18: +0,1711389600
7.606,1,Mar 25 2024 19: +0,1711393200
7.614,3,Mar 25 2024 20: +0,1711396800
7.714,3,Mar 25 2024 21: +0,1711400400
7.203,2,Mar 25 2024 22: +0,1711404000
7.52,1,Mar 25 2024 23: +0,1711407600
7.575,2,Mar 26 2024 00: +0,1711411200
6.881,1,Mar 26 2024 02: +0,1711418400
7.79,1,Mar 26 2024 03: +0,1711422000
7.794,2,Mar 26 2024 04: +0,1711425600
7.509,1,Mar 26 2024 11: +0,1711450800
6.971,3,Mar 26 2024 12: +0,1711454400
7.641,1,Mar 26 2024 13: +0,1711458000
7.826,1,Mar 26 2024 15: +0,1711465200
6.556,2,Mar 26 2024 16: +0,1711468800
7.703,1,Mar 26 2024 18: +0,1711476000
7.605,3,Mar 26 2024 20: +0,1711483200
7.714,3,Mar 26 2024 21: +0,1711486800
7.506,2,Mar 26 2024 22: +0,1711490400
7.718,1,Mar 26 2024 23: +0,1711494000
6.896,2,Mar 27 2024 01: +0,1711501200
7.782,1,Mar 27 2024 03: +0,1711508400
7.005,1,Mar 27 2024 04: +0,1711512000
7.785,1,Mar 27 2024 05: +0,1711515600
6.796,1,Mar 27 2024 07: +0,1711522800
7.677,1,Mar 27 2024 08: +0,1711526400
7.749,1,Mar 27 2024 10: +0,1711533600
7.787,1,Mar 27 2024 11: +0,1711537200
7.269,1,Mar 27 2024 12: +0,1711540800
7.662,1,Mar 27 2024 13: +0,1711544400
7.197,1,Mar 27 2024 15: +0,1711551600
7.249,2,Mar 27 2024 16: +0,1711555200
9.436,1,Mar 27 2024 17: +0,1711558800
7.274,4,Mar 27 2024 18: +0,1711562400
7.658,4,Mar 27 2024 19: +0,1711566000
7.806,3,Mar 27 2024 20: +0,1711569600
6.825,2,Mar 27 2024 21: +0,1711573200
7.166,1,Mar 27 2024 22: +0,1711576800
7.255,2,Mar 28 2024 01: +0,1711587600
7.212,1,Mar 28 2024 02: +0,1711591200
7.242,3,Mar 28 2024 06: +0,1711605600
7.283,1,Mar 28 2024 07: +0,1711609200
7.287,1,Mar 28 2024 08: +0,1711612800
7.307,1,Mar 28 2024 09: +0,1711616400
7.301,1,Mar 28 2024 10: +0,1711620000
7.209,1,Mar 28 2024 13: +0,1711630800
7.14,2,Mar 28 2024 14: +0,1711634400
7.156,1,Mar 28 2024 15: +0,1711638000
7.237,3,Mar 28 2024 16: +0,1711641600
6.425,2,Mar 28 2024 17: +0,1711645200
7.553,1,Mar 28 2024 18: +0,1711648800
7.717,1,Mar 28 2024 19: +0,1711652400
7.82,2,Mar 28 2024 20: +0,1711656000
7.695,2,Mar 28 2024 21: +0,1711659600
7.629,5,Mar 28 2024 22: +0,1711663200
6.928,1,Mar 29 2024 00: +0,1711670400
7.838,1,Mar 29 2024 01: +0,1711674000
7.316,1,Mar 29 2024 02: +0,1711677600
6.373,1,Mar 29 2024 05: +0,1711688400
7.565,1,Mar 29 2024 06: +0,1711692000
6.887,1,Mar 29 2024 08: +0,1711699200
7.577,1,Mar 29 2024 09: +0,1711702800
7.445,1,Mar 29 2024 11: +0,1711710000
7.455,1,Mar 29 2024 12: +0,1711713600
7.449,1,Mar 29 2024 13: +0,1711717200
7.587,2,Mar 29 2024 14: +0,1711720800
7.732,1,Mar 29 2024 16: +0,1711728000
7.154,4,Mar 29 2024 17: +0,1711731600
7.377,2,Mar 29 2024 18: +0,1711735200
7.526,3,Mar 29 2024 19: +0,1711738800
7.7,3,Mar 29 2024 20: +0,1711742400
7.804,2,Mar 29 2024 21: +0,1711746000
6.895,1,Mar 30 2024 00: +0,1711756800
7.365,2,Mar 30 2024 02: +0,1711764000
6.921,1,Mar 30 2024 04: +0,1711771200
7.18,2,Mar 30 2024 05: +0,1711774800
7.539,2,Mar 30 2024 09: +0,1711789200
7.84,1,Mar 30 2024 10: +0,1711792800
7.28,1,Mar 30 2024 12: +0,1711800000
6.984,1,Mar 30 2024 14: +0,1711807200
7.042,1,Mar 30 2024 15: +0,1711810800
7.343,2,Mar 30 2024 17: +0,1711818000
7.403,3,Mar 30 2024 18: +0,1711821600
7.481,2,Mar 30 2024 19: +0,1711825200
7.479,2,Mar 30 2024 20: +0,1711828800
7.018,1,Mar 30 2024 22: +0,1711836000
11.074,2,Mar 30 2024 23: +0,1711839600
6.909,2,Mar 31 2024 01: +0,1711846800
7.018,1,Mar 31 2024 02: +0,1711846800
7.018,1,Mar 31 2024 03: +0,1711850400
7.473,1,Mar 31 2024 05: +0,1711857600
7.479,2,Mar 31 2024 06: +0,1711861200
7.464,2,Mar 31 2024 08: +0,1711868400
7.401,1,Mar 31 2024 09: +0,1711872000
7.256,1,Mar 31 2024 11: +0,1711879200
7.041,2,Mar 31 2024 12: +0,1711882800
7.328,4,Mar 31 2024 13: +0,1711886400
6.731,1,Mar 31 2024 14: +0,1711890000
7.007,2,Mar 31 2024 15: +0,1711893600
7.244,4,Mar 31 2024 17: +0,1711900800
7.098,4,Mar 31 2024 18: +0,1711904400
7.345,2,Mar 31 2024 19: +0,1711908000
7.495,1,Mar 31 2024 20: +0,1711911600
7.418,2,Mar 31 2024 23: +0,1711922400
7.342,1,Apr 01 2024 00: +0,1711926000
7.222,1,Apr 01 2024 01: +0,1711929600
6.833,1,Apr 01 2024 02: +0,1711933200
7.471,1,Apr 01 2024 05: +0,1711944000
7.364,2,Apr 01 2024 06: +0,1711947600
7.242,2,Apr 01 2024 07: +0,1711951200
7.563,1,Apr 01 2024 08: +0,1711954800
6.991,1,Apr 01 2024 09: +0,1711958400
6.95,1,Apr 01 2024 10: +0,1711962000
7.13,2,Apr 01 2024 13: +0,1711972800
7.32,2,Apr 01 2024 14: +0,1711976400
7.401,3,Apr 01 2024 15: +0,1711980000
7.528,1,Apr 01 2024 16: +0,1711983600
7.222,5,Apr 01 2024 17: +0,1711987200
7.41,1,Apr 01 2024 18: +0,1711990800
7.478,3,Apr 01 2024 19: +0,1711994400
7.486,1,Apr 01 2024 20: +0,1711998000
6.745,2,Apr 01 2024 21: +0,1712001600
7.124,1,Apr 01 2024 22: +0,1712005200
7.48,1,Apr 02 2024 02: +0,1712019600
7.486,1,Apr 02 2024 03: +0,1712023200
7.537,2,Apr 02 2024 05: +0,1712030400
7.053,1,Apr 02 2024 06: +0,1712034000
7.613,1,Apr 02 2024 10: +0,1712048400
6.944,1,Apr 02 2024 11: +0,1712052000
7.621,3,Apr 02 2024 14: +0,1712062800
7.626,3,Apr 02 2024 15: +0,1712066400
7.235,2,Apr 02 2024 16: +0,1712070000
7.33,1,Apr 02 2024 17: +0,1712073600
7.631,3,Apr 02 2024 18: +0,1712077200
7.642,3,Apr 02 2024 19: +0,1712080800
7.686,3,Apr 02 2024 20: +0,1712084400
7.764,1,Apr 02 2024 21: +0,1712088000
7.707,2,Apr 02 2024 23: +0,1712095200
7.764,1,Apr 03 2024 00: +0,1712098800
7.789,1,Apr 03 2024 02: +0,1712106000
7.804,1,Apr 03 2024 03: +0,1712109600
7.77,2,Apr 03 2024 08: +0,1712127600
7.808,2,Apr 03 2024 09: +0,1712131200
7.565,1,Apr 03 2024 10: +0,1712134800
7.764,1,Apr 03 2024 11: +0,1712138400
7.296,1,Apr 03 2024 12: +0,1712142000
7.619,3,Apr 03 2024 13: +0,1712145600
6.842,1,Apr 03 2024 14: +0,1712149200
6.91,4,Apr 03 2024 16: +0,1712156400
7.031,2,Apr 03 2024 17: +0,1712160000
7.81,3,Apr 03 2024 18: +0,1712163600
7.596,2,Apr 03 2024 19: +0,1712167200
7.734,4,Apr 03 2024 20: +0,1712170800
7.659,3,Apr 03 2024 21: +0,1712174400
7.835,1,Apr 03 2024 22: +0,1712178000
7.795,1,Apr 03 2024 23: +0,1712181600
8.816,2,Apr 04 2024 00: +0,1712185200
7.271,1,Apr 04 2024 09: +0,1712217600
6.901,1,Apr 04 2024 10: +0,1712221200
6.795,2,Apr 04 2024 11: +0,1712224800
7.062,2,Apr 04 2024 12: +0,1712228400
7.848,1,Apr 04 2024 13: +0,1712232000
7.748,2,Apr 04 2024 15: +0,1712239200
7.379,2,Apr 04 2024 16: +0,1712242800
7.346,1,Apr 04 2024 17: +0,1712246400
7.432,3,Apr 04 2024 18: +0,1712250000
7.149,1,Apr 04 2024 19: +0,1712253600
7.188,3,Apr 04 2024 20: +0,1712257200
8.722,1,Apr 04 2024 21: +0,1712260800
7.394,3,Apr 04 2024 22: +0,1712264400
7.83,1,Apr 04 2024 23: +0,1712268000
6.843,2,Apr 05 2024 00: +0,1712271600
7.843,1,Apr 05 2024 01: +0,1712275200
7.228,1,Apr 05 2024 02: +0,1712278800
7.846,1,Apr 05 2024 03: +0,1712282400
7.181,1,Apr 05 2024 04: +0,1712286000
7.821,1,Apr 05 2024 05: +0,1712289600
7.856,3,Apr 05 2024 06: +0,1712293200
7.859,1,Apr 05 2024 10: +0,1712307600
7.722,1,Apr 05 2024 11: +0,1712311200
7.56,3,Apr 05 2024 14: +0,1712322000
7.021,1,Apr 05 2024 15: +0,1712325600
7.49,4,Apr 05 2024 16: +0,1712329200
7.568,2,Apr 05 2024 17: +0,1712332800
6.699,2,Apr 05 2024 18: +0,1712336400
7.617,4,Apr 05 2024 19: +0,1712340000
7.611,1,Apr 05 2024 21: +0,1712347200
7.472,1,Apr 05 2024 22: +0,1712350800
7.654,3,Apr 05 2024 23: +0,1712354400
7.6,1,Apr 06 2024 01: +0,1712361600
7.989,2,Apr 06 2024 04: +0,1712372400
8.008,1,Apr 06 2024 05: +0,1712376000
8.028,1,Apr 06 2024 07: +0,1712383200
7.802,1,Apr 06 2024 09: +0,1712390400
7.998,2,Apr 06 2024 10: +0,1712394000
8.027,1,Apr 06 2024 11: +0,1712397600
7.277,1,Apr 06 2024 12: +0,1712401200
8.001,1,Apr 06 2024 13: +0,1712404800
7.124,1,Apr 06 2024 14: +0,1712408400
8.027,1,Apr 06 2024 15: +0,1712412000
8.031,3,Apr 06 2024 16: +0,1712415600
8.035,3,Apr 06 2024 17: +0,1712419200
7.556,2,Apr 06 2024 19: +0,1712426400
8.061,4,Apr 06 2024 20: +0,1712430000
8.074,3,Apr 06 2024 21: +0,1712433600
8.057,2,Apr 06 2024 22: +0,1712437200
8.06,1,Apr 07 2024 00: +0,1712444400
7.172,1,Apr 07 2024 01: +0,1712448000
8.11,1,Apr 07 2024 02: +0,1712451600
7.804,1,Apr 07 2024 03: +0,1712455200
7.798,1,Apr 07 2024 04: +0,1712458800
7.389,1,Apr 07 2024 07: +0,1712469600
7.585,2,Apr 07 2024 09: +0,1712476800
8.026,1,Apr 07 2024 10: +0,1712480400
7.615,2,Apr 07 2024 13: +0,1712491200
8.026,3,Apr 07 2024 14: +0,1712494800
7.861,4,Apr 07 2024 15: +0,1712498400
8.053,1,Apr 07 2024 16: +0,1712502000
8.048,4,Apr 07 2024 17: +0,1712505600
8.105,5,Apr 07 2024 18: +0,1712509200
8.11,1,Apr 07 2024 19: +0,1712512800
8.085,2,Apr 07 2024 22: +0,1712523600
8.287,1,Apr 08 2024 00: +0,1712530800
8.134,2,Apr 08 2024 01: +0,1712534400
8.03,2,Apr 08 2024 05: +0,1712548800
6.979,1,Apr 08 2024 06: +0,1712552400
7.887,1,Apr 08 2024 07: +0,1712556000
7.811,1,Apr 08 2024 08: +0,1712559600
8.161,1,Apr 08 2024 09: +0,1712563200
7.29,1,Apr 08 2024 10: +0,1712566800
7.228,1,Apr 08 2024 12: +0,1712574000
7.337,2,Apr 08 2024 13: +0,1712577600
7.203,1,Apr 08 2024 15: +0,1712584800
7.726,3,Apr 08 2024 16: +0,1712588400
7.975,5,Apr 08 2024 18: +0,1712595600
8.055,2,Apr 08 2024 19: +0,1712599200
8.172,1,Apr 08 2024 20: +0,1712602800
8.176,2,Apr 08 2024 21: +0,1712606400
8.187,1,Apr 08 2024 22: +0,1712610000
7.547,2,Apr 09 2024 00: +0,1712617200
8.024,2,Apr 09 2024 01: +0,1712620800
7.67,1,Apr 09 2024 04: +0,1712631600
7.445,2,Apr 09 2024 06: +0,1712638800
7.412,2,Apr 09 2024 09: +0,1712649600
7.18,1,Apr 09 2024 11: +0,1712656800
7.527,2,Apr 09 2024 12: +0,1712660400
7.204,1,Apr 09 2024 13: +0,1712664000
7.031,4,Apr 09 2024 14: +0,1712667600
7.512,3,Apr 09 2024 16: +0,1712674800
7.743,2,Apr 09 2024 17: +0,1712678400
7.813,1,Apr 09 2024 18: +0,1712682000
7.991,1,Apr 09 2024 19: +0,1712685600
7.534,1,Apr 09 2024 22: +0,1712696400
7.992,2,Apr 09 2024 23: +0,1712700000
7.935,2,Apr 10 2024 00: +0,1712703600
8.015,1,Apr 10 2024 01: +0,1712707200
8.08,1,Apr 10 2024 02: +0,1712710800
8.091,1,Apr 10 2024 03: +0,1712714400
7.964,2,Apr 10 2024 04: +0,1712718000
8.088,1,Apr 10 2024 05: +0,1712721600
8.088,1,Apr 10 2024 06: +0,1712725200
8.16,1,Apr 10 2024 07: +0,1712728800
8.163,1,Apr 10 2024 08: +0,1712732400
8.187,1,Apr 10 2024 09: +0,1712736000
7.925,1,Apr 10 2024 10: +0,1712739600
7.556,2,Apr 10 2024 11: +0,1712743200
7.863,3,Apr 10 2024 12: +0,1712746800
7.853,1,Apr 10 2024 14: +0,1712754000
7.457,1,Apr 10 2024 15: +0,1712757600
7.941,2,Apr 10 2024 16: +0,1712761200
7.586,2,Apr 10 2024 17: +0,1712764800
7.425,1,Apr 10 2024 18: +0,1712768400
8.153,1,Apr 10 2024 19: +0,1712772000
7.191,1,Apr 10 2024 20: +0,1712775600
8.111,2,Apr 10 2024 21: +0,1712779200
8.137,2,Apr 10 2024 22: +0,1712782800
7.664,2,Apr 10 2024 23: +0,1712786400
8.154,1,Apr 11 2024 00: +0,1712790000
7.937,1,Apr 11 2024 03: +0,1712800800
7.679,2,Apr 11 2024 06: +0,1712811600
8.052,4,Apr 11 2024 09: +0,1712822400
7.778,1,Apr 11 2024 10: +0,1712826000
7.813,2,Apr 11 2024 11: +0,1712829600
7.654,1,Apr 11 2024 13: +0,1712836800
7.507,2,Apr 11 2024 14: +0,1712840400
7.18,1,Apr 11 2024 15: +0,1712844000
7.654,1,Apr 11 2024 16: +0,1712847600
7.618,1,Apr 11 2024 17: +0,1712851200
7.614,1,Apr 11 2024 18: +0,1712854800
7.268,3,Apr 11 2024 19: +0,1712858400
7.556,4,Apr 11 2024 20: +0,1712862000
7.945,5,Apr 11 2024 21: +0,1712865600
7.993,2,Apr 11 2024 22: +0,1712869200
8.017,1,Apr 11 2024 23: +0,1712872800
8.094,5,Apr 12 2024 00: +0,1712876400
7.764,2,Apr 12 2024 01: +0,1712880000
7.413,1,Apr 12 2024 02: +0,1712883600
7.366,1,Apr 12 2024 03: +0,1712887200
7.927,1,Apr 12 2024 05: +0,1712894400
8.144,1,Apr 12 2024 06: +0,1712898000
7.761,1,Apr 12 2024 07: +0,1712901600
7.23,1,Apr 12 2024 11: +0,1712916000
7.425,2,Apr 12 2024 12: +0,1712919600
8.006,3,Apr 12 2024 13: +0,1712923200
8.028,1,Apr 12 2024 14: +0,1712926800
7.678,1,Apr 12 2024 15: +0,1712930400
8.031,2,Apr 12 2024 16: +0,1712934000
8.183,3,Apr 12 2024 17: +0,1712937600
8.196,1,Apr 12 2024 18: +0,1712941200
7.715,2,Apr 12 2024 19: +0,1712944800
6.899,3,Apr 12 2024 20: +0,1712948400
7.171,4,Apr 12 2024 21: +0,1712952000
8.229,4,Apr 12 2024 22: +0,1712955600
8.21,1,Apr 12 2024 23: +0,1712959200
7.157,2,Apr 13 2024 01: +0,1712966400
8.18,2,Apr 13 2024 02: +0,1712970000
6.289,1,Apr 13 2024 04: +0,1712977200
7.996,1,Apr 13 2024 05: +0,1712980800
8.029,2,Apr 13 2024 06: +0,1712984400
8.165,1,Apr 13 2024 07: +0,1712988000
7.322,1,Apr 13 2024 09: +0,1712995200
8.295,1,Apr 13 2024 10: +0,1712998800
8.304,1,Apr 13 2024 11: +0,1713002400
7.638,1,Apr 13 2024 12: +0,1713006000
7.964,6,Apr 13 2024 15: +0,1713016800
7.915,2,Apr 13 2024 17: +0,1713024000
7.797,4,Apr 13 2024 18: +0,1713027600
7.606,4,Apr 13 2024 20: +0,1713034800
8.136,1,Apr 13 2024 21: +0,1713038400
7.877,1,Apr 13 2024 22: +0,1713042000
7.757,1,Apr 13 2024 23: +0,1713045600
7.928,1,Apr 14 2024 00: +0,1713049200
7.951,1,Apr 14 2024 03: +0,1713060000
7.559,2,Apr 14 2024 04: +0,1713063600
7.549,1,Apr 14 2024 06: +0,1713070800
8.205,1,Apr 14 2024 07: +0,1713074400
7.953,2,Apr 14 2024 08: +0,1713078000
6.417,1,Apr 14 2024 10: +0,1713085200
7.678,2,Apr 14 2024 11: +0,1713088800
7.959,5,Apr 14 2024 12: +0,1713092400
8.065,3,Apr 14 2024 14: +0,1713099600
7.549,1,Apr 14 2024 16: +0,1713106800
7.782,2,Apr 14 2024 17: +0,1713110400
8.055,3,Apr 14 2024 18: +0,1713114000
8.107,1,Apr 14 2024 20: +0,1713121200
7.751,3,Apr 14 2024 21: +0,1713124800
7.999,1,Apr 14 2024 23: +0,1713132000
8.017,1,Apr 15 2024 00: +0,1713135600
8.015,1,Apr 15 2024 02: +0,1713142800
8.067,2,Apr 15 2024 03: +0,1713146400
8.03,1,Apr 15 2024 04: +0,1713150000
8.139,2,Apr 15 2024 06: +0,1713157200
7.57,1,Apr 15 2024 07: +0,1713160800
8.192,1,Apr 15 2024 08: +0,1713164400
8.056,1,Apr 15 2024 10: +0,1713171600
7.549,1,Apr 15 2024 12: +0,1713178800
7.027,1,Apr 15 2024 13: +0,1713182400
7.565,2,Apr 15 2024 14: +0,1713186000
7.509,1,Apr 15 2024 16: +0,1713193200
7.453,2,Apr 15 2024 17: +0,1713196800
7.612,3,Apr 15 2024 18: +0,1713200400
7.612,1,Apr 15 2024 19: +0,1713204000
7.629,4,Apr 15 2024 20: +0,1713207600
8.083,4,Apr 15 2024 21: +0,1713211200
8.093,1,Apr 15 2024 22: +0,1713214800
7.833,1,Apr 15 2024 23: +0,1713218400
8.125,1,Apr 16 2024 00: +0,1713222000
8.055,1,Apr 16 2024 01: +0,1713225600
8.128,1,Apr 16 2024 03: +0,1713232800
7.861,2,Apr 16 2024 04: +0,1713236400
8.159,1,Apr 16 2024 05: +0,1713240000
7.549,1,Apr 16 2024 08: +0,1713250800
7.536,1,Apr 16 2024 09: +0,1713254400
7.721,4,Apr 16 2024 12: +0,1713265200
8.047,1,Apr 16 2024 13: +0,1713268800
8.093,1,Apr 16 2024 14: +0,1713272400
8.109,1,Apr 16 2024 15: +0,1713276000
8.092,1,Apr 16 2024 16: +0,1713279600
7.758,1,Apr 16 2024 17: +0,1713283200
7.646,2,Apr 16 2024 18: +0,1713286800
7.715,2,Apr 16 2024 19: +0,1713290400
7.47,2,Apr 16 2024 21: +0,1713297600
7.798,3,Apr 16 2024 22: +0,1713301200
8.083,1,Apr 16 2024 23: +0,1713304800
8.092,3,Apr 17 2024 00: +0,1713308400
8.093,2,Apr 17 2024 04: +0,1713322800
8.088,1,Apr 17 2024 05: +0,1713326400
7.203,1,Apr 17 2024 06: +0,1713330000
7.861,3,Apr 17 2024 11: +0,1713348000
8.088,2,Apr 17 2024 12: +0,1713351600
7.527,2,Apr 17 2024 16: +0,1713366000
7.717,2,Apr 17 2024 17: +0,1713369600
6.851,1,Apr 17 2024 18: +0,1713373200
7.673,1,Apr 17 2024 19: +0,1713376800
7.39,2,Apr 17 2024 20: +0,1713380400
7.18,1,Apr 17 2024 21: +0,1713384000
7.164,1,Apr 17 2024 22: +0,1713387600
7.183,2,Apr 17 2024 23: +0,1713391200
6.951,2,Apr 18 2024 00: +0,1713394800
7.164,1,Apr 18 2024 01: +0,1713398400
7.251,1,Apr 18 2024 02: +0,1713402000
6.923,1,Apr 18 2024 04: +0,1713409200
7.461,1,Apr 18 2024 05: +0,1713412800
7.461,1,Apr 18 2024 06: +0,1713416400
7.319,2,Apr 18 2024 08: +0,1713423600
7.564,2,Apr 18 2024 09: +0,1713427200
7.498,1,Apr 18 2024 10: +0,1713430800
7.693,2,Apr 18 2024 11: +0,1713434400
8.491,1,Apr 18 2024 13: +0,1713441600
8.013,3,Apr 18 2024 15: +0,1713448800
7.14,3,Apr 18 2024 16: +0,1713452400
6.843,1,Apr 18 2024 17: +0,1713456000
7.8,1,Apr 18 2024 18: +0,1713459600
7.851,1,Apr 18 2024 19: +0,1713463200
7.195,2,Apr 18 2024 20: +0,1713466800
7.039,2,Apr 18 2024 21: +0,1713470400
7.714,2,Apr 18 2024 22: +0,1713474000
7.224,2,Apr 19 2024 00: +0,1713481200
6.674,1,Apr 19 2024 02: +0,1713488400
7.429,1,Apr 19 2024 03: +0,1713492000
8.125,1,Apr 19 2024 04: +0,1713495600
7.697,2,Apr 19 2024 05: +0,1713499200
7.957,1,Apr 19 2024 06: +0,1713502800
7.124,1,Apr 19 2024 10: +0,1713517200
7.572,2,Apr 19 2024 11: +0,1713520800
7.588,2,Apr 19 2024 12: +0,1713524400
7.526,2,Apr 19 2024 14: +0,1713531600
7.58,4,Apr 19 2024 15: +0,1713535200
7.753,1,Apr 19 2024 16: +0,1713538800
7.448,1,Apr 19 2024 17: +0,1713542400
7.681,3,Apr 19 2024 18: +0,1713546000
7.749,2,Apr 19 2024 19: +0,1713549600
7.712,3,Apr 19 2024 20: +0,1713553200
7.793,4,Apr 19 2024 21: +0,1713556800
7.896,4,Apr 19 2024 22: +0,1713560400
8.012,3,Apr 19 2024 23: +0,1713564000
7.673,2,Apr 20 2024 01: +0,1713571200
8.021,2,Apr 20 2024 04: +0,1713582000
7.563,1,Apr 20 2024 06: +0,1713589200
7.22,2,Apr 20 2024 07: +0,1713592800
7.366,2,Apr 20 2024 08: +0,1713596400
7.172,3,Apr 20 2024 09: +0,1713600000
7.569,2,Apr 20 2024 10: +0,1713603600
7.172,1,Apr 20 2024 11: +0,1713607200
7.204,1,Apr 20 2024 12: +0,1713610800
7.249,2,Apr 20 2024 13: +0,1713614400
7.863,2,Apr 20 2024 14: +0,1713618000
7.97,1,Apr 20 2024 15: +0,1713621600
7.754,1,Apr 20 2024 16: +0,1713625200
7.628,1,Apr 20 2024 17: +0,1713628800
6.759,2,Apr 20 2024 18: +0,1713632400
7.429,1,Apr 20 2024 19: +0,1713636000
7.772,4,Apr 20 2024 20: +0,1713639600
6.892,1,Apr 20 2024 21: +0,1713643200
6.465,1,Apr 20 2024 22: +0,1713646800
7.871,3,Apr 20 2024 23: +0,1713650400
7.172,1,Apr 21 2024 00: +0,1713654000
7.653,1,Apr 21 2024 01: +0,1713657600
6.835,1,Apr 21 2024 02: +0,1713661200
7.277,2,Apr 21 2024 08: +0,1713682800
7.866,1,Apr 21 2024 09: +0,1713686400
7.869,2,Apr 21 2024 10: +0,1713690000
7.869,3,Apr 21 2024 11: +0,1713693600
7.786,3,Apr 21 2024 12: +0,1713697200
7.702,1,Apr 21 2024 13: +0,1713700800
7.861,4,Apr 21 2024 14: +0,1713704400
7.876,5,Apr 21 2024 15: +0,1713708000
7.876,1,Apr 21 2024 16: +0,1713711600
7.973,2,Apr 21 2024 17: +0,1713715200
7.536,2,Apr 21 2024 18: +0,1713718800
7.168,1,Apr 21 2024 19: +0,1713722400
7.192,3,Apr 21 2024 20: +0,1713726000
6.989,3,Apr 21 2024 21: +0,1713729600
7.202,3,Apr 21 2024 22: +0,1713733200
7.287,2,Apr 21 2024 23: +0,1713736800
7.447,1,Apr 22 2024 00: +0,1713740400
7.188,1,Apr 22 2024 02: +0,1713747600
7.94,2,Apr 22 2024 04: +0,1713754800
7.877,1,Apr 22 2024 08: +0,1713769200
7.892,2,Apr 22 2024 10: +0,1713776400
7.701,1,Apr 22 2024 12: +0,1713783600
7.471,2,Apr 22 2024 13: +0,1713787200
7.728,2,Apr 22 2024 16: +0,1713798000
7.256,5,Apr 22 2024 17: +0,1713801600
7.049,1,Apr 22 2024 18: +0,1713805200
7.786,2,Apr 22 2024 19: +0,1713808800
7.862,2,Apr 22 2024 20: +0,1713812400
6.426,1,Apr 22 2024 21: +0,1713816000
7.934,2,Apr 22 2024 22: +0,1713819600
7.967,2,Apr 23 2024 00: +0,1713826800
7.977,1,Apr 23 2024 02: +0,1713834000
7.443,2,Apr 23 2024 04: +0,1713841200
6.963,1,Apr 23 2024 07: +0,1713852000
7.041,3,Apr 23 2024 08: +0,1713855600
7.989,3,Apr 23 2024 09: +0,1713859200
7.777,1,Apr 23 2024 11: +0,1713866400
7.853,1,Apr 23 2024 12: +0,1713870000
7.847,3,Apr 23 2024 13: +0,1713873600
6.841,4,Apr 23 2024 14: +0,1713877200
6.882,2,Apr 23 2024 15: +0,1713880800
7.897,1,Apr 23 2024 16: +0,1713884400
7.884,1,Apr 23 2024 17: +0,1713888000
7.33,4,Apr 23 2024 18: +0,1713891600
7.778,2,Apr 23 2024 19: +0,1713895200
8.007,4,Apr 23 2024 20: +0,1713898800
7.958,2,Apr 23 2024 21: +0,1713902400
7.769,2,Apr 23 2024 22: +0,1713906000
7.783,1,Apr 23 2024 23: +0,1713909600
8.02,1,Apr 24 2024 00: +0,1713913200
7.961,1,Apr 24 2024 04: +0,1713927600
7.977,1,Apr 24 2024 05: +0,1713931200
7.979,1,Apr 24 2024 07: +0,1713938400
7.001,2,Apr 24 2024 10: +0,1713949200
7.983,1,Apr 24 2024 11: +0,1713952800
8.009,4,Apr 24 2024 12: +0,1713956400
7.428,2,Apr 24 2024 14: +0,1713963600
7.635,2,Apr 24 2024 15: +0,1713967200
7.532,2,Apr 24 2024 16: +0,1713970800
7.562,3,Apr 24 2024 17: +0,1713974400
7.081,2,Apr 24 2024 18: +0,1713978000
7.447,2,Apr 24 2024 19: +0,1713981600
8.024,3,Apr 24 2024 20: +0,1713985200
7.498,2,Apr 24 2024 21: +0,1713988800
7.729,1,Apr 24 2024 23: +0,1713996000
7.927,1,Apr 25 2024 04: +0,1714014000
7.36,4,Apr 25 2024 06: +0,1714021200
7.179,2,Apr 25 2024 07: +0,1714024800
7.705,1,Apr 25 2024 08: +0,1714028400
6.929,1,Apr 25 2024 12: +0,1714042800
7.151,3,Apr 25 2024 13: +0,1714046400
7.433,3,Apr 25 2024 14: +0,1714050000
7.496,1,Apr 25 2024 15: +0,1714053600
7.542,2,Apr 25 2024 16: +0,1714057200
6.959,1,Apr 25 2024 17: +0,1714060800
6.902,2,Apr 25 2024 18: +0,1714064400
7.361,4,Apr 25 2024 19: +0,1714068000
7.573,3,Apr 25 2024 20: +0,1714071600
7.671,3,Apr 25 2024 21: +0,1714075200
7.296,1,Apr 25 2024 22: +0,1714078800
7.715,1,Apr 25 2024 23: +0,1714082400
6.974,2,Apr 26 2024 00: +0,1714086000
7.687,1,Apr 26 2024 01: +0,1714089600
7.56,1,Apr 26 2024 03: +0,1714096800
7.703,1,Apr 26 2024 05: +0,1714104000
7.708,2,Apr 26 2024 07: +0,1714111200
7.306,2,Apr 26 2024 09: +0,1714118400
7.732,2,Apr 26 2024 10: +0,1714122000
7.196,2,Apr 26 2024 11: +0,1714125600
7.346,4,Apr 26 2024 12: +0,1714129200
7.38,2,Apr 26 2024 13: +0,1714132800
7.252,2,Apr 26 2024 14: +0,1714136400
7.521,2,Apr 26 2024 16: +0,1714143600
7.672,3,Apr 26 2024 17: +0,1714147200
7.511,2,Apr 26 2024 18: +0,1714150800
7.689,3,Apr 26 2024 19: +0,1714154400
7.851,3,Apr 26 2024 20: +0,1714158000
7.701,4,Apr 26 2024 22: +0,1714165200
7.408,2,Apr 26 2024 23: +0,1714168800
7.903,2,Apr 27 2024 00: +0,1714172400
7.787,1,Apr 27 2024 02: +0,1714179600
8.015,1,Apr 27 2024 03: +0,1714183200
7.184,2,Apr 27 2024 04: +0,1714186800
7.639,1,Apr 27 2024 07: +0,1714197600
7.695,1,Apr 27 2024 09: +0,1714204800
6.977,1,Apr 27 2024 10: +0,1714208400
6.98,2,Apr 27 2024 11: +0,1714212000
6.945,1,Apr 27 2024 12: +0,1714215600
7.042,2,Apr 27 2024 13: +0,1714219200
6.921,3,Apr 27 2024 14: +0,1714222800
7.708,3,Apr 27 2024 15: +0,1714226400
7.577,2,Apr 27 2024 16: +0,1714230000
7.341,2,Apr 27 2024 17: +0,1714233600
7.332,1,Apr 27 2024 18: +0,1714237200
7.535,4,Apr 27 2024 20: +0,1714244400
7.186,2,Apr 27 2024 21: +0,1714248000
7.588,1,Apr 27 2024 23: +0,1714255200
7.246,1,Apr 28 2024 00: +0,1714258800
7.331,2,Apr 28 2024 01: +0,1714262400
7.56,1,Apr 28 2024 02: +0,1714266000
7.593,1,Apr 28 2024 03: +0,1714269600
6.849,1,Apr 28 2024 04: +0,1714273200
7.593,1,Apr 28 2024 06: +0,1714280400
7.239,2,Apr 28 2024 07: +0,1714284000
6.881,1,Apr 28 2024 08: +0,1714287600
7.255,2,Apr 28 2024 09: +0,1714291200
7.235,2,Apr 28 2024 11: +0,1714298400
7.599,3,Apr 28 2024 13: +0,1714305600
7.259,2,Apr 28 2024 14: +0,1714309200
6.865,1,Apr 28 2024 15: +0,1714312800
7.629,2,Apr 28 2024 16: +0,1714316400
7.698,6,Apr 28 2024 17: +0,1714320000
7.582,3,Apr 28 2024 18: +0,1714323600
7.321,2,Apr 28 2024 19: +0,1714327200
7.272,3,Apr 28 2024 20: +0,1714330800
7.605,1,Apr 28 2024 21: +0,1714334400
7.694,1,Apr 28 2024 22: +0,1714338000
7.384,1,Apr 29 2024 00: +0,1714345200
7.775,1,Apr 29 2024 01: +0,1714348800
7.802,3,Apr 29 2024 02: +0,1714352400
7.807,1,Apr 29 2024 04: +0,1714359600
6.761,1,Apr 29 2024 06: +0,1714366800
7.812,1,Apr 29 2024 07: +0,1714370400
7.188,1,Apr 29 2024 10: +0,1714381200
5.896,1,Apr 29 2024 11: +0,1714384800
7.066,2,Apr 29 2024 12: +0,1714388400
7.106,2,Apr 29 2024 13: +0,1714392000
7.26,1,Apr 29 2024 14: +0,1714395600
7.257,1,Apr 29 2024 15: +0,1714399200
7.11,3,Apr 29 2024 17: +0,1714406400
7.264,3,Apr 29 2024 18: +0,1714410000
7.686,2,Apr 29 2024 19: +0,1714413600
7.434,1,Apr 29 2024 20: +0,1714417200
7.505,2,Apr 29 2024 21: +0,1714420800
7.797,3,Apr 29 2024 22: +0,1714424400
7.857,1,Apr 29 2024 23: +0,1714428000
7.188,1,Apr 30 2024 02: +0,1714438800
7.589,2,Apr 30 2024 04: +0,1714446000
6.953,1,Apr 30 2024 11: +0,1714471200
7.274,2,Apr 30 2024 12: +0,1714474800
7.442,4,Apr 30 2024 13: +0,1714478400
7.643,2,Apr 30 2024 14: +0,1714482000
7.712,1,Apr 30 2024 15: +0,1714485600
7.703,3,Apr 30 2024 18: +0,1714496400
7.336,2,Apr 30 2024 19: +0,1714500000
7.368,2,Apr 30 2024 20: +0,1714503600
7.552,4,Apr 30 2024 22: +0,1714510800
6.881,1,Apr 30 2024 23: +0,1714514400
7.773,1,May 01 2024 00: +0,1714518000
7.049,1,May 01 2024 02: +0,1714525200
7.441,2,May 01 2024 03: +0,1714528800
7.455,2,May 01 2024 04: +0,1714532400
7.496,1,May 01 2024 06: +0,1714539600
7.389,2,May 01 2024 07: +0,1714543200
7.826,1,May 01 2024 08: +0,1714546800
6.821,1,May 01 2024 09: +0,1714550400
7.349,2,May 01 2024 11: +0,1714557600
7.787,3,May 01 2024 12: +0,1714561200
6.842,2,May 01 2024 14: +0,1714568400
7.695,1,May 01 2024 15: +0,1714572000
7.48,1,May 01 2024 16: +0,1714575600
7.342,6,May 01 2024 17: +0,1714579200
7.446,3,May 01 2024 19: +0,1714586400
6.991,3,May 01 2024 20: +0,1714590000
7.944,1,May 01 2024 21: +0,1714593600
6.983,2,May 01 2024 22: +0,1714597200
7.239,1,May 01 2024 23: +0,1714600800
7.06,2,May 02 2024 03: +0,1714615200
7.167,1,May 02 2024 04: +0,1714618800
7.121,1,May 02 2024 06: +0,1714626000
7.327,2,May 02 2024 07: +0,1714629600
7.461,2,May 02 2024 09: +0,1714636800
7.378,4,May 02 2024 10: +0,1714640400
7.667,1,May 02 2024 12: +0,1714647600
7.837,1,May 02 2024 13: +0,1714651200
7.455,2,May 02 2024 14: +0,1714654800
7.478,4,May 02 2024 15: +0,1714658400
7.667,1,May 02 2024 17: +0,1714665600
7.772,2,May 02 2024 18: +0,1714669200
7.895,2,May 02 2024 19: +0,1714672800
7.889,4,May 02 2024 20: +0,1714676400
7.909,4,May 02 2024 21: +0,1714680000
7.944,3,May 02 2024 22: +0,1714683600
7.952,1,May 02 2024 23: +0,1714687200
7.119,1,May 03 2024 01: +0,1714694400
6.831,1,May 03 2024 02: +0,1714698000
7.789,2,May 03 2024 03: +0,1714701600
7.381,1,May 03 2024 08: +0,1714719600
7.756,1,May 03 2024 11: +0,1714730400
7.475,1,May 03 2024 12: +0,1714734000
7.776,1,May 03 2024 13: +0,1714737600
7.944,1,May 03 2024 15: +0,1714744800
7.62,1,May 03 2024 16: +0,1714748400
7.352,3,May 03 2024 17: +0,1714752000
7.324,2,May 03 2024 18: +0,1714755600
7.622,3,May 03 2024 19: +0,1714759200
7.882,2,May 03 2024 21: +0,1714766400
7.464,2,May 03 2024 22: +0,1714770000
8.024,2,May 03 2024 23: +0,1714773600
7.959,3,May 04 2024 00: +0,1714777200
7.278,1,May 04 2024 03: +0,1714788000
7.864,2,May 04 2024 04: +0,1714791600
7.775,1,May 04 2024 05: +0,1714795200
7.984,2,May 04 2024 06: +0,1714798800
8.07,2,May 04 2024 08: +0,1714806000
7.976,2,May 04 2024 10: +0,1714813200
7.532,2,May 04 2024 13: +0,1714824000
7.208,1,May 04 2024 14: +0,1714827600
7.401,2,May 04 2024 15: +0,1714831200
7.533,2,May 04 2024 16: +0,1714834800
7.749,1,May 04 2024 17: +0,1714838400
8.076,1,May 04 2024 18: +0,1714842000
8.145,5,May 04 2024 19: +0,1714845600
7.712,4,May 04 2024 20: +0,1714849200
7.914,2,May 04 2024 21: +0,1714852800
8.128,3,May 04 2024 22: +0,1714856400
8.101,1,May 04 2024 23: +0,1714860000
8.134,2,May 05 2024 00: +0,1714863600
7.304,1,May 05 2024 01: +0,1714867200
7.873,1,May 05 2024 04: +0,1714878000
7.873,1,May 05 2024 06: +0,1714885200
7.878,1,May 05 2024 08: +0,1714892400
7.956,1,May 05 2024 09: +0,1714896000
7.999,3,May 05 2024 10: +0,1714899600
8.515,1,May 05 2024 11: +0,1714903200
8.009,2,May 05 2024 12: +0,1714906800
7.328,1,May 05 2024 13: +0,1714910400
7.336,3,May 05 2024 14: +0,1714914000
7.336,1,May 05 2024 15: +0,1714917600
7.603,5,May 05 2024 17: +0,1714924800
7.248,1,May 05 2024 18: +0,1714928400
8.129,5,May 05 2024 19: +0,1714932000
8.18,1,May 05 2024 20: +0,1714935600
8.257,4,May 05 2024 21: +0,1714939200
8.257,1,May 05 2024 22: +0,1714942800
5.609,1,May 06 2024 00: +0,1714950000
8.168,1,May 06 2024 02: +0,1714957200
8.073,1,May 06 2024 04: +0,1714964400
7.648,2,May 06 2024 08: +0,1714978800
8.145,3,May 06 2024 10: +0,1714986000
8.365,2,May 06 2024 11: +0,1714989600
8.145,1,May 06 2024 12: +0,1714993200
8.074,4,May 06 2024 13: +0,1714996800
7.844,3,May 06 2024 16: +0,1715007600
7.814,2,May 06 2024 17: +0,1715011200
7.749,1,May 06 2024 18: +0,1715014800
7.993,4,May 06 2024 19: +0,1715018400
7.892,2,May 06 2024 20: +0,1715022000
7.728,1,May 06 2024 21: +0,1715025600
7.483,2,May 06 2024 22: +0,1715029200
7.881,2,May 07 2024 00: +0,1715036400
7.44,1,May 07 2024 02: +0,1715043600
7.994,2,May 07 2024 03: +0,1715047200
8.131,1,May 07 2024 04: +0,1715050800
8.198,1,May 07 2024 06: +0,1715058000
8.028,2,May 07 2024 08: +0,1715065200
8.192,1,May 07 2024 10: +0,1715072400
7.248,2,May 07 2024 13: +0,1715083200
7.74,2,May 07 2024 14: +0,1715086800
7.762,1,May 07 2024 15: +0,1715090400
7.838,2,May 07 2024 16: +0,1715094000
7.557,2,May 07 2024 17: +0,1715097600
7.713,2,May 07 2024 18: +0,1715101200
7.6,1,May 07 2024 19: +0,1715104800
7.808,2,May 07 2024 21: +0,1715112000
7.825,1,May 07 2024 22: +0,1715115600
7.812,1,May 07 2024 23: +0,1715119200
7.898,1,May 08 2024 00: +0,1715122800
7.208,3,May 08 2024 03: +0,1715133600
7.256,1,May 08 2024 04: +0,1715137200
7.396,2,May 08 2024 06: +0,1715144400
7.398,2,May 08 2024 11: +0,1715162400
7.743,1,May 08 2024 13: +0,1715169600
17.005,2,May 08 2024 14: +0,1715173200
7.812,2,May 08 2024 16: +0,1715180400
7.858,2,May 08 2024 17: +0,1715184000
7.86,3,May 08 2024 19: +0,1715191200
7.527,4,May 08 2024 20: +0,1715194800
7.799,2,May 08 2024 21: +0,1715198400
7.256,1,May 08 2024 22: +0,1715202000
7.816,2,May 08 2024 23: +0,1715205600
7.893,1,May 09 2024 00: +0,1715209200
7.576,1,May 09 2024 01: +0,1715212800
7.929,1,May 09 2024 02: +0,1715216400
7.612,2,May 09 2024 04: +0,1715223600
7.962,1,May 09 2024 05: +0,1715227200
8.094,1,May 09 2024 06: +0,1715230800
7.605,2,May 09 2024 09: +0,1715241600
8.087,1,May 09 2024 10: +0,1715245200
8.095,2,May 09 2024 11: +0,1715248800
8.083,1,May 09 2024 12: +0,1715252400
8.087,3,May 09 2024 13: +0,1715256000
8.125,2,May 09 2024 15: +0,1715263200
8.031,6,May 09 2024 16: +0,1715266800
7.828,3,May 09 2024 18: +0,1715274000
7.831,1,May 09 2024 20: +0,1715281200
7.653,1,May 09 2024 22: +0,1715288400
7.746,2,May 09 2024 23: +0,1715292000
7.924,2,May 10 2024 01: +0,1715299200
7.318,1,May 10 2024 02: +0,1715302800
7.112,1,May 10 2024 05: +0,1715313600
7.265,1,May 10 2024 06: +0,1715317200
7.751,2,May 10 2024 07: +0,1715320800
6.473,2,May 10 2024 12: +0,1715338800
7.933,3,May 10 2024 13: +0,1715342400
8.012,2,May 10 2024 14: +0,1715346000
8.053,3,May 10 2024 15: +0,1715349600
7.33,1,May 10 2024 16: +0,1715353200
7.738,3,May 10 2024 17: +0,1715356800
7.993,2,May 10 2024 18: +0,1715360400
7.814,2,May 10 2024 19: +0,1715364000
7.53,2,May 10 2024 20: +0,1715367600
7.816,2,May 10 2024 21: +0,1715371200
7.884,1,May 11 2024 00: +0,1715382000
7.887,1,May 11 2024 02: +0,1715389200
5.471,1,May 11 2024 05: +0,1715400000
7.476,1,May 11 2024 07: +0,1715407200
7.62,2,May 11 2024 08: +0,1715410800
7.632,1,May 11 2024 09: +0,1715414400
7.633,3,May 11 2024 10: +0,1715418000
7.834,1,May 11 2024 11: +0,1715421600
6.82,1,May 11 2024 12: +0,1715425200
7.886,4,May 11 2024 13: +0,1715428800
7.923,1,May 11 2024 14: +0,1715432400
7.191,1,May 11 2024 15: +0,1715436000
7.537,3,May 11 2024 16: +0,1715439600
8.179,5,May 11 2024 17: +0,1715443200
7.956,4,May 11 2024 18: +0,1715446800
7.286,5,May 11 2024 19: +0,1715450400
8.161,3,May 11 2024 20: +0,1715454000
8.024,2,May 11 2024 21: +0,1715457600
7.554,4,May 11 2024 22: +0,1715461200
8.17,3,May 11 2024 23: +0,1715464800
8.013,1,May 12 2024 02: +0,1715475600
7.651,2,May 12 2024 03: +0,1715479200
8.194,1,May 12 2024 05: +0,1715486400
8.313,3,May 12 2024 06: +0,1715490000
8.316,2,May 12 2024 08: +0,1715497200
7.278,1,May 12 2024 09: +0,1715500800
7.27,1,May 12 2024 11: +0,1715508000
7.752,3,May 12 2024 12: +0,1715511600
7.923,4,May 12 2024 13: +0,1715515200
8.178,3,May 12 2024 15: +0,1715522400
7.554,2,May 12 2024 16: +0,1715526000
7.1,2,May 12 2024 17: +0,1715529600
8.068,3,May 12 2024 18: +0,1715533200
8.274,1,May 12 2024 19: +0,1715536800
7.991,3,May 12 2024 20: +0,1715540400
8.089,5,May 12 2024 21: +0,1715544000
7.278,1,May 12 2024 23: +0,1715551200
7.586,3,May 13 2024 00: +0,1715554800
7.215,1,May 13 2024 02: +0,1715562000
7.405,1,May 13 2024 07: +0,1715580000
7.278,1,May 13 2024 11: +0,1715594400
8.129,1,May 13 2024 12: +0,1715598000
7.223,1,May 13 2024 13: +0,1715601600
8.136,1,May 13 2024 14: +0,1715605200
7.664,2,May 13 2024 16: +0,1715612400
8.182,4,May 13 2024 17: +0,1715616000
8.044,2,May 13 2024 18: +0,1715619600
8.277,3,May 13 2024 19: +0,1715623200
7.906,3,May 13 2024 20: +0,1715626800
8.048,1,May 13 2024 21: +0,1715630400
8.148,2,May 13 2024 22: +0,1715634000
8.212,2,May 14 2024 00: +0,1715641200
8.179,1,May 14 2024 01: +0,1715644800
8.291,1,May 14 2024 03: +0,1715652000
8.287,2,May 14 2024 05: +0,1715659200
8.286,2,May 14 2024 07: +0,1715666400
7.397,1,May 14 2024 09: +0,1715673600
7.768,2,May 14 2024 10: +0,1715677200
7.838,1,May 14 2024 12: +0,1715684400
8.183,1,May 14 2024 13: +0,1715688000
8.182,2,May 14 2024 14: +0,1715691600
7.958,2,May 14 2024 15: +0,1715695200
8.213,2,May 14 2024 17: +0,1715702400
8.199,3,May 14 2024 18: +0,1715706000
8.269,3,May 14 2024 19: +0,1715709600
8.276,3,May 14 2024 20: +0,1715713200
8.306,1,May 14 2024 22: +0,1715720400
7.541,1,May 14 2024 23: +0,1715724000
8.456,2,May 15 2024 00: +0,1715727600
7.641,1,May 15 2024 02: +0,1715734800
8.233,1,May 15 2024 06: +0,1715749200
8.046,1,May 15 2024 10: +0,1715763600
8.192,2,May 15 2024 11: +0,1715767200
8.261,2,May 15 2024 12: +0,1715770800
8.195,2,May 15 2024 15: +0,1715781600
7.827,2,May 15 2024 16: +0,1715785200
7.441,1,May 15 2024 17: +0,1715788800
8.274,5,May 15 2024 18: +0,1715792400
8.09,2,May 15 2024 19: +0,1715796000
8.321,1,May 15 2024 20: +0,1715799600
6.021,1,May 15 2024 21: +0,1715803200
7.914,1,May 15 2024 22: +0,1715806800
7.618,2,May 15 2024 23: +0,1715810400
8.372,2,May 16 2024 00: +0,1715814000
8.237,2,May 16 2024 01: +0,1715817600
8.195,1,May 16 2024 04: +0,1715828400
7.737,1,May 16 2024 05: +0,1715832000
8.393,1,May 16 2024 07: +0,1715839200
8.361,1,May 16 2024 10: +0,1715850000
7.941,2,May 16 2024 12: +0,1715857200
7.633,1,May 16 2024 13: +0,1715860800
8.055,2,May 16 2024 15: +0,1715868000
8.072,2,May 16 2024 16: +0,1715871600
8.19,4,May 16 2024 17: +0,1715875200
8.233,1,May 16 2024 18: +0,1715878800
8.231,2,May 16 2024 19: +0,1715882400
8.192,2,May 16 2024 20: +0,1715886000
8.155,3,May 16 2024 21: +0,1715889600
7.836,1,May 16 2024 23: +0,1715896800
8.206,3,May 17 2024 00: +0,1715900400
8.06,2,May 17 2024 01: +0,1715904000
8.197,1,May 17 2024 02: +0,1715907600
7.752,3,May 17 2024 05: +0,1715918400
8.306,2,May 17 2024 06: +0,1715922000
8.334,1,May 17 2024 07: +0,1715925600
8.073,2,May 17 2024 09: +0,1715932800
8.566,1,May 17 2024 10: +0,1715936400
7.777,1,May 17 2024 11: +0,1715940000
7.286,1,May 17 2024 12: +0,1715943600
7.803,1,May 17 2024 13: +0,1715947200
7.507,2,May 17 2024 15: +0,1715954400
7.696,2,May 17 2024 16: +0,1715958000
7.802,1,May 17 2024 17: +0,1715961600
8.167,2,May 17 2024 18: +0,1715965200
8.18,1,May 17 2024 19: +0,1715968800
8.188,4,May 17 2024 20: +0,1715972400
8.336,3,May 17 2024 21: +0,1715976000
8.346,1,May 17 2024 22: +0,1715979600
8.328,4,May 17 2024 23: +0,1715983200
8.568,1,May 18 2024 01: +0,1715990400
8.31,1,May 18 2024 02: +0,1715994000
6.716,1,May 18 2024 04: +0,1716001200
7.966,1,May 18 2024 06: +0,1716008400
8.058,1,May 18 2024 07: +0,1716012000
7.112,1,May 18 2024 10: +0,1716022800
8.139,1,May 18 2024 11: +0,1716026400
8.021,1,May 18 2024 13: +0,1716033600
7.068,1,May 18 2024 14: +0,1716037200
7.692,2,May 18 2024 15: +0,1716040800
7.744,2,May 18 2024 16: +0,1716044400
8.181,2,May 18 2024 18: +0,1716051600
8.115,1,May 18 2024 19: +0,1716055200
8.12,2,May 18 2024 20: +0,1716058800
8.146,1,May 18 2024 21: +0,1716062400
8.256,1,May 18 2024 22: +0,1716066000
8.045,1,May 18 2024 23: +0,1716069600
7.926,1,May 19 2024 00: +0,1716073200
8.264,1,May 19 2024 06: +0,1716094800
8.263,3,May 19 2024 10: +0,1716109200
8.325,5,May 19 2024 11: +0,1716112800
7.684,1,May 19 2024 13: +0,1716120000
7.902,3,May 19 2024 14: +0,1716123600
7.934,1,May 19 2024 15: +0,1716127200
8.153,4,May 19 2024 17: +0,1716134400
8.318,3,May 19 2024 18: +0,1716138000
8.311,3,May 19 2024 19: +0,1716141600
8.259,3,May 19 2024 20: +0,1716145200
8.269,1,May 19 2024 22: +0,1716152400
8.165,2,May 20 2024 00: +0,1716159600
8.367,1,May 20 2024 01: +0,1716163200
8.189,2,May 20 2024 04: +0,1716174000
7.43,1,May 20 2024 06: +0,1716181200
7.493,1,May 20 2024 09: +0,1716192000
7.863,2,May 20 2024 10: +0,1716195600
8.26,1,May 20 2024 11: +0,1716199200
8.192,1,May 20 2024 12: +0,1716202800
8.252,1,May 20 2024 13: +0,1716206400
7.839,1,May 20 2024 18: +0,1716224400
7.847,1,May 20 2024 19: +0,1716228000
7.535,3,May 20 2024 20: +0,1716231600
7.882,1,May 20 2024 21: +0,1716235200
7.875,1,May 20 2024 22: +0,1716238800
7.566,1,May 20 2024 23: +0,1716242400
7.88,2,May 21 2024 00: +0,1716246000
7.942,1,May 21 2024 01: +0,1716249600
8.203,1,May 21 2024 04: +0,1716260400
8.282,2,May 21 2024 07: +0,1716271200
8.01,1,May 21 2024 09: +0,1716278400
8.17,1,May 21 2024 10: +0,1716282000
7.776,2,May 21 2024 11: +0,1716285600
7.839,3,May 21 2024 12: +0,1716289200
8.219,1,May 21 2024 13: +0,1716292800
8.233,1,May 21 2024 15: +0,1716300000
7.699,2,May 21 2024 16: +0,1716303600
8.154,1,May 21 2024 18: +0,1716310800
7.743,2,May 21 2024 19: +0,1716314400
8.19,2,May 21 2024 20: +0,1716318000
8.249,1,May 21 2024 21: +0,1716321600
8.264,1,May 21 2024 23: +0,1716328800
8.264,1,May 22 2024 00: +0,1716332400
8.272,1,May 22 2024 02: +0,1716339600
7.799,2,May 22 2024 04: +0,1716346800
7.084,1,May 22 2024 05: +0,1716350400
8.274,1,May 22 2024 06: +0,1716354000
7.962,2,May 22 2024 09: +0,1716364800
8.033,1,May 22 2024 11: +0,1716372000
8.015,2,May 22 2024 12: +0,1716375600
8.031,2,May 22 2024 13: +0,1716379200
8.13,3,May 22 2024 15: +0,1716386400
7.775,2,May 22 2024 16: +0,1716390000
8.267,1,May 22 2024 17: +0,1716393600
8.264,3,May 22 2024 18: +0,1716397200
8.193,2,May 22 2024 19: +0,1716400800
7.477,1,May 22 2024 20: +0,1716404400
7.623,1,May 22 2024 22: +0,1716411600
7.162,1,May 22 2024 23: +0,1716415200
7.814,2,May 23 2024 00: +0,1716418800
7.568,2,May 23 2024 03: +0,1716429600
8.054,1,May 23 2024 04: +0,1716433200
7.926,1,May 23 2024 05: +0,1716436800
7.43,2,May 23 2024 07: +0,1716444000
7.536,2,May 23 2024 09: +0,1716451200
7.627,1,May 23 2024 10: +0,1716454800
7.812,2,May 23 2024 11: +0,1716458400
7.641,1,May 23 2024 13: +0,1716465600
7.64,2,May 23 2024 14: +0,1716469200
7.643,1,May 23 2024 16: +0,1716476400
7.666,2,May 23 2024 17: +0,1716480000
7.699,3,May 23 2024 18: +0,1716483600
7.583,2,May 23 2024 19: +0,1716487200
8.041,4,May 23 2024 20: +0,1716490800
8.154,2,May 23 2024 21: +0,1716494400
8.157,1,May 23 2024 22: +0,1716498000
8.159,3,May 23 2024 23: +0,1716501600
8.287,3,May 24 2024 00: +0,1716505200
7.8,1,May 24 2024 01: +0,1716508800
6.826,1,May 24 2024 05: +0,1716523200
7.799,1,May 24 2024 07: +0,1716530400
7.58,1,May 24 2024 08: +0,1716534000
7.308,1,May 24 2024 09: +0,1716537600
7.777,2,May 24 2024 10: +0,1716541200
7.475,1,May 24 2024 11: +0,1716544800
7.187,1,May 24 2024 12: +0,1716548400
7.834,4,May 24 2024 13: +0,1716552000
8.083,2,May 24 2024 14: +0,1716555600
8.305,3,May 24 2024 15: +0,1716559200
8.334,2,May 24 2024 16: +0,1716562800
7.903,2,May 24 2024 17: +0,1716566400
7.899,2,May 24 2024 19: +0,1716573600
8.35,3,May 24 2024 20: +0,1716577200
8.492,1,May 24 2024 21: +0,1716580800
8.025,2,May 24 2024 22: +0,1716584400
8.083,1,May 24 2024 23: +0,1716588000
8.09,3,May 25 2024 00: +0,1716591600
8.34,2,May 25 2024 03: +0,1716602400
14.099,1,May 25 2024 05: +0,1716609600
8.017,2,May 25 2024 06: +0,1716613200
8.192,3,May 25 2024 07: +0,1716616800
8.471,1,May 25 2024 08: +0,1716620400
7.838,2,May 25 2024 10: +0,1716627600
8.393,1,May 25 2024 12: +0,1716634800
7.78,2,May 25 2024 13: +0,1716638400
8.126,1,May 25 2024 14: +0,1716642000
8.073,1,May 25 2024 15: +0,1716645600
7.328,1,May 25 2024 16: +0,1716649200
7.301,2,May 25 2024 17: +0,1716652800
7.871,2,May 25 2024 18: +0,1716656400
7.541,2,May 25 2024 19: +0,1716660000
8.035,5,May 25 2024 20: +0,1716663600
8.075,3,May 25 2024 21: +0,1716667200
8.318,1,May 25 2024 22: +0,1716670800
8.273,2,May 25 2024 23: +0,1716674400
7.564,1,May 26 2024 00: +0,1716678000
8.287,2,May 26 2024 03: +0,1716688800
7.913,2,May 26 2024 08: +0,1716706800
7.913,1,May 26 2024 10: +0,1716714000
7.835,1,May 26 2024 12: +0,1716721200
7.853,1,May 26 2024 13: +0,1716724800
7.883,4,May 26 2024 14: +0,1716728400
7.608,1,May 26 2024 15: +0,1716732000
7.483,3,May 26 2024 17: +0,1716739200
7.853,1,May 26 2024 18: +0,1716742800
7.598,3,May 26 2024 19: +0,1716746400
7.91,1,May 26 2024 20: +0,1716750000
7.693,2,May 26 2024 21: +0,1716753600
7.91,3,May 26 2024 22: +0,1716757200
7.913,1,May 26 2024 23: +0,1716760800
8.11,2,May 27 2024 00: +0,1716764400
7.022,1,May 27 2024 02: +0,1716771600
8.323,1,May 27 2024 06: +0,1716786000
7.955,2,May 27 2024 11: +0,1716804000
8.046,2,May 27 2024 12: +0,1716807600
7.226,1,May 27 2024 13: +0,1716811200
8.078,2,May 27 2024 15: +0,1716818400
7.819,2,May 27 2024 17: +0,1716825600
8.116,2,May 27 2024 18: +0,1716829200
8.262,1,May 27 2024 19: +0,1716832800
8.326,3,May 27 2024 20: +0,1716836400
8.339,3,May 27 2024 21: +0,1716840000
8.295,1,May 27 2024 23: +0,1716847200
8.727,1,May 28 2024 00: +0,1716850800
8.051,1,May 28 2024 01: +0,1716854400
8.381,1,May 28 2024 02: +0,1716858000
7.965,2,May 28 2024 03: +0,1716861600
8.42,1,May 28 2024 04: +0,1716865200
8.42,1,May 28 2024 05: +0,1716868800
8.42,1,May 28 2024 06: +0,1716872400
7.409,2,May 28 2024 09: +0,1716883200
8.424,2,May 28 2024 10: +0,1716886800
7.346,1,May 28 2024 11: +0,1716890400
8.428,1,May 28 2024 12: +0,1716894000
7.712,1,May 28 2024 13: +0,1716897600
7.724,1,May 28 2024 14: +0,1716901200
7.721,4,May 28 2024 16: +0,1716908400
8.391,1,May 28 2024 18: +0,1716915600
8.27,4,May 28 2024 19: +0,1716919200
7.552,1,May 28 2024 20: +0,1716922800
8.393,1,May 28 2024 21: +0,1716926400
8.416,2,May 28 2024 22: +0,1716930000
8.383,3,May 28 2024 23: +0,1716933600
8.444,4,May 29 2024 00: +0,1716937200
8.444,3,May 29 2024 04: +0,1716951600
8.341,1,May 29 2024 06: +0,1716958800
8.451,2,May 29 2024 08: +0,1716966000
7.993,1,May 29 2024 09: +0,1716969600
8.039,1,May 29 2024 10: +0,1716973200
8.256,1,May 29 2024 11: +0,1716976800
7.266,1,May 29 2024 12: +0,1716980400
8.093,1,May 29 2024 15: +0,1716991200
7.614,2,May 29 2024 16: +0,1716994800
7.588,2,May 29 2024 17: +0,1716998400
7.917,1,May 29 2024 18: +0,1717002000
7.272,1,May 29 2024 19: +0,1717005600
7.865,1,May 29 2024 21: +0,1717012800
7.769,1,May 30 2024 00: +0,1717023600
7.871,1,May 30 2024 01: +0,1717027200
7.226,3,May 30 2024 02: +0,1717030800
7.093,1,May 30 2024 03: +0,1717034400
7.66,2,May 30 2024 04: +0,1717038000
7.922,1,May 30 2024 05: +0,1717041600
7.581,1,May 30 2024 07: +0,1717048800
7.406,2,May 30 2024 10: +0,1717059600
7.964,1,May 30 2024 11: +0,1717063200
8.254,3,May 30 2024 12: +0,1717066800
7.431,2,May 30 2024 14: +0,1717074000
8.301,1,May 30 2024 15: +0,1717077600
8.27,4,May 30 2024 16: +0,1717081200
8.153,2,May 30 2024 18: +0,1717088400
7.828,2,May 30 2024 19: +0,1717092000
7.527,2,May 30 2024 21: +0,1717099200
7.874,1,May 30 2024 23: +0,1717106400
7.879,2,May 31 2024 00: +0,1717110000
7.872,1,May 31 2024 01: +0,1717113600
7.746,2,May 31 2024 02: +0,1717117200
7.892,1,May 31 2024 04: +0,1717124400
7.643,1,May 31 2024 07: +0,1717135200
7.928,1,May 31 2024 08: +0,1717138800
7.726,1,May 31 2024 12: +0,1717153200
7.86,1,May 31 2024 13: +0,1717156800
8.314,2,May 31 2024 14: +0,1717160400
8.125,1,May 31 2024 16: +0,1717167600
7.144,5,May 31 2024 17: +0,1717171200
8.438,4,May 31 2024 18: +0,1717174800
8.49,3,May 31 2024 20: +0,1717182000
7.129,1,May 31 2024 21: +0,1717185600
8.397,2,May 31 2024 23: +0,1717192800
8.474,1,Jun 01 2024 00: +0,1717196400
13.544,2,Jun 01 2024 01: +0,1717200000
8.356,1,Jun 01 2024 05: +0,1717214400
23.81,1,Jun 01 2024 07: +0,1717221600
8.117,1,Jun 01 2024 08: +0,1717225200
7.976,1,Jun 01 2024 09: +0,1717228800
8.101,1,Jun 01 2024 12: +0,1717239600
7.058,1,Jun 01 2024 13: +0,1717243200
7.769,3,Jun 01 2024 15: +0,1717250400
7.629,2,Jun 01 2024 16: +0,1717254000
7.477,6,Jun 01 2024 17: +0,1717257600
7.678,5,Jun 01 2024 18: +0,1717261200
7.875,2,Jun 01 2024 20: +0,1717268400
7.927,1,Jun 01 2024 21: +0,1717272000
8.12,4,Jun 01 2024 22: +0,1717275600
8.392,3,Jun 01 2024 23: +0,1717279200
7.663,2,Jun 02 2024 01: +0,1717286400
8.391,1,Jun 02 2024 02: +0,1717290000
7.882,2,Jun 02 2024 04: +0,1717297200
7.463,1,Jun 02 2024 08: +0,1717311600
7.45,1,Jun 02 2024 10: +0,1717318800
7.466,1,Jun 02 2024 13: +0,1717329600
7.854,1,Jun 02 2024 14: +0,1717333200
7.601,2,Jun 02 2024 15: +0,1717336800
7.858,1,Jun 02 2024 16: +0,1717340400
7.877,2,Jun 02 2024 17: +0,1717344000
7.862,4,Jun 02 2024 18: +0,1717347600
7.93,1,Jun 02 2024 19: +0,1717351200
7.96,4,Jun 02 2024 20: +0,1717354800
7.971,2,Jun 02 2024 21: +0,1717358400
8.501,1,Jun 02 2024 22: +0,1717362000
7.557,1,Jun 03 2024 02: +0,1717376400
7.563,2,Jun 03 2024 05: +0,1717387200
7.837,1,Jun 03 2024 06: +0,1717390800
7.552,1,Jun 03 2024 09: +0,1717401600
7.817,2,Jun 03 2024 10: +0,1717405200
7.837,1,Jun 03 2024 12: +0,1717412400
7.611,4,Jun 03 2024 13: +0,1717416000
7.544,4,Jun 03 2024 14: +0,1717419600
7.303,2,Jun 03 2024 16: +0,1717426800
7.837,3,Jun 03 2024 17: +0,1717430400
7.648,2,Jun 03 2024 18: +0,1717434000
7.841,4,Jun 03 2024 19: +0,1717437600
8.562,5,Jun 03 2024 20: +0,1717441200
8.612,3,Jun 03 2024 21: +0,1717444800
8.423,1,Jun 03 2024 23: +0,1717452000
8.461,2,Jun 04 2024 00: +0,1717455600
8.517,2,Jun 04 2024 01: +0,1717459200
7.625,1,Jun 04 2024 02: +0,1717462800
8.0,2,Jun 04 2024 04: +0,1717470000
8.029,1,Jun 04 2024 07: +0,1717480800
8.432,1,Jun 04 2024 12: +0,1717498800
8.428,1,Jun 04 2024 14: +0,1717506000
8.397,1,Jun 04 2024 15: +0,1717509600
7.53,1,Jun 04 2024 16: +0,1717513200
7.472,1,Jun 04 2024 17: +0,1717516800
8.11,2,Jun 04 2024 18: +0,1717520400
8.106,1,Jun 04 2024 19: +0,1717524000
8.141,2,Jun 04 2024 20: +0,1717527600
7.998,4,Jun 04 2024 21: +0,1717531200
7.756,2,Jun 04 2024 22: +0,1717534800
8.112,1,Jun 04 2024 23: +0,1717538400
7.109,1,Jun 05 2024 00: +0,1717542000
7.087,2,Jun 05 2024 01: +0,1717545600
7.334,2,Jun 05 2024 02: +0,1717549200
7.666,4,Jun 05 2024 03: +0,1717552800
7.843,1,Jun 05 2024 05: +0,1717560000
7.843,1,Jun 05 2024 06: +0,1717563600
8.002,2,Jun 05 2024 07: +0,1717567200
7.974,2,Jun 05 2024 08: +0,1717570800
7.496,1,Jun 05 2024 09: +0,1717574400
7.472,1,Jun 05 2024 11: +0,1717581600
8.422,1,Jun 05 2024 12: +0,1717585200
8.422,3,Jun 05 2024 13: +0,1717588800
7.635,4,Jun 05 2024 14: +0,1717592400
7.64,3,Jun 05 2024 15: +0,1717596000
7.52,3,Jun 05 2024 16: +0,1717599600
8.152,3,Jun 05 2024 17: +0,1717603200
7.883,1,Jun 05 2024 18: +0,1717606800
8.163,2,Jun 05 2024 19: +0,1717610400
8.504,3,Jun 05 2024 21: +0,1717617600
8.512,1,Jun 05 2024 22: +0,1717621200
8.61,2,Jun 05 2024 23: +0,1717624800
8.213,2,Jun 06 2024 03: +0,1717639200
7.949,3,Jun 06 2024 04: +0,1717642800
8.22,2,Jun 06 2024 05: +0,1717646400
7.464,1,Jun 06 2024 08: +0,1717657200
7.791,2,Jun 06 2024 09: +0,1717660800
7.504,3,Jun 06 2024 10: +0,1717664400
7.637,2,Jun 06 2024 11: +0,1717668000
8.156,1,Jun 06 2024 12: +0,1717671600
8.1,1,Jun 06 2024 14: +0,1717678800
6.787,1,Jun 06 2024 15: +0,1717682400
7.697,1,Jun 06 2024 16: +0,1717686000
6.559,2,Jun 06 2024 17: +0,1717689600
7.63,1,Jun 06 2024 19: +0,1717696800
7.654,1,Jun 06 2024 20: +0,1717700400
6.986,2,Jun 06 2024 21: +0,1717704000
7.711,1,Jun 06 2024 22: +0,1717707600
7.706,1,Jun 06 2024 23: +0,1717711200
7.984,1,Jun 07 2024 01: +0,1717718400
7.954,1,Jun 07 2024 04: +0,1717729200
7.681,2,Jun 07 2024 05: +0,1717732800
8.112,3,Jun 07 2024 06: +0,1717736400
7.583,1,Jun 07 2024 09: +0,1717747200
7.712,1,Jun 07 2024 12: +0,1717758000
7.771,1,Jun 07 2024 15: +0,1717768800
7.977,1,Jun 07 2024 16: +0,1717772400
8.125,2,Jun 07 2024 17: +0,1717776000
7.762,2,Jun 07 2024 18: +0,1717779600
8.137,3,Jun 07 2024 19: +0,1717783200
8.14,4,Jun 07 2024 20: +0,1717786800
8.209,2,Jun 07 2024 21: +0,1717790400
8.418,2,Jun 07 2024 22: +0,1717794000
8.519,2,Jun 07 2024 23: +0,1717797600
8.63,2,Jun 08 2024 00: +0,1717801200
8.546,1,Jun 08 2024 02: +0,1717808400
7.946,1,Jun 08 2024 03: +0,1717812000
7.947,2,Jun 08 2024 06: +0,1717822800
7.945,2,Jun 08 2024 07: +0,1717826400
7.833,1,Jun 08 2024 09: +0,1717833600
7.678,1,Jun 08 2024 10: +0,1717837200
7.686,1,Jun 08 2024 11: +0,1717840800
7.52,3,Jun 08 2024 12: +0,1717844400
7.634,2,Jun 08 2024 13: +0,1717848000
7.602,2,Jun 08 2024 14: +0,1717851600
7.73,4,Jun 08 2024 16: +0,1717858800
7.733,3,Jun 08 2024 17: +0,1717862400
7.543,3,Jun 08 2024 19: +0,1717869600
7.94,2,Jun 08 2024 20: +0,1717873200
7.97,1,Jun 08 2024 21: +0,1717876800
7.237,4,Jun 08 2024 22: +0,1717880400
8.074,1,Jun 08 2024 23: +0,1717884000
7.922,1,Jun 09 2024 01: +0,1717891200
7.621,2,Jun 09 2024 07: +0,1717912800
7.63,1,Jun 09 2024 08: +0,1717916400
9.183,1,Jun 09 2024 09: +0,1717920000
7.701,1,Jun 09 2024 10: +0,1717923600
7.774,1,Jun 09 2024 11: +0,1717927200
6.875,1,Jun 09 2024 12: +0,1717930800
7.109,1,Jun 09 2024 13: +0,1717934400
8.214,2,Jun 09 2024 14: +0,1717938000
7.387,4,Jun 09 2024 15: +0,1717941600
7.623,1,Jun 09 2024 16: +0,1717945200
7.677,4,Jun 09 2024 17: +0,1717948800
7.63,1,Jun 09 2024 18: +0,1717952400
7.744,4,Jun 09 2024 19: +0,1717956000
7.509,3,Jun 09 2024 20: +0,1717959600
7.551,2,Jun 09 2024 21: +0,1717963200
7.816,1,Jun 10 2024 00: +0,1717974000
7.33,1,Jun 10 2024 01: +0,1717977600
7.839,2,Jun 10 2024 02: +0,1717981200
7.82,1,Jun 10 2024 05: +0,1717992000
7.267,1,Jun 10 2024 07: +0,1717999200
7.938,3,Jun 10 2024 08: +0,1718002800
7.946,1,Jun 10 2024 12: +0,1718017200
7.709,2,Jun 10 2024 13: +0,1718020800
8.004,3,Jun 10 2024 16: +0,1718031600
7.09,3,Jun 10 2024 17: +0,1718035200
7.377,8,Jun 10 2024 18: +0,1718038800
7.625,2,Jun 10 2024 19: +0,1718042400
7.63,3,Jun 10 2024 22: +0,1718053200
7.638,1,Jun 10 2024 23: +0,1718056800
7.632,1,Jun 11 2024 00: +0,1718060400
7.512,1,Jun 11 2024 03: +0,1718071200
7.537,1,Jun 11 2024 05: +0,1718078400
7.786,1,Jun 11 2024 06: +0,1718082000
7.759,2,Jun 11 2024 07: +0,1718085600
7.543,3,Jun 11 2024 09: +0,1718092800
7.567,1,Jun 11 2024 10: +0,1718096400
6.847,1,Jun 11 2024 12: +0,1718103600
7.409,3,Jun 11 2024 13: +0,1718107200
7.621,1,Jun 11 2024 14: +0,1718110800
7.799,1,Jun 11 2024 15: +0,1718114400
7.347,2,Jun 11 2024 16: +0,1718118000
7.307,6,Jun 11 2024 17: +0,1718121600
7.611,1,Jun 11 2024 18: +0,1718125200
7.267,1,Jun 11 2024 19: +0,1718128800
7.603,2,Jun 11 2024 20: +0,1718132400
7.601,1,Jun 11 2024 21: +0,1718136000
7.619,2,Jun 11 2024 22: +0,1718139600
7.618,5,Jun 11 2024 23: +0,1718143200
7.624,2,Jun 12 2024 01: +0,1718150400
7.63,1,Jun 12 2024 02: +0,1718154000
7.749,3,Jun 12 2024 07: +0,1718172000
7.808,2,Jun 12 2024 09: +0,1718179200
7.764,1,Jun 12 2024 10: +0,1718182800
7.359,2,Jun 12 2024 11: +0,1718186400
7.63,1,Jun 12 2024 12: +0,1718190000
7.724,1,Jun 12 2024 13: +0,1718193600
7.791,2,Jun 12 2024 14: +0,1718197200
7.831,2,Jun 12 2024 15: +0,1718200800
7.957,1,Jun 12 2024 16: +0,1718204400
7.982,1,Jun 12 2024 17: +0,1718208000
7.705,2,Jun 12 2024 19: +0,1718215200
7.618,5,Jun 12 2024 20: +0,1718218800
7.109,3,Jun 12 2024 21: +0,1718222400
7.134,1,Jun 12 2024 23: +0,1718229600
7.459,2,Jun 13 2024 01: +0,1718236800
7.746,3,Jun 13 2024 02: +0,1718240400
7.109,1,Jun 13 2024 04: +0,1718247600
7.725,2,Jun 13 2024 05: +0,1718251200
7.275,1,Jun 13 2024 06: +0,1718254800
7.57,1,Jun 13 2024 09: +0,1718265600
7.578,1,Jun 13 2024 10: +0,1718269200
7.613,1,Jun 13 2024 11: +0,1718272800
6.884,1,Jun 13 2024 12: +0,1718276400
7.189,2,Jun 13 2024 13: +0,1718280000
7.567,3,Jun 13 2024 14: +0,1718283600
7.507,3,Jun 13 2024 15: +0,1718287200
7.377,1,Jun 13 2024 17: +0,1718294400
7.507,2,Jun 13 2024 19: +0,1718301600
7.57,4,Jun 13 2024 20: +0,1718305200
7.196,1,Jun 13 2024 22: +0,1718312400
7.447,2,Jun 13 2024 23: +0,1718316000
7.353,2,Jun 14 2024 01: +0,1718323200
7.654,1,Jun 14 2024 04: +0,1718334000
7.649,1,Jun 14 2024 05: +0,1718337600
7.338,1,Jun 14 2024 08: +0,1718348400
7.768,2,Jun 14 2024 09: +0,1718352000
7.837,2,Jun 14 2024 11: +0,1718359200
7.874,1,Jun 14 2024 12: +0,1718362800
7.429,4,Jun 14 2024 14: +0,1718370000
7.061,1,Jun 14 2024 15: +0,1718373600
7.393,3,Jun 14 2024 16: +0,1718377200
7.426,3,Jun 14 2024 17: +0,1718380800
7.335,2,Jun 14 2024 19: +0,1718388000
7.56,1,Jun 14 2024 21: +0,1718395200
7.637,1,Jun 14 2024 22: +0,1718398800
7.668,2,Jun 14 2024 23: +0,1718402400
4.534,1,Jun 15 2024 01: +0,1718409600
7.291,1,Jun 15 2024 02: +0,1718413200
7.186,1,Jun 15 2024 03: +0,1718416800
7.061,1,Jun 15 2024 06: +0,1718427600
6.058,1,Jun 15 2024 08: +0,1718434800
7.397,2,Jun 15 2024 10: +0,1718442000
7.147,2,Jun 15 2024 11: +0,1718445600
7.006,2,Jun 15 2024 12: +0,1718449200
7.061,2,Jun 15 2024 13: +0,1718452800
7.527,2,Jun 15 2024 14: +0,1718456400
6.902,4,Jun 15 2024 15: +0,1718460000
7.122,1,Jun 15 2024 16: +0,1718463600
7.134,4,Jun 15 2024 17: +0,1718467200
