price,quantity,date,unix timestamp
0.557,19,Oct 07 2016 01: +0,1475798400
0.223,31,Oct 08 2016 01: +0,1475884800
0.193,27,Oct 09 2016 01: +0,1475971200
0.18,13,Oct 10 2016 01: +0,1476057600
0.176,14,Oct 11 2016 01: +0,1476144000
0.111,50,Oct 12 2016 01: +0,1476230400
0.079,27,Oct 13 2016 01: +0,1476316800
0.078,30,Oct 14 2016 01: +0,1476403200
0.075,30,Oct 15 2016 01: +0,1476489600
0.072,32,Oct 16 2016 01: +0,1476576000
0.086,18,Oct 17 2016 01: +0,1476662400
0.081,11,Oct 18 2016 01: +0,1476748800
0.061,21,Oct 19 2016 01: +0,1476835200
0.054,24,Oct 20 2016 01: +0,1476921600
0.057,23,Oct 21 2016 01: +0,1477008000
0.051,35,Oct 22 2016 01: +0,1477094400
0.053,27,Oct 23 2016 01: +0,1477180800
0.056,12,Oct 24 2016 01: +0,1477267200
0.054,15,Oct 25 2016 01: +0,1477353600
0.043,20,Oct 26 2016 01: +0,1477440000
0.041,11,Oct 27 2016 01: +0,1477526400
0.044,14,Oct 28 2016 01: +0,1477612800
0.037,29,Oct 29 2016 01: +0,1477699200
0.039,31,Oct 30 2016 01: +0,1477785600
0.037,22,Oct 31 2016 01: +0,1477875600
0.047,12,Nov 01 2016 01: +0,1477962000
0.038,29,Nov 02 2016 01: +0,1478048400
0.036,12,Nov 03 2016 01: +0,1478134800
0.03,23,Nov 04 2016 01: +0,1478221200
0.033,32,Nov 05 2016 01: +0,1478307600
0.036,17,Nov 06 2016 01: +0,1478394000
0.038,12,Nov 07 2016 01: +0,1478480400
0.037,26,Nov 08 2016 01: +0,1478566800
0.03,29,Nov 09 2016 01: +0,1478653200
0.03,23,Nov 10 2016 01: +0,1478739600
0.03,32,Nov 11 2016 01: +0,1478826000
0.03,25,Nov 12 2016 01: +0,1478912400
0.032,28,Nov 13 2016 01: +0,1478998800
0.03,13,Nov 14 2016 01: +0,1479085200
0.03,11,Nov 15 2016 01: +0,1479171600
0.03,26,Nov 16 2016 01: +0,1479258000
0.03,28,Nov 17 2016 01: +0,1479344400
0.03,19,Nov 18 2016 01: +0,1479430800
0.03,32,Nov 19 2016 01: +0,1479517200
0.03,24,Nov 20 2016 01: +0,1479603600
0.03,16,Nov 21 2016 01: +0,1479690000
0.03,15,Nov 22 2016 01: +0,1479776400
0.03,20,Nov 23 2016 01: +0,1479862800
0.03,29,Nov 24 2016 01: +0,1479949200
0.03,29,Nov 25 2016 01: +0,1480035600
0.03,29,Nov 26 2016 01: +0,1480122000
0.03,21,Nov 27 2016 01: +0,1480208400
0.03,25,Nov 28 2016 01: +0,1480294800
0.03,24,Nov 29 2016 01: +0,1480381200
0.03,22,Nov 30 2016 01: +0,1480467600
0.03,36,Dec 01 2016 01: +0,1480554000
0.03,26,Dec 02 2016 01: +0,1480640400
0.03,38,Dec 03 2016 01: +0,1480726800
0.03,33,Dec 04 2016 01: +0,1480813200
0.03,18,Dec 05 2016 01: +0,1480899600
0.03,27,Dec 06 2016 01: +0,1480986000
0.03,27,Dec 07 2016 01: +0,1481072400
0.03,21,Dec 08 2016 01: +0,1481158800
0.03,24,Dec 09 2016 01: +0,1481245200
0.03,25,Dec 10 2016 01: +0,1481331600
0.03,26,Dec 11 2016 01: +0,1481418000
0.03,17,Dec 12 2016 01: +0,1481504400
0.03,21,Dec 13 2016 01: +0,1481590800
0.03,33,Dec 14 2016 01: +0,1481677200
0.03,30,Dec 15 2016 01: +0,1481763600
0.03,20,Dec 16 2016 01: +0,1481850000
0.03,17,Dec 17 2016 01: +0,1481936400
0.03,19,Dec 18 2016 01: +0,1482022800
0.03,18,Dec 19 2016 01: +0,1482109200
0.03,26,Dec 20 2016 01: +0,1482195600
0.03,38,Dec 21 2016 01: +0,1482282000
0.03,27,Dec 22 2016 01: +0,1482368400
0.03,24,Dec 23 2016 01: +0,1482454800
0.03,25,Dec 24 2016 01: +0,1482541200
0.03,21,Dec 25 2016 01: +0,1482627600
0.03,28,Dec 26 2016 01: +0,1482714000
0.03,36,Dec 27 2016 01: +0,1482800400
0.03,29,Dec 28 2016 01: +0,1482886800
0.03,31,Dec 29 2016 01: +0,1482973200
0.03,28,Dec 30 2016 01: +0,1483059600
0.03,17,Dec 31 2016 01: +0,1483146000
0.03,18,Jan 01 2017 01: +0,1483232400
0.03,24,Jan 02 2017 01: +0,1483318800
0.03,19,Jan 03 2017 01: +0,1483405200
0.03,20,Jan 04 2017 01: +0,1483491600
0.03,21,Jan 05 2017 01: +0,1483578000
0.03,20,Jan 06 2017 01: +0,1483664400
0.03,29,Jan 07 2017 01: +0,1483750800
0.03,17,Jan 08 2017 01: +0,1483837200
0.03,24,Jan 09 2017 01: +0,1483923600
0.03,15,Jan 10 2017 01: +0,1484010000
0.03,57,Jan 11 2017 01: +0,1484096400
0.03,16,Jan 12 2017 01: +0,1484182800
0.03,27,Jan 13 2017 01: +0,1484269200
0.03,24,Jan 14 2017 01: +0,1484355600
0.03,14,Jan 15 2017 01: +0,1484442000
0.03,27,Jan 16 2017 01: +0,1484528400
0.03,21,Jan 17 2017 01: +0,1484614800
0.03,17,Jan 18 2017 01: +0,1484701200
0.03,18,Jan 19 2017 01: +0,1484787600
0.03,18,Jan 20 2017 01: +0,1484874000
0.03,19,Jan 21 2017 01: +0,1484960400
0.03,27,Jan 22 2017 01: +0,1485046800
0.03,12,Jan 23 2017 01: +0,1485133200
0.03,35,Jan 24 2017 01: +0,1485219600
0.03,25,Jan 25 2017 01: +0,1485306000
0.03,36,Jan 26 2017 01: +0,1485392400
0.03,22,Jan 27 2017 01: +0,1485478800
0.03,18,Jan 28 2017 01: +0,1485565200
0.03,41,Jan 29 2017 01: +0,1485651600
0.03,23,Jan 30 2017 01: +0,1485738000
0.03,32,Jan 31 2017 01: +0,1485824400
0.03,14,Feb 01 2017 01: +0,1485910800
0.03,18,Feb 02 2017 01: +0,1485997200
0.03,23,Feb 03 2017 01: +0,1486083600
0.03,58,Feb 04 2017 01: +0,1486170000
0.03,46,Feb 05 2017 01: +0,1486256400
0.03,21,Feb 06 2017 01: +0,1486342800
0.03,17,Feb 07 2017 01: +0,1486429200
0.03,25,Feb 08 2017 01: +0,1486515600
0.03,29,Feb 09 2017 01: +0,1486602000
0.03,28,Feb 10 2017 01: +0,1486688400
0.03,30,Feb 11 2017 01: +0,1486774800
0.03,28,Feb 12 2017 01: +0,1486861200
0.03,39,Feb 13 2017 01: +0,1486947600
0.03,10,Feb 14 2017 01: +0,1487034000
0.03,12,Feb 15 2017 01: +0,1487120400
0.03,20,Feb 16 2017 01: +0,1487206800
0.03,17,Feb 17 2017 01: +0,1487293200
0.03,35,Feb 18 2017 01: +0,1487379600
0.03,21,Feb 19 2017 01: +0,1487466000
0.03,68,Feb 20 2017 01: +0,1487552400
0.03,38,Feb 21 2017 01: +0,1487638800
0.03,24,Feb 22 2017 01: +0,1487725200
0.03,18,Feb 23 2017 01: +0,1487811600
0.03,41,Feb 24 2017 01: +0,1487898000
0.03,22,Feb 25 2017 01: +0,1487984400
0.03,25,Feb 26 2017 01: +0,1488070800
0.03,33,Feb 27 2017 01: +0,1488157200
0.03,21,Feb 28 2017 01: +0,1488243600
0.03,19,Mar 01 2017 01: +0,1488330000
0.03,19,Mar 02 2017 01: +0,1488416400
0.03,24,Mar 03 2017 01: +0,1488502800
0.03,30,Mar 04 2017 01: +0,1488589200
0.03,24,Mar 05 2017 01: +0,1488675600
0.03,15,Mar 06 2017 01: +0,1488762000
0.03,25,Mar 07 2017 01: +0,1488848400
0.03,27,Mar 08 2017 01: +0,1488934800
0.03,23,Mar 09 2017 01: +0,1489021200
0.03,20,Mar 10 2017 01: +0,1489107600
0.03,26,Mar 11 2017 01: +0,1489194000
0.03,24,Mar 12 2017 01: +0,1489280400
0.03,15,Mar 13 2017 01: +0,1489366800
0.03,18,Mar 14 2017 01: +0,1489453200
0.03,31,Mar 15 2017 01: +0,1489539600
0.03,70,Mar 16 2017 01: +0,1489626000
0.03,38,Mar 17 2017 01: +0,1489712400
0.03,21,Mar 18 2017 01: +0,1489798800
0.03,30,Mar 19 2017 01: +0,1489885200
0.03,39,Mar 20 2017 01: +0,1489971600
0.03,25,Mar 21 2017 01: +0,1490058000
0.03,28,Mar 22 2017 01: +0,1490144400
0.03,12,Mar 23 2017 01: +0,1490230800
0.03,25,Mar 24 2017 01: +0,1490317200
0.03,53,Mar 25 2017 01: +0,1490403600
0.03,48,Mar 26 2017 01: +0,1490490000
0.03,54,Mar 27 2017 01: +0,1490572800
0.03,13,Mar 28 2017 01: +0,1490659200
0.03,29,Mar 29 2017 01: +0,1490745600
0.03,25,Mar 30 2017 01: +0,1490832000
0.03,39,Mar 31 2017 01: +0,1490918400
0.03,31,Apr 01 2017 01: +0,1491004800
0.03,65,Apr 02 2017 01: +0,1491091200
0.03,32,Apr 03 2017 01: +0,1491177600
0.03,15,Apr 04 2017 01: +0,1491264000
0.03,21,Apr 05 2017 01: +0,1491350400
0.03,36,Apr 06 2017 01: +0,1491436800
0.03,22,Apr 07 2017 01: +0,1491523200
0.03,49,Apr 08 2017 01: +0,1491609600
0.03,30,Apr 09 2017 01: +0,1491696000
0.03,28,Apr 10 2017 01: +0,1491782400
0.03,30,Apr 11 2017 01: +0,1491868800
0.03,48,Apr 12 2017 01: +0,1491955200
0.03,32,Apr 13 2017 01: +0,1492041600
0.03,33,Apr 14 2017 01: +0,1492128000
0.03,30,Apr 15 2017 01: +0,1492214400
0.03,21,Apr 16 2017 01: +0,1492300800
0.03,57,Apr 17 2017 01: +0,1492387200
0.03,36,Apr 18 2017 01: +0,1492473600
0.03,28,Apr 19 2017 01: +0,1492560000
0.03,20,Apr 20 2017 01: +0,1492646400
0.03,25,Apr 21 2017 01: +0,1492732800
0.03,34,Apr 22 2017 01: +0,1492819200
0.03,27,Apr 23 2017 01: +0,1492905600
0.03,33,Apr 24 2017 01: +0,1492992000
0.03,19,Apr 25 2017 01: +0,1493078400
0.03,35,Apr 26 2017 01: +0,1493164800
0.03,30,Apr 27 2017 01: +0,1493251200
0.03,35,Apr 28 2017 01: +0,1493337600
0.03,15,Apr 29 2017 01: +0,1493424000
0.03,10,Apr 30 2017 01: +0,1493510400
0.03,24,May 01 2017 01: +0,1493596800
0.03,23,May 02 2017 01: +0,1493683200
0.03,28,May 03 2017 01: +0,1493769600
0.03,14,May 04 2017 01: +0,1493856000
0.03,26,May 05 2017 01: +0,1493942400
0.03,26,May 06 2017 01: +0,1494028800
0.03,35,May 07 2017 01: +0,1494115200
0.03,36,May 08 2017 01: +0,1494201600
0.03,71,May 09 2017 01: +0,1494288000
0.03,28,May 10 2017 01: +0,1494374400
0.03,23,May 11 2017 01: +0,1494460800
0.03,42,May 12 2017 01: +0,1494547200
0.03,46,May 13 2017 01: +0,1494633600
0.03,32,May 14 2017 01: +0,1494720000
0.03,25,May 15 2017 01: +0,1494806400
0.03,35,May 16 2017 01: +0,1494892800
0.03,18,May 17 2017 01: +0,1494979200
0.03,27,May 18 2017 01: +0,1495065600
0.03,21,May 19 2017 01: +0,1495152000
0.03,41,May 20 2017 01: +0,1495238400
0.03,16,May 21 2017 01: +0,1495324800
0.03,25,May 22 2017 01: +0,1495411200
0.03,28,May 23 2017 01: +0,1495497600
0.03,41,May 24 2017 01: +0,1495584000
0.03,20,May 25 2017 01: +0,1495670400
0.03,45,May 26 2017 01: +0,1495756800
0.03,37,May 27 2017 01: +0,1495843200
0.03,23,May 28 2017 01: +0,1495929600
0.03,44,May 29 2017 01: +0,1496016000
0.03,16,May 30 2017 01: +0,1496102400
0.03,43,May 31 2017 01: +0,1496188800
0.03,40,Jun 01 2017 01: +0,1496275200
0.03,29,Jun 02 2017 01: +0,1496361600
0.03,62,Jun 03 2017 01: +0,1496448000
0.03,31,Jun 04 2017 01: +0,1496534400
0.03,28,Jun 05 2017 01: +0,1496620800
0.03,27,Jun 06 2017 01: +0,1496707200
0.03,35,Jun 07 2017 01: +0,1496793600
0.03,20,Jun 08 2017 01: +0,1496880000
0.03,41,Jun 09 2017 01: +0,1496966400
0.03,36,Jun 10 2017 01: +0,1497052800
0.03,33,Jun 11 2017 01: +0,1497139200
0.03,26,Jun 12 2017 01: +0,1497225600
0.03,31,Jun 13 2017 01: +0,1497312000
0.03,21,Jun 14 2017 01: +0,1497398400
0.03,21,Jun 15 2017 01: +0,1497484800
0.03,91,Jun 16 2017 01: +0,1497571200
0.03,43,Jun 17 2017 01: +0,1497657600
0.03,31,Jun 18 2017 01: +0,1497744000
0.03,53,Jun 19 2017 01: +0,1497830400
0.03,15,Jun 20 2017 01: +0,1497916800
0.03,19,Jun 21 2017 01: +0,1498003200
0.03,37,Jun 22 2017 01: +0,1498089600
0.03,32,Jun 23 2017 01: +0,1498176000
0.03,24,Jun 24 2017 01: +0,1498262400
0.03,24,Jun 25 2017 01: +0,1498348800
0.03,18,Jun 26 2017 01: +0,1498435200
0.03,30,Jun 27 2017 01: +0,1498521600
0.03,27,Jun 28 2017 01: +0,1498608000
0.03,51,Jun 29 2017 01: +0,1498694400
0.03,18,Jun 30 2017 01: +0,1498780800
0.03,31,Jul 01 2017 01: +0,1498867200
0.03,21,Jul 02 2017 01: +0,1498953600
0.03,23,Jul 03 2017 01: +0,1499040000
0.03,27,Jul 04 2017 01: +0,1499126400
0.03,25,Jul 05 2017 01: +0,1499212800
0.03,20,Jul 06 2017 01: +0,1499299200
0.03,34,Jul 07 2017 01: +0,1499385600
0.03,39,Jul 08 2017 01: +0,1499472000
0.03,36,Jul 09 2017 01: +0,1499558400
0.03,17,Jul 10 2017 01: +0,1499644800
0.03,32,Jul 11 2017 01: +0,1499731200
0.03,29,Jul 12 2017 01: +0,1499817600
0.03,26,Jul 13 2017 01: +0,1499904000
0.03,13,Jul 14 2017 01: +0,1499990400
0.03,18,Jul 15 2017 01: +0,1500076800
0.03,24,Jul 16 2017 01: +0,1500163200
0.03,10,Jul 17 2017 01: +0,1500249600
0.03,29,Jul 18 2017 01: +0,1500336000
0.03,27,Jul 19 2017 01: +0,1500422400
0.03,16,Jul 20 2017 01: +0,1500508800
0.03,35,Jul 21 2017 01: +0,1500595200
0.03,14,Jul 22 2017 01: +0,1500681600
0.03,40,Jul 23 2017 01: +0,1500768000
0.03,36,Jul 24 2017 01: +0,1500854400
0.03,34,Jul 25 2017 01: +0,1500940800
0.03,20,Jul 26 2017 01: +0,1501027200
0.03,16,Jul 27 2017 01: +0,1501113600
0.03,69,Jul 28 2017 01: +0,1501200000
0.03,47,Jul 29 2017 01: +0,1501286400
0.03,40,Jul 30 2017 01: +0,1501372800
0.03,18,Jul 31 2017 01: +0,1501459200
0.03,27,Aug 01 2017 01: +0,1501545600
0.03,29,Aug 02 2017 01: +0,1501632000
0.03,25,Aug 03 2017 01: +0,1501718400
0.03,28,Aug 04 2017 01: +0,1501804800
0.03,30,Aug 05 2017 01: +0,1501891200
0.03,34,Aug 06 2017 01: +0,1501977600
0.03,34,Aug 07 2017 01: +0,1502064000
0.03,18,Aug 08 2017 01: +0,1502150400
0.03,18,Aug 09 2017 01: +0,1502236800
0.03,43,Aug 10 2017 01: +0,1502323200
0.03,36,Aug 11 2017 01: +0,1502409600
0.03,35,Aug 12 2017 01: +0,1502496000
0.03,38,Aug 13 2017 01: +0,1502582400
0.03,37,Aug 14 2017 01: +0,1502668800
0.03,50,Aug 15 2017 01: +0,1502755200
0.03,47,Aug 16 2017 01: +0,1502841600
0.03,26,Aug 17 2017 01: +0,1502928000
0.03,20,Aug 18 2017 01: +0,1503014400
0.03,44,Aug 19 2017 01: +0,1503100800
0.03,33,Aug 20 2017 01: +0,1503187200
0.03,49,Aug 21 2017 01: +0,1503273600
0.03,22,Aug 22 2017 01: +0,1503360000
0.03,28,Aug 23 2017 01: +0,1503446400
0.03,19,Aug 24 2017 01: +0,1503532800
0.03,45,Aug 25 2017 01: +0,1503619200
0.03,79,Aug 26 2017 01: +0,1503705600
0.03,24,Aug 27 2017 01: +0,1503792000
0.03,18,Aug 28 2017 01: +0,1503878400
0.03,38,Aug 29 2017 01: +0,1503964800
0.03,34,Aug 30 2017 01: +0,1504051200
0.03,31,Aug 31 2017 01: +0,1504137600
0.03,43,Sep 01 2017 01: +0,1504224000
0.03,15,Sep 02 2017 01: +0,1504310400
0.03,17,Sep 03 2017 01: +0,1504396800
0.03,23,Sep 04 2017 01: +0,1504483200
0.03,21,Sep 05 2017 01: +0,1504569600
0.03,73,Sep 06 2017 01: +0,1504656000
0.03,24,Sep 07 2017 01: +0,1504742400
0.03,24,Sep 08 2017 01: +0,1504828800
0.03,26,Sep 09 2017 01: +0,1504915200
0.03,69,Sep 10 2017 01: +0,1505001600
0.03,21,Sep 11 2017 01: +0,1505088000
0.03,17,Sep 12 2017 01: +0,1505174400
0.03,41,Sep 13 2017 01: +0,1505260800
0.03,66,Sep 14 2017 01: +0,1505347200
0.03,38,Sep 15 2017 01: +0,1505433600
0.03,18,Sep 16 2017 01: +0,1505520000
0.03,30,Sep 17 2017 01: +0,1505606400
0.03,27,Sep 18 2017 01: +0,1505692800
0.03,22,Sep 19 2017 01: +0,1505779200
0.03,30,Sep 20 2017 01: +0,1505865600
0.03,89,Sep 21 2017 01: +0,1505952000
0.03,13,Sep 22 2017 01: +0,1506038400
0.03,41,Sep 23 2017 01: +0,1506124800
0.03,47,Sep 24 2017 01: +0,1506211200
0.03,24,Sep 25 2017 01: +0,1506297600
0.03,19,Sep 26 2017 01: +0,1506384000
0.03,79,Sep 27 2017 01: +0,1506470400
0.03,43,Sep 28 2017 01: +0,1506556800
0.03,36,Sep 29 2017 01: +0,1506643200
0.03,23,Sep 30 2017 01: +0,1506729600
0.03,94,Oct 01 2017 01: +0,1506816000
0.03,36,Oct 02 2017 01: +0,1506902400
0.03,17,Oct 03 2017 01: +0,1506988800
0.03,49,Oct 04 2017 01: +0,1507075200
0.03,33,Oct 05 2017 01: +0,1507161600
0.03,33,Oct 06 2017 01: +0,1507248000
0.03,41,Oct 07 2017 01: +0,1507334400
0.03,25,Oct 08 2017 01: +0,1507420800
0.03,12,Oct 09 2017 01: +0,1507507200
0.03,47,Oct 10 2017 01: +0,1507593600
0.03,32,Oct 11 2017 01: +0,1507680000
0.03,16,Oct 12 2017 01: +0,1507766400
0.03,28,Oct 13 2017 01: +0,1507852800
0.03,30,Oct 14 2017 01: +0,1507939200
0.03,22,Oct 15 2017 01: +0,1508025600
0.03,35,Oct 16 2017 01: +0,1508112000
0.03,49,Oct 17 2017 01: +0,1508198400
0.03,38,Oct 18 2017 01: +0,1508284800
0.03,40,Oct 19 2017 01: +0,1508371200
0.03,40,Oct 20 2017 01: +0,1508457600
0.03,30,Oct 21 2017 01: +0,1508544000
0.03,20,Oct 22 2017 01: +0,1508630400
0.03,14,Oct 23 2017 01: +0,1508716800
0.03,27,Oct 24 2017 01: +0,1508803200
0.03,28,Oct 25 2017 01: +0,1508889600
0.03,38,Oct 26 2017 01: +0,1508976000
0.03,39,Oct 27 2017 01: +0,1509062400
0.03,37,Oct 28 2017 01: +0,1509148800
0.03,46,Oct 29 2017 01: +0,1509235200
0.03,23,Oct 30 2017 01: +0,1509325200
0.03,23,Oct 31 2017 01: +0,1509411600
0.03,21,Nov 01 2017 01: +0,1509498000
0.03,50,Nov 02 2017 01: +0,1509584400
0.03,22,Nov 03 2017 01: +0,1509670800
0.03,27,Nov 04 2017 01: +0,1509757200
0.03,44,Nov 05 2017 01: +0,1509843600
0.03,30,Nov 06 2017 01: +0,1509930000
0.03,22,Nov 07 2017 01: +0,1510016400
0.03,27,Nov 08 2017 01: +0,1510102800
0.03,41,Nov 09 2017 01: +0,1510189200
0.03,54,Nov 10 2017 01: +0,1510275600
0.03,15,Nov 11 2017 01: +0,1510362000
0.03,12,Nov 12 2017 01: +0,1510448400
0.03,20,Nov 13 2017 01: +0,1510534800
0.03,41,Nov 14 2017 01: +0,1510621200
0.03,30,Nov 15 2017 01: +0,1510707600
0.03,33,Nov 16 2017 01: +0,1510794000
0.03,21,Nov 17 2017 01: +0,1510880400
0.03,24,Nov 18 2017 01: +0,1510966800
0.03,29,Nov 19 2017 01: +0,1511053200
0.03,19,Nov 20 2017 01: +0,1511139600
0.03,16,Nov 21 2017 01: +0,1511226000
0.03,16,Nov 22 2017 01: +0,1511312400
0.03,40,Nov 23 2017 01: +0,1511398800
0.03,53,Nov 24 2017 01: +0,1511485200
0.03,38,Nov 25 2017 01: +0,1511571600
0.03,29,Nov 26 2017 01: +0,1511658000
0.03,17,Nov 27 2017 01: +0,1511744400
0.03,11,Nov 28 2017 01: +0,1511830800
0.03,19,Nov 29 2017 01: +0,1511917200
0.03,43,Nov 30 2017 01: +0,1512003600
0.03,19,Dec 01 2017 01: +0,1512090000
0.03,29,Dec 02 2017 01: +0,1512176400
0.03,19,Dec 03 2017 01: +0,1512262800
0.03,18,Dec 04 2017 01: +0,1512349200
0.03,14,Dec 05 2017 01: +0,1512435600
0.03,21,Dec 06 2017 01: +0,1512522000
0.03,27,Dec 07 2017 01: +0,1512608400
0.03,35,Dec 08 2017 01: +0,1512694800
0.03,27,Dec 09 2017 01: +0,1512781200
0.03,64,Dec 10 2017 01: +0,1512867600
0.03,19,Dec 11 2017 01: +0,1512954000
0.03,8,Dec 12 2017 01: +0,1513040400
0.03,15,Dec 13 2017 01: +0,1513126800
0.03,26,Dec 14 2017 01: +0,1513213200
0.03,25,Dec 15 2017 01: +0,1513299600
0.03,36,Dec 16 2017 01: +0,1513386000
0.03,34,Dec 17 2017 01: +0,1513472400
0.03,27,Dec 18 2017 01: +0,1513558800
0.03,25,Dec 19 2017 01: +0,1513645200
0.03,26,Dec 20 2017 01: +0,1513731600
0.03,37,Dec 21 2017 01: +0,1513818000
0.03,72,Dec 22 2017 01: +0,1513904400
0.03,25,Dec 23 2017 01: +0,1513990800
0.03,27,Dec 24 2017 01: +0,1514077200
0.03,54,Dec 25 2017 01: +0,1514163600
0.03,13,Dec 26 2017 01: +0,1514250000
0.03,32,Dec 27 2017 01: +0,1514336400
0.03,75,Dec 28 2017 01: +0,1514422800
0.03,38,Dec 29 2017 01: +0,1514509200
0.03,27,Dec 30 2017 01: +0,1514595600
0.03,18,Dec 31 2017 01: +0,1514682000
0.03,24,Jan 01 2018 01: +0,1514768400
0.03,20,Jan 02 2018 01: +0,1514854800
0.03,36,Jan 03 2018 01: +0,1514941200
0.03,19,Jan 04 2018 01: +0,1515027600
0.03,50,Jan 05 2018 01: +0,1515114000
0.03,24,Jan 06 2018 01: +0,1515200400
0.03,30,Jan 07 2018 01: +0,1515286800
0.03,53,Jan 08 2018 01: +0,1515373200
0.03,26,Jan 09 2018 01: +0,1515459600
0.03,56,Jan 10 2018 01: +0,1515546000
0.03,18,Jan 11 2018 01: +0,1515632400
0.03,29,Jan 12 2018 01: +0,1515718800
0.03,191,Jan 13 2018 01: +0,1515805200
0.03,10,Jan 14 2018 01: +0,1515891600
0.03,35,Jan 15 2018 01: +0,1515978000
0.03,50,Jan 16 2018 01: +0,1516064400
0.03,23,Jan 17 2018 01: +0,1516150800
0.03,24,Jan 18 2018 01: +0,1516237200
0.03,25,Jan 19 2018 01: +0,1516323600
0.03,34,Jan 20 2018 01: +0,1516410000
0.03,26,Jan 21 2018 01: +0,1516496400
0.03,25,Jan 22 2018 01: +0,1516582800
0.03,19,Jan 23 2018 01: +0,1516669200
0.03,38,Jan 24 2018 01: +0,1516755600
0.03,34,Jan 25 2018 01: +0,1516842000
0.03,78,Jan 26 2018 01: +0,1516928400
0.03,35,Jan 27 2018 01: +0,1517014800
0.03,36,Jan 28 2018 01: +0,1517101200
0.03,31,Jan 29 2018 01: +0,1517187600
0.03,8,Jan 30 2018 01: +0,1517274000
0.03,30,Jan 31 2018 01: +0,1517360400
0.03,18,Feb 01 2018 01: +0,1517446800
0.03,28,Feb 02 2018 01: +0,1517533200
0.03,27,Feb 03 2018 01: +0,1517619600
0.03,66,Feb 04 2018 01: +0,1517706000
0.03,60,Feb 05 2018 01: +0,1517792400
0.03,20,Feb 06 2018 01: +0,1517878800
0.03,34,Feb 07 2018 01: +0,1517965200
0.03,26,Feb 08 2018 01: +0,1518051600
0.03,97,Feb 09 2018 01: +0,1518138000
0.03,21,Feb 10 2018 01: +0,1518224400
0.03,25,Feb 11 2018 01: +0,1518310800
0.03,32,Feb 12 2018 01: +0,1518397200
0.03,50,Feb 13 2018 01: +0,1518483600
0.03,31,Feb 14 2018 01: +0,1518570000
0.03,45,Feb 15 2018 01: +0,1518656400
0.03,78,Feb 16 2018 01: +0,1518742800
0.03,23,Feb 17 2018 01: +0,1518829200
0.03,68,Feb 18 2018 01: +0,1518915600
0.03,43,Feb 19 2018 01: +0,1519002000
0.03,24,Feb 20 2018 01: +0,1519088400
0.03,19,Feb 21 2018 01: +0,1519174800
0.03,46,Feb 22 2018 01: +0,1519261200
0.03,30,Feb 23 2018 01: +0,1519347600
0.03,56,Feb 24 2018 01: +0,1519434000
0.03,44,Feb 25 2018 01: +0,1519520400
0.03,21,Feb 26 2018 01: +0,1519606800
0.03,57,Feb 27 2018 01: +0,1519693200
0.03,30,Feb 28 2018 01: +0,1519779600
0.03,30,Mar 01 2018 01: +0,1519866000
0.03,21,Mar 02 2018 01: +0,1519952400
0.03,23,Mar 03 2018 01: +0,1520038800
0.03,38,Mar 04 2018 01: +0,1520125200
0.03,30,Mar 05 2018 01: +0,1520211600
0.03,49,Mar 06 2018 01: +0,1520298000
0.03,38,Mar 07 2018 01: +0,1520384400
0.03,31,Mar 08 2018 01: +0,1520470800
0.03,32,Mar 09 2018 01: +0,1520557200
0.03,43,Mar 10 2018 01: +0,1520643600
0.03,41,Mar 11 2018 01: +0,1520730000
0.03,22,Mar 12 2018 01: +0,1520816400
0.03,15,Mar 13 2018 01: +0,1520902800
0.03,35,Mar 14 2018 01: +0,1520989200
0.03,60,Mar 15 2018 01: +0,1521075600
0.03,28,Mar 16 2018 01: +0,1521162000
0.03,39,Mar 17 2018 01: +0,1521248400
0.03,35,Mar 18 2018 01: +0,1521334800
0.03,39,Mar 19 2018 01: +0,1521421200
0.03,23,Mar 20 2018 01: +0,1521507600
0.03,29,Mar 21 2018 01: +0,1521594000
0.03,26,Mar 22 2018 01: +0,1521680400
0.03,17,Mar 23 2018 01: +0,1521766800
0.03,41,Mar 24 2018 01: +0,1521853200
0.03,47,Mar 25 2018 01: +0,1521939600
0.03,31,Mar 26 2018 01: +0,1522022400
0.03,23,Mar 27 2018 01: +0,1522108800
0.03,32,Mar 28 2018 01: +0,1522195200
0.03,24,Mar 29 2018 01: +0,1522281600
0.03,37,Mar 30 2018 01: +0,1522368000
0.03,26,Mar 31 2018 01: +0,1522454400
0.03,27,Apr 01 2018 01: +0,1522540800
0.03,13,Apr 02 2018 01: +0,1522627200
0.03,13,Apr 03 2018 01: +0,1522713600
0.03,30,Apr 04 2018 01: +0,1522800000
0.03,12,Apr 05 2018 01: +0,1522886400
0.03,20,Apr 06 2018 01: +0,1522972800
0.03,28,Apr 07 2018 01: +0,1523059200
0.03,35,Apr 08 2018 01: +0,1523145600
0.03,33,Apr 09 2018 01: +0,1523232000
0.03,10,Apr 10 2018 01: +0,1523318400
0.03,11,Apr 11 2018 01: +0,1523404800
0.03,14,Apr 12 2018 01: +0,1523491200
0.03,27,Apr 13 2018 01: +0,1523577600
0.03,32,Apr 14 2018 01: +0,1523664000
0.03,11,Apr 15 2018 01: +0,1523750400
0.03,24,Apr 16 2018 01: +0,1523836800
0.03,21,Apr 17 2018 01: +0,1523923200
0.03,22,Apr 18 2018 01: +0,1524009600
0.03,21,Apr 19 2018 01: +0,1524096000
0.03,18,Apr 20 2018 01: +0,1524182400
0.03,25,Apr 21 2018 01: +0,1524268800
0.03,25,Apr 22 2018 01: +0,1524355200
0.03,12,Apr 23 2018 01: +0,1524441600
0.03,15,Apr 24 2018 01: +0,1524528000
0.03,22,Apr 25 2018 01: +0,1524614400
0.03,36,Apr 26 2018 01: +0,1524700800
0.03,62,Apr 27 2018 01: +0,1524787200
0.03,34,Apr 28 2018 01: +0,1524873600
0.03,19,Apr 29 2018 01: +0,1524960000
0.03,21,Apr 30 2018 01: +0,1525046400
0.03,25,May 01 2018 01: +0,1525132800
0.03,12,May 02 2018 01: +0,1525219200
0.03,16,May 03 2018 01: +0,1525305600
0.03,41,May 04 2018 01: +0,1525392000
0.03,30,May 05 2018 01: +0,1525478400
0.03,15,May 06 2018 01: +0,1525564800
0.03,19,May 07 2018 01: +0,1525651200
0.03,15,May 08 2018 01: +0,1525737600
0.03,34,May 09 2018 01: +0,1525824000
0.03,22,May 10 2018 01: +0,1525910400
0.03,34,May 11 2018 01: +0,1525996800
0.03,44,May 12 2018 01: +0,1526083200
0.03,25,May 13 2018 01: +0,1526169600
0.03,28,May 14 2018 01: +0,1526256000
0.03,25,May 15 2018 01: +0,1526342400
0.03,24,May 16 2018 01: +0,1526428800
0.03,48,May 17 2018 01: +0,1526515200
0.03,18,May 18 2018 01: +0,1526601600
0.03,20,May 19 2018 01: +0,1526688000
0.03,28,May 20 2018 01: +0,1526774400
0.03,6,May 21 2018 01: +0,1526860800
0.03,17,May 22 2018 01: +0,1526947200
0.03,60,May 23 2018 01: +0,1527033600
0.03,10,May 24 2018 01: +0,1527120000
0.03,16,May 25 2018 01: +0,1527206400
0.03,20,May 26 2018 01: +0,1527292800
0.03,14,May 27 2018 01: +0,1527379200
0.03,22,May 28 2018 01: +0,1527465600
0.03,13,May 29 2018 01: +0,1527552000
0.03,12,May 30 2018 01: +0,1527638400
0.03,56,May 31 2018 01: +0,1527724800
0.03,28,Jun 01 2018 01: +0,1527811200
0.03,20,Jun 02 2018 01: +0,1527897600
0.03,26,Jun 03 2018 01: +0,1527984000
0.03,9,Jun 04 2018 01: +0,1528070400
0.03,11,Jun 05 2018 01: +0,1528156800
0.03,41,Jun 06 2018 01: +0,1528243200
0.03,24,Jun 07 2018 01: +0,1528329600
0.03,20,Jun 08 2018 01: +0,1528416000
0.03,23,Jun 09 2018 01: +0,1528502400
0.03,23,Jun 10 2018 01: +0,1528588800
0.03,39,Jun 11 2018 01: +0,1528675200
0.03,11,Jun 12 2018 01: +0,1528761600
0.03,42,Jun 13 2018 01: +0,1528848000
0.03,10,Jun 14 2018 01: +0,1528934400
0.03,26,Jun 15 2018 01: +0,1529020800
0.03,33,Jun 16 2018 01: +0,1529107200
0.03,17,Jun 17 2018 01: +0,1529193600
0.03,24,Jun 18 2018 01: +0,1529280000
0.03,17,Jun 19 2018 01: +0,1529366400
0.03,9,Jun 20 2018 01: +0,1529452800
0.03,35,Jun 21 2018 01: +0,1529539200
0.03,31,Jun 22 2018 01: +0,1529625600
0.03,25,Jun 23 2018 01: +0,1529712000
0.03,11,Jun 24 2018 01: +0,1529798400
0.03,19,Jun 25 2018 01: +0,1529884800
0.03,17,Jun 26 2018 01: +0,1529971200
0.03,23,Jun 27 2018 01: +0,1530057600
0.03,35,Jun 28 2018 01: +0,1530144000
0.03,20,Jun 29 2018 01: +0,1530230400
0.03,16,Jun 30 2018 01: +0,1530316800
0.03,46,Jul 01 2018 01: +0,1530403200
0.03,26,Jul 02 2018 01: +0,1530489600
0.03,26,Jul 03 2018 01: +0,1530576000
0.03,25,Jul 04 2018 01: +0,1530662400
0.03,15,Jul 05 2018 01: +0,1530748800
0.03,12,Jul 06 2018 01: +0,1530835200
0.03,30,Jul 07 2018 01: +0,1530921600
0.03,20,Jul 08 2018 01: +0,1531008000
0.03,24,Jul 09 2018 01: +0,1531094400
0.03,16,Jul 10 2018 01: +0,1531180800
0.03,34,Jul 11 2018 01: +0,1531267200
0.03,27,Jul 12 2018 01: +0,1531353600
0.03,14,Jul 13 2018 01: +0,1531440000
0.03,18,Jul 14 2018 01: +0,1531526400
0.03,15,Jul 15 2018 01: +0,1531612800
0.03,16,Jul 16 2018 01: +0,1531699200
0.03,15,Jul 17 2018 01: +0,1531785600
0.03,29,Jul 18 2018 01: +0,1531872000
0.03,34,Jul 19 2018 01: +0,1531958400
0.03,26,Jul 20 2018 01: +0,1532044800
0.03,25,Jul 21 2018 01: +0,1532131200
0.03,22,Jul 22 2018 01: +0,1532217600
0.03,26,Jul 23 2018 01: +0,1532304000
0.03,12,Jul 24 2018 01: +0,1532390400
0.03,18,Jul 25 2018 01: +0,1532476800
0.03,19,Jul 26 2018 01: +0,1532563200
0.03,13,Jul 27 2018 01: +0,1532649600
0.03,56,Jul 28 2018 01: +0,1532736000
0.03,19,Jul 29 2018 01: +0,1532822400
0.03,10,Jul 30 2018 01: +0,1532908800
0.03,56,Jul 31 2018 01: +0,1532995200
0.03,15,Aug 01 2018 01: +0,1533081600
0.03,20,Aug 02 2018 01: +0,1533168000
0.03,16,Aug 03 2018 01: +0,1533254400
0.03,16,Aug 04 2018 01: +0,1533340800
0.03,26,Aug 05 2018 01: +0,1533427200
0.03,111,Aug 06 2018 01: +0,1533513600
0.03,62,Aug 07 2018 01: +0,1533600000
0.03,22,Aug 08 2018 01: +0,1533686400
0.03,11,Aug 09 2018 01: +0,1533772800
0.03,26,Aug 10 2018 01: +0,1533859200
0.03,30,Aug 11 2018 01: +0,1533945600
0.03,34,Aug 12 2018 01: +0,1534032000
0.03,33,Aug 13 2018 01: +0,1534118400
0.03,20,Aug 14 2018 01: +0,1534204800
0.03,21,Aug 15 2018 01: +0,1534291200
0.03,29,Aug 16 2018 01: +0,1534377600
0.03,31,Aug 17 2018 01: +0,1534464000
0.03,20,Aug 18 2018 01: +0,1534550400
0.03,35,Aug 19 2018 01: +0,1534636800
0.03,36,Aug 20 2018 01: +0,1534723200
0.03,27,Aug 21 2018 01: +0,1534809600
0.03,21,Aug 22 2018 01: +0,1534896000
0.03,24,Aug 23 2018 01: +0,1534982400
0.03,23,Aug 24 2018 01: +0,1535068800
0.03,21,Aug 25 2018 01: +0,1535155200
0.03,20,Aug 26 2018 01: +0,1535241600
0.03,28,Aug 27 2018 01: +0,1535328000
0.03,18,Aug 28 2018 01: +0,1535414400
0.03,57,Aug 29 2018 01: +0,1535500800
0.03,22,Aug 30 2018 01: +0,1535587200
0.03,31,Aug 31 2018 01: +0,1535673600
0.03,29,Sep 01 2018 01: +0,1535760000
0.03,28,Sep 02 2018 01: +0,1535846400
0.03,17,Sep 03 2018 01: +0,1535932800
0.03,21,Sep 04 2018 01: +0,1536019200
0.03,17,Sep 05 2018 01: +0,1536105600
0.03,16,Sep 06 2018 01: +0,1536192000
0.03,19,Sep 07 2018 01: +0,1536278400
0.03,46,Sep 08 2018 01: +0,1536364800
0.03,30,Sep 09 2018 01: +0,1536451200
0.03,67,Sep 10 2018 01: +0,1536537600
0.03,23,Sep 11 2018 01: +0,1536624000
0.03,34,Sep 12 2018 01: +0,1536710400
0.03,26,Sep 13 2018 01: +0,1536796800
0.03,33,Sep 14 2018 01: +0,1536883200
0.03,63,Sep 15 2018 01: +0,1536969600
0.03,21,Sep 16 2018 01: +0,1537056000
0.03,21,Sep 17 2018 01: +0,1537142400
0.03,29,Sep 18 2018 01: +0,1537228800
0.03,11,Sep 19 2018 01: +0,1537315200
0.03,20,Sep 20 2018 01: +0,1537401600
0.03,24,Sep 21 2018 01: +0,1537488000
0.03,61,Sep 22 2018 01: +0,1537574400
0.03,100,Sep 23 2018 01: +0,1537660800
0.03,27,Sep 24 2018 01: +0,1537747200
0.03,29,Sep 25 2018 01: +0,1537833600
0.03,33,Sep 26 2018 01: +0,1537920000
0.03,14,Sep 27 2018 01: +0,1538006400
0.03,19,Sep 28 2018 01: +0,1538092800
0.03,28,Sep 29 2018 01: +0,1538179200
0.03,42,Sep 30 2018 01: +0,1538265600
0.03,18,Oct 01 2018 01: +0,1538352000
0.03,18,Oct 02 2018 01: +0,1538438400
0.03,50,Oct 03 2018 01: +0,1538524800
0.03,21,Oct 04 2018 01: +0,1538611200
0.03,31,Oct 05 2018 01: +0,1538697600
0.03,23,Oct 06 2018 01: +0,1538784000
0.03,19,Oct 07 2018 01: +0,1538870400
0.03,65,Oct 08 2018 01: +0,1538956800
0.03,23,Oct 09 2018 01: +0,1539043200
0.03,19,Oct 10 2018 01: +0,1539129600
0.03,30,Oct 11 2018 01: +0,1539216000
0.03,41,Oct 12 2018 01: +0,1539302400
0.03,36,Oct 13 2018 01: +0,1539388800
0.03,39,Oct 14 2018 01: +0,1539475200
0.03,55,Oct 15 2018 01: +0,1539561600
0.03,64,Oct 16 2018 01: +0,1539648000
0.03,37,Oct 17 2018 01: +0,1539734400
0.03,21,Oct 18 2018 01: +0,1539820800
0.03,16,Oct 19 2018 01: +0,1539907200
0.03,26,Oct 20 2018 01: +0,1539993600
0.03,32,Oct 21 2018 01: +0,1540080000
0.03,22,Oct 22 2018 01: +0,1540166400
0.03,20,Oct 23 2018 01: +0,1540252800
0.03,28,Oct 24 2018 01: +0,1540339200
0.03,25,Oct 25 2018 01: +0,1540425600
0.03,38,Oct 26 2018 01: +0,1540512000
0.03,50,Oct 27 2018 01: +0,1540598400
0.03,28,Oct 28 2018 01: +0,1540684800
0.03,31,Oct 29 2018 01: +0,1540774800
0.03,38,Oct 30 2018 01: +0,1540861200
0.03,27,Oct 31 2018 01: +0,1540947600
0.03,35,Nov 01 2018 01: +0,1541034000
0.03,38,Nov 02 2018 01: +0,1541120400
0.03,29,Nov 03 2018 01: +0,1541206800
0.03,28,Nov 04 2018 01: +0,1541293200
0.03,20,Nov 05 2018 01: +0,1541379600
0.03,34,Nov 06 2018 01: +0,1541466000
0.03,48,Nov 07 2018 01: +0,1541552400
0.03,24,Nov 08 2018 01: +0,1541638800
0.03,24,Nov 09 2018 01: +0,1541725200
0.03,38,Nov 10 2018 01: +0,1541811600
0.03,26,Nov 11 2018 01: +0,1541898000
0.03,15,Nov 12 2018 01: +0,1541984400
0.03,13,Nov 13 2018 01: +0,1542070800
0.03,38,Nov 14 2018 01: +0,1542157200
0.03,21,Nov 15 2018 01: +0,1542243600
0.03,26,Nov 16 2018 01: +0,1542330000
0.03,33,Nov 17 2018 01: +0,1542416400
0.03,27,Nov 18 2018 01: +0,1542502800
0.03,24,Nov 19 2018 01: +0,1542589200
0.03,15,Nov 20 2018 01: +0,1542675600
0.03,20,Nov 21 2018 01: +0,1542762000
0.03,32,Nov 22 2018 01: +0,1542848400
0.03,79,Nov 23 2018 01: +0,1542934800
0.03,40,Nov 24 2018 01: +0,1543021200
0.03,52,Nov 25 2018 01: +0,1543107600
0.03,18,Nov 26 2018 01: +0,1543194000
0.03,61,Nov 27 2018 01: +0,1543280400
0.03,26,Nov 28 2018 01: +0,1543366800
0.03,32,Nov 29 2018 01: +0,1543453200
0.03,43,Nov 30 2018 01: +0,1543539600
0.03,49,Dec 01 2018 01: +0,1543626000
0.03,29,Dec 02 2018 01: +0,1543712400
0.03,17,Dec 03 2018 01: +0,1543798800
0.03,32,Dec 04 2018 01: +0,1543885200
0.03,28,Dec 05 2018 01: +0,1543971600
0.03,53,Dec 06 2018 01: +0,1544058000
0.03,32,Dec 07 2018 01: +0,1544144400
0.03,49,Dec 08 2018 01: +0,1544230800
0.03,56,Dec 09 2018 01: +0,1544317200
0.03,41,Dec 10 2018 01: +0,1544403600
0.03,15,Dec 11 2018 01: +0,1544490000
0.03,31,Dec 12 2018 01: +0,1544576400
0.03,40,Dec 13 2018 01: +0,1544662800
0.03,47,Dec 14 2018 01: +0,1544749200
0.03,56,Dec 15 2018 01: +0,1544835600
0.03,52,Dec 16 2018 01: +0,1544922000
0.03,28,Dec 17 2018 01: +0,1545008400
0.03,35,Dec 18 2018 01: +0,1545094800
0.03,29,Dec 19 2018 01: +0,1545181200
0.03,47,Dec 20 2018 01: +0,1545267600
0.03,28,Dec 21 2018 01: +0,1545354000
0.03,46,Dec 22 2018 01: +0,1545440400
0.03,62,Dec 23 2018 01: +0,1545526800
0.03,26,Dec 24 2018 01: +0,1545613200
0.03,85,Dec 25 2018 01: +0,1545699600
0.03,29,Dec 26 2018 01: +0,1545786000
0.03,47,Dec 27 2018 01: +0,1545872400
0.03,45,Dec 28 2018 01: +0,1545958800
0.03,45,Dec 29 2018 01: +0,1546045200
0.03,29,Dec 30 2018 01: +0,1546131600
0.03,44,Dec 31 2018 01: +0,1546218000
0.03,38,Jan 01 2019 01: +0,1546304400
0.03,24,Jan 02 2019 01: +0,1546390800
0.03,22,Jan 03 2019 01: +0,1546477200
0.03,37,Jan 04 2019 01: +0,1546563600
0.03,52,Jan 05 2019 01: +0,1546650000
0.03,47,Jan 06 2019 01: +0,1546736400
0.03,33,Jan 07 2019 01: +0,1546822800
0.03,44,Jan 08 2019 01: +0,1546909200
0.03,37,Jan 09 2019 01: +0,1546995600
0.03,37,Jan 10 2019 01: +0,1547082000
0.03,36,Jan 11 2019 01: +0,1547168400
0.03,27,Jan 12 2019 01: +0,1547254800
0.03,25,Jan 13 2019 01: +0,1547341200
0.03,26,Jan 14 2019 01: +0,1547427600
0.03,34,Jan 15 2019 01: +0,1547514000
0.03,62,Jan 16 2019 01: +0,1547600400
0.03,40,Jan 17 2019 01: +0,1547686800
0.03,15,Jan 18 2019 01: +0,1547773200
0.03,27,Jan 19 2019 01: +0,1547859600
0.03,24,Jan 20 2019 01: +0,1547946000
0.03,53,Jan 21 2019 01: +0,1548032400
0.03,25,Jan 22 2019 01: +0,1548118800
0.03,66,Jan 23 2019 01: +0,1548205200
0.03,79,Jan 24 2019 01: +0,1548291600
0.03,41,Jan 25 2019 01: +0,1548378000
0.03,44,Jan 26 2019 01: +0,1548464400
0.03,32,Jan 27 2019 01: +0,1548550800
0.03,24,Jan 28 2019 01: +0,1548637200
0.03,24,Jan 29 2019 01: +0,1548723600
0.03,59,Jan 30 2019 01: +0,1548810000
0.03,68,Jan 31 2019 01: +0,1548896400
0.03,30,Feb 01 2019 01: +0,1548982800
0.03,39,Feb 02 2019 01: +0,1549069200
0.03,35,Feb 03 2019 01: +0,1549155600
0.03,20,Feb 04 2019 01: +0,1549242000
0.03,37,Feb 05 2019 01: +0,1549328400
0.03,51,Feb 06 2019 01: +0,1549414800
0.03,45,Feb 07 2019 01: +0,1549501200
0.03,36,Feb 08 2019 01: +0,1549587600
0.03,51,Feb 09 2019 01: +0,1549674000
0.03,32,Feb 10 2019 01: +0,1549760400
0.03,28,Feb 11 2019 01: +0,1549846800
0.03,33,Feb 12 2019 01: +0,1549933200
0.03,41,Feb 13 2019 01: +0,1550019600
0.03,28,Feb 14 2019 01: +0,1550106000
0.03,37,Feb 15 2019 01: +0,1550192400
0.03,55,Feb 16 2019 01: +0,1550278800
0.03,59,Feb 17 2019 01: +0,1550365200
0.03,17,Feb 18 2019 01: +0,1550451600
0.03,50,Feb 19 2019 01: +0,1550538000
0.03,31,Feb 20 2019 01: +0,1550624400
0.03,31,Feb 21 2019 01: +0,1550710800
0.03,28,Feb 22 2019 01: +0,1550797200
0.03,34,Feb 23 2019 01: +0,1550883600
0.03,46,Feb 24 2019 01: +0,1550970000
0.03,33,Feb 25 2019 01: +0,1551056400
0.03,53,Feb 26 2019 01: +0,1551142800
0.03,47,Feb 27 2019 01: +0,1551229200
0.03,17,Feb 28 2019 01: +0,1551315600
0.03,48,Mar 01 2019 01: +0,1551402000
0.03,57,Mar 02 2019 01: +0,1551488400
0.03,62,Mar 03 2019 01: +0,1551574800
0.03,36,Mar 04 2019 01: +0,1551661200
0.03,52,Mar 05 2019 01: +0,1551747600
0.03,47,Mar 06 2019 01: +0,1551834000
0.03,36,Mar 07 2019 01: +0,1551920400
0.03,53,Mar 08 2019 01: +0,1552006800
0.03,47,Mar 09 2019 01: +0,1552093200
0.03,52,Mar 10 2019 01: +0,1552179600
0.03,23,Mar 11 2019 01: +0,1552266000
0.03,41,Mar 12 2019 01: +0,1552352400
0.03,42,Mar 13 2019 01: +0,1552438800
0.03,96,Mar 14 2019 01: +0,1552525200
0.03,63,Mar 15 2019 01: +0,1552611600
0.03,129,Mar 16 2019 01: +0,1552698000
0.03,35,Mar 17 2019 01: +0,1552784400
0.03,69,Mar 18 2019 01: +0,1552870800
0.03,56,Mar 19 2019 01: +0,1552957200
0.03,32,Mar 20 2019 01: +0,1553043600
0.03,43,Mar 21 2019 01: +0,1553130000
0.03,39,Mar 22 2019 01: +0,1553216400
0.03,71,Mar 23 2019 01: +0,1553302800
0.03,44,Mar 24 2019 01: +0,1553389200
0.03,57,Mar 25 2019 01: +0,1553475600
0.03,33,Mar 26 2019 01: +0,1553562000
0.03,137,Mar 27 2019 01: +0,1553648400
0.03,79,Mar 28 2019 01: +0,1553734800
0.03,79,Mar 29 2019 01: +0,1553821200
0.03,79,Mar 30 2019 01: +0,1553907600
0.03,62,Mar 31 2019 01: +0,1553994000
0.03,33,Apr 01 2019 01: +0,1554076800
0.03,20,Apr 02 2019 01: +0,1554163200
0.03,57,Apr 03 2019 01: +0,1554249600
0.03,50,Apr 04 2019 01: +0,1554336000
0.03,33,Apr 05 2019 01: +0,1554422400
0.03,162,Apr 06 2019 01: +0,1554508800
0.03,51,Apr 07 2019 01: +0,1554595200
0.03,49,Apr 08 2019 01: +0,1554681600
0.03,37,Apr 09 2019 01: +0,1554768000
0.03,53,Apr 10 2019 01: +0,1554854400
0.03,30,Apr 11 2019 01: +0,1554940800
0.03,42,Apr 12 2019 01: +0,1555027200
0.03,74,Apr 13 2019 01: +0,1555113600
0.03,55,Apr 14 2019 01: +0,1555200000
0.03,18,Apr 15 2019 01: +0,1555286400
0.03,22,Apr 16 2019 01: +0,1555372800
0.03,39,Apr 17 2019 01: +0,1555459200
0.03,40,Apr 18 2019 01: +0,1555545600
0.03,43,Apr 19 2019 01: +0,1555632000
0.03,58,Apr 20 2019 01: +0,1555718400
0.03,34,Apr 21 2019 01: +0,1555804800
0.03,28,Apr 22 2019 01: +0,1555891200
0.03,24,Apr 23 2019 01: +0,1555977600
0.03,78,Apr 24 2019 01: +0,1556064000
0.03,28,Apr 25 2019 01: +0,1556150400
0.03,19,Apr 26 2019 01: +0,1556236800
0.03,38,Apr 27 2019 01: +0,1556323200
0.03,40,Apr 28 2019 01: +0,1556409600
0.03,29,Apr 29 2019 01: +0,1556496000
0.03,57,Apr 30 2019 01: +0,1556582400
0.03,84,May 01 2019 01: +0,1556668800
0.03,59,May 02 2019 01: +0,1556755200
0.03,83,May 03 2019 01: +0,1556841600
0.03,64,May 04 2019 01: +0,1556928000
0.03,69,May 05 2019 01: +0,1557014400
0.03,27,May 06 2019 01: +0,1557100800
0.03,30,May 07 2019 01: +0,1557187200
0.03,55,May 08 2019 01: +0,1557273600
0.03,94,May 09 2019 01: +0,1557360000
0.03,38,May 10 2019 01: +0,1557446400
0.03,65,May 11 2019 01: +0,1557532800
0.03,54,May 12 2019 01: +0,1557619200
0.03,22,May 13 2019 01: +0,1557705600
0.03,27,May 14 2019 01: +0,1557792000
0.03,61,May 15 2019 01: +0,1557878400
0.03,27,May 16 2019 01: +0,1557964800
0.03,48,May 17 2019 01: +0,1558051200
0.03,56,May 18 2019 01: +0,1558137600
0.03,73,May 19 2019 01: +0,1558224000
0.03,25,May 20 2019 01: +0,1558310400
0.03,30,May 21 2019 01: +0,1558396800
0.03,22,May 22 2019 01: +0,1558483200
0.03,68,May 23 2019 01: +0,1558569600
0.03,30,May 24 2019 01: +0,1558656000
0.03,59,May 25 2019 01: +0,1558742400
0.03,38,May 26 2019 01: +0,1558828800
0.03,28,May 27 2019 01: +0,1558915200
0.03,54,May 28 2019 01: +0,1559001600
0.03,71,May 29 2019 01: +0,1559088000
0.03,48,May 30 2019 01: +0,1559174400
0.03,24,May 31 2019 01: +0,1559260800
0.03,30,Jun 01 2019 01: +0,1559347200
0.03,55,Jun 02 2019 01: +0,1559433600
0.03,125,Jun 03 2019 01: +0,1559520000
0.03,29,Jun 04 2019 01: +0,1559606400
0.03,48,Jun 05 2019 01: +0,1559692800
0.03,38,Jun 06 2019 01: +0,1559779200
0.03,61,Jun 07 2019 01: +0,1559865600
0.03,48,Jun 08 2019 01: +0,1559952000
0.03,71,Jun 09 2019 01: +0,1560038400
0.03,61,Jun 10 2019 01: +0,1560124800
0.03,107,Jun 11 2019 01: +0,1560211200
0.03,46,Jun 12 2019 01: +0,1560297600
0.03,37,Jun 13 2019 01: +0,1560384000
0.03,40,Jun 14 2019 01: +0,1560470400
0.03,42,Jun 15 2019 01: +0,1560556800
0.03,30,Jun 16 2019 01: +0,1560643200
0.03,45,Jun 17 2019 01: +0,1560729600
0.03,47,Jun 18 2019 01: +0,1560816000
0.03,65,Jun 19 2019 01: +0,1560902400
0.03,66,Jun 20 2019 01: +0,1560988800
0.03,63,Jun 21 2019 01: +0,1561075200
0.03,39,Jun 22 2019 01: +0,1561161600
0.03,27,Jun 23 2019 01: +0,1561248000
0.03,34,Jun 24 2019 01: +0,1561334400
0.03,50,Jun 25 2019 01: +0,1561420800
0.03,98,Jun 26 2019 01: +0,1561507200
0.03,48,Jun 27 2019 01: +0,1561593600
0.03,36,Jun 28 2019 01: +0,1561680000
0.03,52,Jun 29 2019 01: +0,1561766400
0.03,32,Jun 30 2019 01: +0,1561852800
0.03,45,Jul 01 2019 01: +0,1561939200
0.03,31,Jul 02 2019 01: +0,1562025600
0.03,58,Jul 03 2019 01: +0,1562112000
0.03,38,Jul 04 2019 01: +0,1562198400
0.03,48,Jul 05 2019 01: +0,1562284800
0.03,28,Jul 06 2019 01: +0,1562371200
0.03,43,Jul 07 2019 01: +0,1562457600
0.03,55,Jul 08 2019 01: +0,1562544000
0.03,43,Jul 09 2019 01: +0,1562630400
0.03,68,Jul 10 2019 01: +0,1562716800
0.03,34,Jul 11 2019 01: +0,1562803200
0.03,48,Jul 12 2019 01: +0,1562889600
0.03,34,Jul 13 2019 01: +0,1562976000
0.03,71,Jul 14 2019 01: +0,1563062400
0.03,47,Jul 15 2019 01: +0,1563148800
0.03,57,Jul 16 2019 01: +0,1563235200
0.03,55,Jul 17 2019 01: +0,1563321600
0.03,69,Jul 18 2019 01: +0,1563408000
0.03,62,Jul 19 2019 01: +0,1563494400
0.03,42,Jul 20 2019 01: +0,1563580800
0.03,44,Jul 21 2019 01: +0,1563667200
0.03,52,Jul 22 2019 01: +0,1563753600
0.03,197,Jul 23 2019 01: +0,1563840000
0.03,53,Jul 24 2019 01: +0,1563926400
0.03,48,Jul 25 2019 01: +0,1564012800
0.03,29,Jul 26 2019 01: +0,1564099200
0.03,136,Jul 27 2019 01: +0,1564185600
0.03,27,Jul 28 2019 01: +0,1564272000
0.03,74,Jul 29 2019 01: +0,1564358400
0.03,53,Jul 30 2019 01: +0,1564444800
0.03,77,Jul 31 2019 01: +0,1564531200
0.03,50,Aug 01 2019 01: +0,1564617600
0.03,36,Aug 02 2019 01: +0,1564704000
0.03,92,Aug 03 2019 01: +0,1564790400
0.03,74,Aug 04 2019 01: +0,1564876800
0.03,42,Aug 05 2019 01: +0,1564963200
0.03,49,Aug 06 2019 01: +0,1565049600
0.03,32,Aug 07 2019 01: +0,1565136000
0.03,51,Aug 08 2019 01: +0,1565222400
0.03,27,Aug 09 2019 01: +0,1565308800
0.03,36,Aug 10 2019 01: +0,1565395200
0.03,51,Aug 11 2019 01: +0,1565481600
0.03,64,Aug 12 2019 01: +0,1565568000
0.03,31,Aug 13 2019 01: +0,1565654400
0.03,38,Aug 14 2019 01: +0,1565740800
0.03,63,Aug 15 2019 01: +0,1565827200
0.03,98,Aug 16 2019 01: +0,1565913600
0.03,57,Aug 17 2019 01: +0,1566000000
0.03,132,Aug 18 2019 01: +0,1566086400
0.03,36,Aug 19 2019 01: +0,1566172800
0.03,35,Aug 20 2019 01: +0,1566259200
0.03,33,Aug 21 2019 01: +0,1566345600
0.03,49,Aug 22 2019 01: +0,1566432000
0.03,29,Aug 23 2019 01: +0,1566518400
0.03,24,Aug 24 2019 01: +0,1566604800
0.03,48,Aug 25 2019 01: +0,1566691200
0.03,45,Aug 26 2019 01: +0,1566777600
0.03,63,Aug 27 2019 01: +0,1566864000
0.03,60,Aug 28 2019 01: +0,1566950400
0.03,63,Aug 29 2019 01: +0,1567036800
0.03,57,Aug 30 2019 01: +0,1567123200
0.03,55,Aug 31 2019 01: +0,1567209600
0.03,77,Sep 01 2019 01: +0,1567296000
0.03,65,Sep 02 2019 01: +0,1567382400
0.03,44,Sep 03 2019 01: +0,1567468800
0.03,46,Sep 04 2019 01: +0,1567555200
0.03,48,Sep 05 2019 01: +0,1567641600
0.03,135,Sep 06 2019 01: +0,1567728000
0.03,32,Sep 07 2019 01: +0,1567814400
0.03,64,Sep 08 2019 01: +0,1567900800
0.03,28,Sep 09 2019 01: +0,1567987200
0.03,72,Sep 10 2019 01: +0,1568073600
0.03,53,Sep 11 2019 01: +0,1568160000
0.03,41,Sep 12 2019 01: +0,1568246400
0.03,51,Sep 13 2019 01: +0,1568332800
0.03,50,Sep 14 2019 01: +0,1568419200
0.03,57,Sep 15 2019 01: +0,1568505600
0.03,46,Sep 16 2019 01: +0,1568592000
0.03,71,Sep 17 2019 01: +0,1568678400
0.03,39,Sep 18 2019 01: +0,1568764800
0.03,47,Sep 19 2019 01: +0,1568851200
0.03,40,Sep 20 2019 01: +0,1568937600
0.03,43,Sep 21 2019 01: +0,1569024000
0.03,61,Sep 22 2019 01: +0,1569110400
0.03,31,Sep 23 2019 01: +0,1569196800
0.03,38,Sep 24 2019 01: +0,1569283200
0.03,57,Sep 25 2019 01: +0,1569369600
0.03,48,Sep 26 2019 01: +0,1569456000
0.03,92,Sep 27 2019 01: +0,1569542400
0.03,125,Sep 28 2019 01: +0,1569628800
0.03,39,Sep 29 2019 01: +0,1569715200
0.03,28,Sep 30 2019 01: +0,1569801600
0.03,23,Oct 01 2019 01: +0,1569888000
0.03,36,Oct 02 2019 01: +0,1569974400
0.03,45,Oct 03 2019 01: +0,1570060800
0.03,80,Oct 04 2019 01: +0,1570147200
0.03,49,Oct 05 2019 01: +0,1570233600
0.03,60,Oct 06 2019 01: +0,1570320000
0.03,52,Oct 07 2019 01: +0,1570406400
0.03,27,Oct 08 2019 01: +0,1570492800
0.03,49,Oct 09 2019 01: +0,1570579200
0.03,55,Oct 10 2019 01: +0,1570665600
0.03,55,Oct 11 2019 01: +0,1570752000
0.03,49,Oct 12 2019 01: +0,1570838400
0.03,71,Oct 13 2019 01: +0,1570924800
0.03,26,Oct 14 2019 01: +0,1571011200
0.03,33,Oct 15 2019 01: +0,1571097600
0.03,45,Oct 16 2019 01: +0,1571184000
0.03,51,Oct 17 2019 01: +0,1571270400
0.03,46,Oct 18 2019 01: +0,1571356800
0.03,92,Oct 19 2019 01: +0,1571443200
0.03,73,Oct 20 2019 01: +0,1571529600
0.03,69,Oct 21 2019 01: +0,1571616000
0.03,142,Oct 22 2019 01: +0,1571702400
0.03,44,Oct 23 2019 01: +0,1571788800
0.03,68,Oct 24 2019 01: +0,1571875200
0.03,58,Oct 25 2019 01: +0,1571961600
0.03,105,Oct 26 2019 01: +0,1572048000
0.03,86,Oct 27 2019 01: +0,1572134400
0.03,71,Oct 28 2019 01: +0,1572224400
0.03,71,Oct 29 2019 01: +0,1572310800
0.03,50,Oct 30 2019 01: +0,1572397200
0.03,104,Oct 31 2019 01: +0,1572483600
0.03,50,Nov 01 2019 01: +0,1572570000
0.03,68,Nov 02 2019 01: +0,1572656400
0.03,42,Nov 03 2019 01: +0,1572742800
0.03,60,Nov 04 2019 01: +0,1572829200
0.03,56,Nov 05 2019 01: +0,1572915600
0.03,63,Nov 06 2019 01: +0,1573002000
0.03,39,Nov 07 2019 01: +0,1573088400
0.03,50,Nov 08 2019 01: +0,1573174800
0.03,61,Nov 09 2019 01: +0,1573261200
0.03,54,Nov 10 2019 01: +0,1573347600
0.03,41,Nov 11 2019 01: +0,1573434000
0.03,51,Nov 12 2019 01: +0,1573520400
0.03,39,Nov 13 2019 01: +0,1573606800
0.03,62,Nov 14 2019 01: +0,1573693200
0.03,46,Nov 15 2019 01: +0,1573779600
0.03,68,Nov 16 2019 01: +0,1573866000
0.03,67,Nov 17 2019 01: +0,1573952400
0.03,22,Nov 18 2019 01: +0,1574038800
0.03,68,Nov 19 2019 01: +0,1574125200
0.03,88,Nov 20 2019 01: +0,1574211600
0.03,29,Nov 21 2019 01: +0,1574298000
0.03,39,Nov 22 2019 01: +0,1574384400
0.03,48,Nov 23 2019 01: +0,1574470800
0.03,55,Nov 24 2019 01: +0,1574557200
0.03,63,Nov 25 2019 01: +0,1574643600
0.03,43,Nov 26 2019 01: +0,1574730000
0.03,50,Nov 27 2019 01: +0,1574816400
0.03,49,Nov 28 2019 01: +0,1574902800
0.03,81,Nov 29 2019 01: +0,1574989200
0.03,72,Nov 30 2019 01: +0,1575075600
0.03,43,Dec 01 2019 01: +0,1575162000
0.03,42,Dec 02 2019 01: +0,1575248400
0.03,29,Dec 03 2019 01: +0,1575334800
0.03,51,Dec 04 2019 01: +0,1575421200
0.03,26,Dec 05 2019 01: +0,1575507600
0.03,47,Dec 06 2019 01: +0,1575594000
0.03,86,Dec 07 2019 01: +0,1575680400
0.03,76,Dec 08 2019 01: +0,1575766800
0.03,49,Dec 09 2019 01: +0,1575853200
0.03,35,Dec 10 2019 01: +0,1575939600
0.03,37,Dec 11 2019 01: +0,1576026000
0.03,28,Dec 12 2019 01: +0,1576112400
0.03,49,Dec 13 2019 01: +0,1576198800
0.03,67,Dec 14 2019 01: +0,1576285200
0.03,65,Dec 15 2019 01: +0,1576371600
0.03,54,Dec 16 2019 01: +0,1576458000
0.03,34,Dec 17 2019 01: +0,1576544400
0.03,50,Dec 18 2019 01: +0,1576630800
0.03,29,Dec 19 2019 01: +0,1576717200
0.03,32,Dec 20 2019 01: +0,1576803600
0.03,47,Dec 21 2019 01: +0,1576890000
0.03,45,Dec 22 2019 01: +0,1576976400
0.03,51,Dec 23 2019 01: +0,1577062800
0.03,26,Dec 24 2019 01: +0,1577149200
0.03,57,Dec 25 2019 01: +0,1577235600
0.03,118,Dec 26 2019 01: +0,1577322000
0.03,81,Dec 27 2019 01: +0,1577408400
0.03,67,Dec 28 2019 01: +0,1577494800
0.03,38,Dec 29 2019 01: +0,1577581200
0.03,46,Dec 30 2019 01: +0,1577667600
0.03,23,Dec 31 2019 01: +0,1577754000
0.03,68,Jan 01 2020 01: +0,1577840400
0.03,242,Jan 02 2020 01: +0,1577926800
0.03,45,Jan 03 2020 01: +0,1578013200
0.03,40,Jan 04 2020 01: +0,1578099600
0.03,51,Jan 05 2020 01: +0,1578186000
0.03,30,Jan 06 2020 01: +0,1578272400
0.03,123,Jan 07 2020 01: +0,1578358800
0.03,38,Jan 08 2020 01: +0,1578445200
0.03,82,Jan 09 2020 01: +0,1578531600
0.03,92,Jan 10 2020 01: +0,1578618000
0.03,83,Jan 11 2020 01: +0,1578704400
0.03,31,Jan 12 2020 01: +0,1578790800
0.03,47,Jan 13 2020 01: +0,1578877200
0.03,33,Jan 14 2020 01: +0,1578963600
0.03,91,Jan 15 2020 01: +0,1579050000
0.03,41,Jan 16 2020 01: +0,1579136400
0.03,51,Jan 17 2020 01: +0,1579222800
0.03,55,Jan 18 2020 01: +0,1579309200
0.03,66,Jan 19 2020 01: +0,1579395600
0.03,48,Jan 20 2020 01: +0,1579482000
0.03,35,Jan 21 2020 01: +0,1579568400
0.03,42,Jan 22 2020 01: +0,1579654800
0.03,131,Jan 23 2020 01: +0,1579741200
0.03,72,Jan 24 2020 01: +0,1579827600
0.03,63,Jan 25 2020 01: +0,1579914000
0.03,83,Jan 26 2020 01: +0,1580000400
0.03,71,Jan 27 2020 01: +0,1580086800
0.03,42,Jan 28 2020 01: +0,1580173200
0.03,61,Jan 29 2020 01: +0,1580259600
0.03,52,Jan 30 2020 01: +0,1580346000
0.03,62,Jan 31 2020 01: +0,1580432400
0.03,100,Feb 01 2020 01: +0,1580518800
0.03,123,Feb 02 2020 01: +0,1580605200
0.03,47,Feb 03 2020 01: +0,1580691600
0.03,92,Feb 04 2020 01: +0,1580778000
0.03,64,Feb 05 2020 01: +0,1580864400
0.03,67,Feb 06 2020 01: +0,1580950800
0.03,76,Feb 07 2020 01: +0,1581037200
0.03,61,Feb 08 2020 01: +0,1581123600
0.03,49,Feb 09 2020 01: +0,1581210000
0.03,44,Feb 10 2020 01: +0,1581296400
0.03,70,Feb 11 2020 01: +0,1581382800
0.03,78,Feb 12 2020 01: +0,1581469200
0.03,84,Feb 13 2020 01: +0,1581555600
0.03,76,Feb 14 2020 01: +0,1581642000
0.03,80,Feb 15 2020 01: +0,1581728400
0.03,55,Feb 16 2020 01: +0,1581814800
0.03,84,Feb 17 2020 01: +0,1581901200
0.03,78,Feb 18 2020 01: +0,1581987600
0.03,42,Feb 19 2020 01: +0,1582074000
0.03,43,Feb 20 2020 01: +0,1582160400
0.03,65,Feb 21 2020 01: +0,1582246800
0.03,51,Feb 22 2020 01: +0,1582333200
0.03,66,Feb 23 2020 01: +0,1582419600
0.03,79,Feb 24 2020 01: +0,1582506000
0.03,33,Feb 25 2020 01: +0,1582592400
0.03,83,Feb 26 2020 01: +0,1582678800
0.03,70,Feb 27 2020 01: +0,1582765200
0.03,38,Feb 28 2020 01: +0,1582851600
0.03,65,Feb 29 2020 01: +0,1582938000
0.03,47,Mar 01 2020 01: +0,1583024400
0.03,46,Mar 02 2020 01: +0,1583110800
0.03,72,Mar 03 2020 01: +0,1583197200
0.03,53,Mar 04 2020 01: +0,1583283600
0.03,62,Mar 05 2020 01: +0,1583370000
0.03,77,Mar 06 2020 01: +0,1583456400
0.03,68,Mar 07 2020 01: +0,1583542800
0.03,102,Mar 08 2020 01: +0,1583629200
0.03,120,Mar 09 2020 01: +0,1583715600
0.03,38,Mar 10 2020 01: +0,1583802000
0.03,96,Mar 11 2020 01: +0,1583888400
0.03,47,Mar 12 2020 01: +0,1583974800
0.03,47,Mar 13 2020 01: +0,1584061200
0.03,79,Mar 14 2020 01: +0,1584147600
0.03,79,Mar 15 2020 01: +0,1584234000
0.03,45,Mar 16 2020 01: +0,1584320400
0.03,43,Mar 17 2020 01: +0,1584406800
0.03,118,Mar 18 2020 01: +0,1584493200
0.03,71,Mar 19 2020 01: +0,1584579600
0.03,54,Mar 20 2020 01: +0,1584666000
0.03,127,Mar 21 2020 01: +0,1584752400
0.03,87,Mar 22 2020 01: +0,1584838800
0.03,65,Mar 23 2020 01: +0,1584925200
0.03,75,Mar 24 2020 01: +0,1585011600
0.03,68,Mar 25 2020 01: +0,1585098000
0.03,126,Mar 26 2020 01: +0,1585184400
0.03,82,Mar 27 2020 01: +0,1585270800
0.03,87,Mar 28 2020 01: +0,1585357200
0.03,68,Mar 29 2020 01: +0,1585443600
0.03,67,Mar 30 2020 01: +0,1585526400
0.03,122,Mar 31 2020 01: +0,1585612800
0.03,96,Apr 01 2020 01: +0,1585699200
0.03,78,Apr 02 2020 01: +0,1585785600
0.03,116,Apr 03 2020 01: +0,1585872000
0.03,106,Apr 04 2020 01: +0,1585958400
0.03,54,Apr 05 2020 01: +0,1586044800
0.03,102,Apr 06 2020 01: +0,1586131200
0.03,83,Apr 07 2020 01: +0,1586217600
0.03,89,Apr 08 2020 01: +0,1586304000
0.03,216,Apr 09 2020 01: +0,1586390400
0.03,143,Apr 10 2020 01: +0,1586476800
0.03,81,Apr 11 2020 01: +0,1586563200
0.03,85,Apr 12 2020 01: +0,1586649600
0.03,246,Apr 13 2020 01: +0,1586736000
0.03,63,Apr 14 2020 01: +0,1586822400
0.03,85,Apr 15 2020 01: +0,1586908800
0.03,114,Apr 16 2020 01: +0,1586995200
0.03,117,Apr 17 2020 01: +0,1587081600
0.03,89,Apr 18 2020 01: +0,1587168000
0.03,102,Apr 19 2020 01: +0,1587254400
0.03,88,Apr 20 2020 01: +0,1587340800
0.03,151,Apr 21 2020 01: +0,1587427200
0.03,128,Apr 22 2020 01: +0,1587513600
0.03,111,Apr 23 2020 01: +0,1587600000
0.03,119,Apr 24 2020 01: +0,1587686400
0.03,106,Apr 25 2020 01: +0,1587772800
0.03,127,Apr 26 2020 01: +0,1587859200
0.03,131,Apr 27 2020 01: +0,1587945600
0.03,107,Apr 28 2020 01: +0,1588032000
0.03,130,Apr 29 2020 01: +0,1588118400
0.03,84,Apr 30 2020 01: +0,1588204800
0.03,111,May 01 2020 01: +0,1588291200
0.03,140,May 02 2020 01: +0,1588377600
0.03,121,May 03 2020 01: +0,1588464000
0.03,205,May 04 2020 01: +0,1588550400
0.03,63,May 05 2020 01: +0,1588636800
0.03,123,May 06 2020 01: +0,1588723200
0.03,89,May 07 2020 01: +0,1588809600
0.03,112,May 08 2020 01: +0,1588896000
0.03,88,May 09 2020 01: +0,1588982400
0.03,66,May 10 2020 01: +0,1589068800
0.03,101,May 11 2020 01: +0,1589155200
0.03,135,May 12 2020 01: +0,1589241600
0.03,84,May 13 2020 01: +0,1589328000
0.03,128,May 14 2020 01: +0,1589414400
0.03,114,May 15 2020 01: +0,1589500800
0.03,146,May 16 2020 01: +0,1589587200
0.03,185,May 17 2020 01: +0,1589673600
0.03,101,May 18 2020 01: +0,1589760000
0.03,77,May 19 2020 01: +0,1589846400
0.03,113,May 20 2020 01: +0,1589932800
0.03,120,May 21 2020 01: +0,1590019200
0.03,69,May 22 2020 01: +0,1590105600
0.03,81,May 23 2020 01: +0,1590192000
0.03,88,May 24 2020 01: +0,1590278400
0.03,103,May 25 2020 01: +0,1590364800
0.03,67,May 26 2020 01: +0,1590451200
0.03,248,May 27 2020 01: +0,1590537600
0.03,88,May 28 2020 01: +0,1590624000
0.03,74,May 29 2020 01: +0,1590710400
0.03,69,May 30 2020 01: +0,1590796800
0.03,108,May 31 2020 01: +0,1590883200
0.03,83,Jun 01 2020 01: +0,1590969600
0.03,82,Jun 02 2020 01: +0,1591056000
0.03,63,Jun 03 2020 01: +0,1591142400
0.03,166,Jun 04 2020 01: +0,1591228800
0.03,120,Jun 05 2020 01: +0,1591315200
0.03,65,Jun 06 2020 01: +0,1591401600
0.03,124,Jun 07 2020 01: +0,1591488000
0.03,88,Jun 08 2020 01: +0,1591574400
0.03,61,Jun 09 2020 01: +0,1591660800
0.03,148,Jun 10 2020 01: +0,1591747200
0.03,63,Jun 11 2020 01: +0,1591833600
0.03,67,Jun 12 2020 01: +0,1591920000
0.03,78,Jun 13 2020 01: +0,1592006400
0.03,91,Jun 14 2020 01: +0,1592092800
0.03,98,Jun 15 2020 01: +0,1592179200
0.03,53,Jun 16 2020 01: +0,1592265600
0.03,113,Jun 17 2020 01: +0,1592352000
0.03,89,Jun 18 2020 01: +0,1592438400
0.03,78,Jun 19 2020 01: +0,1592524800
0.03,60,Jun 20 2020 01: +0,1592611200
0.03,48,Jun 21 2020 01: +0,1592697600
0.03,56,Jun 22 2020 01: +0,1592784000
0.03,76,Jun 23 2020 01: +0,1592870400
0.03,59,Jun 24 2020 01: +0,1592956800
0.03,98,Jun 25 2020 01: +0,1593043200
0.03,99,Jun 26 2020 01: +0,1593129600
0.03,108,Jun 27 2020 01: +0,1593216000
0.03,134,Jun 28 2020 01: +0,1593302400
0.03,78,Jun 29 2020 01: +0,1593388800
0.03,150,Jun 30 2020 01: +0,1593475200
0.03,42,Jul 01 2020 01: +0,1593561600
0.03,100,Jul 02 2020 01: +0,1593648000
0.03,61,Jul 03 2020 01: +0,1593734400
0.03,34,Jul 04 2020 01: +0,1593820800
0.03,74,Jul 05 2020 01: +0,1593907200
0.03,49,Jul 06 2020 01: +0,1593993600
0.03,99,Jul 07 2020 01: +0,1594080000
0.03,71,Jul 08 2020 01: +0,1594166400
0.03,183,Jul 09 2020 01: +0,1594252800
0.03,60,Jul 10 2020 01: +0,1594339200
0.03,68,Jul 11 2020 01: +0,1594425600
0.03,70,Jul 12 2020 01: +0,1594512000
0.03,74,Jul 13 2020 01: +0,1594598400
0.03,58,Jul 14 2020 01: +0,1594684800
0.03,99,Jul 15 2020 01: +0,1594771200
0.03,74,Jul 16 2020 01: +0,1594857600
0.03,76,Jul 17 2020 01: +0,1594944000
0.03,72,Jul 18 2020 01: +0,1595030400
0.03,85,Jul 19 2020 01: +0,1595116800
0.03,98,Jul 20 2020 01: +0,1595203200
0.03,50,Jul 21 2020 01: +0,1595289600
0.03,59,Jul 22 2020 01: +0,1595376000
0.03,101,Jul 23 2020 01: +0,1595462400
0.03,66,Jul 24 2020 01: +0,1595548800
0.03,75,Jul 25 2020 01: +0,1595635200
0.03,52,Jul 26 2020 01: +0,1595721600
0.03,74,Jul 27 2020 01: +0,1595808000
0.03,60,Jul 28 2020 01: +0,1595894400
0.03,66,Jul 29 2020 01: +0,1595980800
0.03,116,Jul 30 2020 01: +0,1596067200
0.03,45,Jul 31 2020 01: +0,1596153600
0.03,93,Aug 01 2020 01: +0,1596240000
0.03,72,Aug 02 2020 01: +0,1596326400
0.03,60,Aug 03 2020 01: +0,1596412800
0.03,68,Aug 04 2020 01: +0,1596499200
0.03,46,Aug 05 2020 01: +0,1596585600
0.03,63,Aug 06 2020 01: +0,1596672000
0.03,108,Aug 07 2020 01: +0,1596758400
0.03,65,Aug 08 2020 01: +0,1596844800
0.03,186,Aug 09 2020 01: +0,1596931200
0.03,103,Aug 10 2020 01: +0,1597017600
0.03,57,Aug 11 2020 01: +0,1597104000
0.03,80,Aug 12 2020 01: +0,1597190400
0.03,65,Aug 13 2020 01: +0,1597276800
0.03,88,Aug 14 2020 01: +0,1597363200
0.03,58,Aug 15 2020 01: +0,1597449600
0.03,72,Aug 16 2020 01: +0,1597536000
0.03,57,Aug 17 2020 01: +0,1597622400
0.03,103,Aug 18 2020 01: +0,1597708800
0.03,87,Aug 19 2020 01: +0,1597795200
0.03,121,Aug 20 2020 01: +0,1597881600
0.03,68,Aug 21 2020 01: +0,1597968000
0.03,64,Aug 22 2020 01: +0,1598054400
0.03,69,Aug 23 2020 01: +0,1598140800
0.03,135,Aug 24 2020 01: +0,1598227200
0.03,110,Aug 25 2020 01: +0,1598313600
0.03,113,Aug 26 2020 01: +0,1598400000
0.03,96,Aug 27 2020 01: +0,1598486400
0.03,57,Aug 28 2020 01: +0,1598572800
0.03,115,Aug 29 2020 01: +0,1598659200
0.03,70,Aug 30 2020 01: +0,1598745600
0.03,57,Aug 31 2020 01: +0,1598832000
0.03,56,Sep 01 2020 01: +0,1598918400
0.03,95,Sep 02 2020 01: +0,1599004800
0.03,64,Sep 03 2020 01: +0,1599091200
0.03,110,Sep 04 2020 01: +0,1599177600
0.03,67,Sep 05 2020 01: +0,1599264000
0.03,52,Sep 06 2020 01: +0,1599350400
0.03,112,Sep 07 2020 01: +0,1599436800
0.03,78,Sep 08 2020 01: +0,1599523200
0.03,68,Sep 09 2020 01: +0,1599609600
0.03,125,Sep 10 2020 01: +0,1599696000
0.03,106,Sep 11 2020 01: +0,1599782400
0.03,110,Sep 12 2020 01: +0,1599868800
0.03,46,Sep 13 2020 01: +0,1599955200
0.03,82,Sep 14 2020 01: +0,1600041600
0.03,43,Sep 15 2020 01: +0,1600128000
0.03,76,Sep 16 2020 01: +0,1600214400
0.03,64,Sep 17 2020 01: +0,1600300800
0.03,66,Sep 18 2020 01: +0,1600387200
0.03,66,Sep 19 2020 01: +0,1600473600
0.03,81,Sep 20 2020 01: +0,1600560000
0.03,78,Sep 21 2020 01: +0,1600646400
0.03,153,Sep 22 2020 01: +0,1600732800
0.03,79,Sep 23 2020 01: +0,1600819200
0.03,93,Sep 24 2020 01: +0,1600905600
0.03,161,Sep 25 2020 01: +0,1600992000
0.03,56,Sep 26 2020 01: +0,1601078400
0.03,73,Sep 27 2020 01: +0,1601164800
0.03,116,Sep 28 2020 01: +0,1601251200
0.03,51,Sep 29 2020 01: +0,1601337600
0.03,84,Sep 30 2020 01: +0,1601424000
0.03,62,Oct 01 2020 01: +0,1601510400
0.03,79,Oct 02 2020 01: +0,1601596800
0.03,132,Oct 03 2020 01: +0,1601683200
0.03,56,Oct 04 2020 01: +0,1601769600
0.03,63,Oct 05 2020 01: +0,1601856000
0.03,49,Oct 06 2020 01: +0,1601942400
0.03,77,Oct 07 2020 01: +0,1602028800
0.03,96,Oct 08 2020 01: +0,1602115200
0.03,146,Oct 09 2020 01: +0,1602201600
0.03,70,Oct 10 2020 01: +0,1602288000
0.03,78,Oct 11 2020 01: +0,1602374400
0.03,94,Oct 12 2020 01: +0,1602460800
0.03,64,Oct 13 2020 01: +0,1602547200
0.03,87,Oct 14 2020 01: +0,1602633600
0.03,75,Oct 15 2020 01: +0,1602720000
0.03,66,Oct 16 2020 01: +0,1602806400
0.03,94,Oct 17 2020 01: +0,1602892800
0.03,76,Oct 18 2020 01: +0,1602979200
0.03,47,Oct 19 2020 01: +0,1603065600
0.03,55,Oct 20 2020 01: +0,1603152000
0.03,134,Oct 21 2020 01: +0,1603238400
0.03,113,Oct 22 2020 01: +0,1603324800
0.03,75,Oct 23 2020 01: +0,1603411200
0.03,82,Oct 24 2020 01: +0,1603497600
0.03,75,Oct 25 2020 01: +0,1603584000
0.03,62,Oct 26 2020 01: +0,1603674000
0.03,123,Oct 27 2020 01: +0,1603760400
0.03,69,Oct 28 2020 01: +0,1603846800
0.03,89,Oct 29 2020 01: +0,1603933200
0.03,110,Oct 30 2020 01: +0,1604019600
0.03,84,Oct 31 2020 01: +0,1604106000
0.03,75,Nov 01 2020 01: +0,1604192400
0.03,48,Nov 02 2020 01: +0,1604278800
0.03,73,Nov 03 2020 01: +0,1604365200
0.03,100,Nov 04 2020 01: +0,1604451600
0.03,66,Nov 05 2020 01: +0,1604538000
0.03,41,Nov 06 2020 01: +0,1604624400
0.03,60,Nov 07 2020 01: +0,1604710800
0.03,54,Nov 08 2020 01: +0,1604797200
0.03,67,Nov 09 2020 01: +0,1604883600
0.03,87,Nov 10 2020 01: +0,1604970000
0.03,101,Nov 11 2020 01: +0,1605056400
0.03,63,Nov 12 2020 01: +0,1605142800
0.03,78,Nov 13 2020 01: +0,1605229200
0.03,58,Nov 14 2020 01: +0,1605315600
0.03,114,Nov 15 2020 01: +0,1605402000
0.03,94,Nov 16 2020 01: +0,1605488400
0.03,75,Nov 17 2020 01: +0,1605574800
0.03,89,Nov 18 2020 01: +0,1605661200
0.03,78,Nov 19 2020 01: +0,1605747600
0.03,71,Nov 20 2020 01: +0,1605834000
0.03,76,Nov 21 2020 01: +0,1605920400
0.03,89,Nov 22 2020 01: +0,1606006800
0.03,89,Nov 23 2020 01: +0,1606093200
0.03,54,Nov 24 2020 01: +0,1606179600
0.03,61,Nov 25 2020 01: +0,1606266000
0.03,113,Nov 26 2020 01: +0,1606352400
0.03,157,Nov 27 2020 01: +0,1606438800
0.03,70,Nov 28 2020 01: +0,1606525200
0.03,91,Nov 29 2020 01: +0,1606611600
0.03,96,Nov 30 2020 01: +0,1606698000
0.03,67,Dec 01 2020 01: +0,1606784400
0.03,224,Dec 02 2020 01: +0,1606870800
0.03,104,Dec 03 2020 01: +0,1606957200
0.03,83,Dec 04 2020 01: +0,1607043600
0.03,105,Dec 05 2020 01: +0,1607130000
0.03,78,Dec 06 2020 01: +0,1607216400
0.03,175,Dec 07 2020 01: +0,1607302800
0.03,106,Dec 08 2020 01: +0,1607389200
0.03,83,Dec 09 2020 01: +0,1607475600
0.03,90,Dec 10 2020 01: +0,1607562000
0.03,113,Dec 11 2020 01: +0,1607648400
0.03,118,Dec 12 2020 01: +0,1607734800
0.03,74,Dec 13 2020 01: +0,1607821200
0.03,110,Dec 14 2020 01: +0,1607907600
0.03,66,Dec 15 2020 01: +0,1607994000
0.03,118,Dec 16 2020 01: +0,1608080400
0.03,120,Dec 17 2020 01: +0,1608166800
0.03,169,Dec 18 2020 01: +0,1608253200
0.03,119,Dec 19 2020 01: +0,1608339600
0.03,91,Dec 20 2020 01: +0,1608426000
0.03,70,Dec 21 2020 01: +0,1608512400
0.03,113,Dec 22 2020 01: +0,1608598800
0.03,164,Dec 23 2020 01: +0,1608685200
0.03,108,Dec 24 2020 01: +0,1608771600
0.03,75,Dec 25 2020 01: +0,1608858000
0.03,94,Dec 26 2020 01: +0,1608944400
0.03,62,Dec 27 2020 01: +0,1609030800
0.03,100,Dec 28 2020 01: +0,1609117200
0.03,116,Dec 29 2020 01: +0,1609203600
0.03,120,Dec 30 2020 01: +0,1609290000
0.03,58,Dec 31 2020 01: +0,1609376400
0.03,114,Jan 01 2021 01: +0,1609462800
0.03,85,Jan 02 2021 01: +0,1609549200
0.03,130,Jan 03 2021 01: +0,1609635600
0.03,91,Jan 04 2021 01: +0,1609722000
0.03,262,Jan 05 2021 01: +0,1609808400
0.03,121,Jan 06 2021 01: +0,1609894800
0.03,63,Jan 07 2021 01: +0,1609981200
0.03,121,Jan 08 2021 01: +0,1610067600
0.03,99,Jan 09 2021 01: +0,1610154000
0.03,199,Jan 10 2021 01: +0,1610240400
0.03,82,Jan 11 2021 01: +0,1610326800
0.03,92,Jan 12 2021 01: +0,1610413200
0.03,184,Jan 13 2021 01: +0,1610499600
0.03,136,Jan 14 2021 01: +0,1610586000
0.03,417,Jan 15 2021 01: +0,1610672400
0.03,98,Jan 16 2021 01: +0,1610758800
0.03,87,Jan 17 2021 01: +0,1610845200
0.03,87,Jan 18 2021 01: +0,1610931600
0.03,74,Jan 19 2021 01: +0,1611018000
0.03,216,Jan 20 2021 01: +0,1611104400
0.03,128,Jan 21 2021 01: +0,1611190800
0.03,105,Jan 22 2021 01: +0,1611277200
0.03,64,Jan 23 2021 01: +0,1611363600
0.03,101,Jan 24 2021 01: +0,1611450000
0.03,82,Jan 25 2021 01: +0,1611536400
0.03,394,Jan 26 2021 01: +0,1611622800
0.03,158,Jan 27 2021 01: +0,1611709200
0.03,105,Jan 28 2021 01: +0,1611795600
0.03,62,Jan 29 2021 01: +0,1611882000
0.03,121,Jan 30 2021 01: +0,1611968400
0.03,75,Jan 31 2021 01: +0,1612054800
0.03,82,Feb 01 2021 01: +0,1612141200
0.03,109,Feb 02 2021 01: +0,1612227600
0.03,130,Feb 03 2021 01: +0,1612314000
0.03,65,Feb 04 2021 01: +0,1612400400
0.03,103,Feb 05 2021 01: +0,1612486800
0.03,114,Feb 06 2021 01: +0,1612573200
0.03,173,Feb 07 2021 01: +0,1612659600
0.03,210,Feb 08 2021 01: +0,1612746000
0.03,138,Feb 09 2021 01: +0,1612832400
0.03,82,Feb 10 2021 01: +0,1612918800
0.03,131,Feb 11 2021 01: +0,1613005200
0.03,120,Feb 12 2021 01: +0,1613091600
0.03,99,Feb 13 2021 01: +0,1613178000
0.03,100,Feb 14 2021 01: +0,1613264400
0.03,80,Feb 15 2021 01: +0,1613350800
0.03,167,Feb 16 2021 01: +0,1613437200
0.03,92,Feb 17 2021 01: +0,1613523600
0.03,64,Feb 18 2021 01: +0,1613610000
0.03,135,Feb 19 2021 01: +0,1613696400
0.03,61,Feb 20 2021 01: +0,1613782800
0.03,101,Feb 21 2021 01: +0,1613869200
0.03,70,Feb 22 2021 01: +0,1613955600
0.03,89,Feb 23 2021 01: +0,1614042000
0.03,183,Feb 24 2021 01: +0,1614128400
0.03,87,Feb 25 2021 01: +0,1614214800
0.03,210,Feb 26 2021 01: +0,1614301200
0.03,97,Feb 27 2021 01: +0,1614387600
0.03,139,Feb 28 2021 01: +0,1614474000
0.03,86,Mar 01 2021 01: +0,1614560400
0.03,126,Mar 02 2021 01: +0,1614646800
0.03,204,Mar 03 2021 01: +0,1614733200
0.03,116,Mar 04 2021 01: +0,1614819600
0.03,102,Mar 05 2021 01: +0,1614906000
0.03,156,Mar 06 2021 01: +0,1614992400
0.03,94,Mar 07 2021 01: +0,1615078800
0.03,116,Mar 08 2021 01: +0,1615165200
0.03,89,Mar 09 2021 01: +0,1615251600
0.03,76,Mar 10 2021 01: +0,1615338000
0.03,112,Mar 11 2021 01: +0,1615424400
0.03,149,Mar 12 2021 01: +0,1615510800
0.03,119,Mar 13 2021 01: +0,1615597200
0.03,152,Mar 14 2021 01: +0,1615683600
0.03,83,Mar 15 2021 01: +0,1615770000
0.03,84,Mar 16 2021 01: +0,1615856400
0.03,92,Mar 17 2021 01: +0,1615942800
0.03,178,Mar 18 2021 01: +0,1616029200
0.03,112,Mar 19 2021 01: +0,1616115600
0.03,77,Mar 20 2021 01: +0,1616202000
0.03,145,Mar 21 2021 01: +0,1616288400
0.03,168,Mar 22 2021 01: +0,1616374800
0.03,128,Mar 23 2021 01: +0,1616461200
0.03,113,Mar 24 2021 01: +0,1616547600
0.03,112,Mar 25 2021 01: +0,1616634000
0.03,104,Mar 26 2021 01: +0,1616720400
0.03,139,Mar 27 2021 01: +0,1616806800
0.03,111,Mar 28 2021 01: +0,1616893200
0.03,131,Mar 29 2021 01: +0,1616976000
0.03,59,Mar 30 2021 01: +0,1617062400
0.03,97,Mar 31 2021 01: +0,1617148800
0.03,127,Apr 01 2021 01: +0,1617235200
0.03,165,Apr 02 2021 01: +0,1617321600
0.03,132,Apr 03 2021 01: +0,1617408000
0.03,121,Apr 04 2021 01: +0,1617494400
0.03,80,Apr 05 2021 01: +0,1617580800
0.03,204,Apr 06 2021 01: +0,1617667200
0.03,73,Apr 07 2021 01: +0,1617753600
0.03,95,Apr 08 2021 01: +0,1617840000
0.03,201,Apr 09 2021 01: +0,1617926400
0.03,144,Apr 10 2021 01: +0,1618012800
0.03,124,Apr 11 2021 01: +0,1618099200
0.03,57,Apr 12 2021 01: +0,1618185600
0.03,81,Apr 13 2021 01: +0,1618272000
0.03,18,Apr 14 2021 01: +0,1618358400
0.03,92,Apr 15 2021 01: +0,1618444800
0.03,93,Apr 16 2021 01: +0,1618531200
0.03,89,Apr 17 2021 01: +0,1618617600
0.03,80,Apr 18 2021 01: +0,1618704000
0.03,81,Apr 19 2021 01: +0,1618790400
0.03,95,Apr 20 2021 01: +0,1618876800
0.03,84,Apr 21 2021 01: +0,1618963200
0.03,111,Apr 22 2021 01: +0,1619049600
0.03,84,Apr 23 2021 01: +0,1619136000
0.03,74,Apr 24 2021 01: +0,1619222400
0.03,59,Apr 25 2021 01: +0,1619308800
0.03,82,Apr 26 2021 01: +0,1619395200
0.03,58,Apr 27 2021 01: +0,1619481600
0.03,84,Apr 28 2021 01: +0,1619568000
0.03,56,Apr 29 2021 01: +0,1619654400
0.03,266,Apr 30 2021 01: +0,1619740800
0.03,84,May 01 2021 01: +0,1619827200
0.03,127,May 02 2021 01: +0,1619913600
0.03,72,May 03 2021 01: +0,1620000000
0.03,110,May 04 2021 01: +0,1620086400
0.03,80,May 05 2021 01: +0,1620172800
0.03,93,May 06 2021 01: +0,1620259200
0.03,68,May 07 2021 01: +0,1620345600
0.03,70,May 08 2021 01: +0,1620432000
0.03,81,May 09 2021 01: +0,1620518400
0.03,87,May 10 2021 01: +0,1620604800
0.03,131,May 11 2021 01: +0,1620691200
0.03,81,May 12 2021 01: +0,1620777600
0.03,82,May 13 2021 01: +0,1620864000
0.03,99,May 14 2021 01: +0,1620950400
0.03,93,May 15 2021 01: +0,1621036800
0.03,69,May 16 2021 01: +0,1621123200
0.03,88,May 17 2021 01: +0,1621209600
0.03,81,May 18 2021 01: +0,1621296000
0.03,81,May 19 2021 01: +0,1621382400
0.03,71,May 20 2021 01: +0,1621468800
0.03,144,May 21 2021 01: +0,1621555200
0.03,214,May 22 2021 01: +0,1621641600
0.03,173,May 23 2021 01: +0,1621728000
0.03,134,May 24 2021 01: +0,1621814400
0.03,149,May 25 2021 01: +0,1621900800
0.03,91,May 26 2021 01: +0,1621987200
0.03,141,May 27 2021 01: +0,1622073600
0.03,218,May 28 2021 01: +0,1622160000
0.03,98,May 29 2021 01: +0,1622246400
0.03,219,May 30 2021 01: +0,1622332800
0.03,346,May 31 2021 01: +0,1622419200
0.03,247,Jun 01 2021 01: +0,1622505600
0.03,113,Jun 02 2021 01: +0,1622592000
0.03,217,Jun 03 2021 01: +0,1622678400
0.03,112,Jun 04 2021 01: +0,1622764800
0.03,365,Jun 05 2021 01: +0,1622851200
0.03,76,Jun 06 2021 01: +0,1622937600
0.03,128,Jun 07 2021 01: +0,1623024000
0.03,145,Jun 08 2021 01: +0,1623110400
0.03,132,Jun 09 2021 01: +0,1623196800
0.03,112,Jun 10 2021 01: +0,1623283200
0.03,82,Jun 11 2021 01: +0,1623369600
0.03,59,Jun 12 2021 01: +0,1623456000
0.03,69,Jun 13 2021 01: +0,1623542400
0.03,75,Jun 14 2021 01: +0,1623628800
0.03,41,Jun 15 2021 01: +0,1623715200
0.03,87,Jun 16 2021 01: +0,1623801600
0.03,79,Jun 17 2021 01: +0,1623888000
0.03,121,Jun 18 2021 01: +0,1623974400
0.03,66,Jun 19 2021 01: +0,1624060800
0.03,118,Jun 20 2021 01: +0,1624147200
0.03,45,Jun 21 2021 01: +0,1624233600
0.03,105,Jun 22 2021 01: +0,1624320000
0.03,111,Jun 23 2021 01: +0,1624406400
0.03,60,Jun 24 2021 01: +0,1624492800
0.03,86,Jun 25 2021 01: +0,1624579200
0.03,63,Jun 26 2021 01: +0,1624665600
0.03,98,Jun 27 2021 01: +0,1624752000
0.03,113,Jun 28 2021 01: +0,1624838400
0.03,64,Jun 29 2021 01: +0,1624924800
0.03,108,Jun 30 2021 01: +0,1625011200
0.03,98,Jul 01 2021 01: +0,1625097600
0.03,90,Jul 02 2021 01: +0,1625184000
0.03,56,Jul 03 2021 01: +0,1625270400
0.03,123,Jul 04 2021 01: +0,1625356800
0.03,87,Jul 05 2021 01: +0,1625443200
0.03,93,Jul 06 2021 01: +0,1625529600
0.03,91,Jul 07 2021 01: +0,1625616000
0.03,87,Jul 08 2021 01: +0,1625702400
0.03,79,Jul 09 2021 01: +0,1625788800
0.03,99,Jul 10 2021 01: +0,1625875200
0.03,62,Jul 11 2021 01: +0,1625961600
0.03,66,Jul 12 2021 01: +0,1626048000
0.03,70,Jul 13 2021 01: +0,1626134400
0.03,62,Jul 14 2021 01: +0,1626220800
0.03,52,Jul 15 2021 01: +0,1626307200
0.03,79,Jul 16 2021 01: +0,1626393600
0.03,108,Jul 17 2021 01: +0,1626480000
0.03,74,Jul 18 2021 01: +0,1626566400
0.03,72,Jul 19 2021 01: +0,1626652800
0.03,73,Jul 20 2021 01: +0,1626739200
0.03,129,Jul 21 2021 01: +0,1626825600
0.03,92,Jul 22 2021 01: +0,1626912000
0.03,126,Jul 23 2021 01: +0,1626998400
0.03,73,Jul 24 2021 01: +0,1627084800
0.03,89,Jul 25 2021 01: +0,1627171200
0.03,71,Jul 26 2021 01: +0,1627257600
0.03,36,Jul 27 2021 01: +0,1627344000
0.03,121,Jul 28 2021 01: +0,1627430400
0.03,194,Jul 29 2021 01: +0,1627516800
0.03,70,Jul 30 2021 01: +0,1627603200
0.03,84,Jul 31 2021 01: +0,1627689600
0.03,60,Aug 01 2021 01: +0,1627776000
0.03,90,Aug 02 2021 01: +0,1627862400
0.03,47,Aug 03 2021 01: +0,1627948800
0.03,38,Aug 04 2021 01: +0,1628035200
0.03,40,Aug 05 2021 01: +0,1628121600
0.03,46,Aug 06 2021 01: +0,1628208000
0.03,52,Aug 07 2021 01: +0,1628294400
0.03,60,Aug 08 2021 01: +0,1628380800
0.03,59,Aug 09 2021 01: +0,1628467200
0.03,85,Aug 10 2021 01: +0,1628553600
0.03,93,Aug 11 2021 01: +0,1628640000
0.03,66,Aug 12 2021 01: +0,1628726400
0.03,44,Aug 13 2021 01: +0,1628812800
0.03,134,Aug 14 2021 01: +0,1628899200
0.03,52,Aug 15 2021 01: +0,1628985600
0.03,122,Aug 16 2021 01: +0,1629072000
0.03,102,Aug 17 2021 01: +0,1629158400
0.03,69,Aug 18 2021 01: +0,1629244800
0.03,67,Aug 19 2021 01: +0,1629331200
0.03,44,Aug 20 2021 01: +0,1629417600
0.03,117,Aug 21 2021 01: +0,1629504000
0.03,51,Aug 22 2021 01: +0,1629590400
0.03,54,Aug 23 2021 01: +0,1629676800
0.03,79,Aug 24 2021 01: +0,1629763200
0.03,77,Aug 25 2021 01: +0,1629849600
0.03,57,Aug 26 2021 01: +0,1629936000
0.03,64,Aug 27 2021 01: +0,1630022400
0.03,81,Aug 28 2021 01: +0,1630108800
0.03,94,Aug 29 2021 01: +0,1630195200
0.03,58,Aug 30 2021 01: +0,1630281600
0.03,62,Aug 31 2021 01: +0,1630368000
0.03,53,Sep 01 2021 01: +0,1630454400
0.03,61,Sep 02 2021 01: +0,1630540800
0.03,70,Sep 03 2021 01: +0,1630627200
0.03,95,Sep 04 2021 01: +0,1630713600
0.03,42,Sep 05 2021 01: +0,1630800000
0.03,84,Sep 06 2021 01: +0,1630886400
0.03,71,Sep 07 2021 01: +0,1630972800
0.03,114,Sep 08 2021 01: +0,1631059200
0.03,44,Sep 09 2021 01: +0,1631145600
0.03,72,Sep 10 2021 01: +0,1631232000
0.03,53,Sep 11 2021 01: +0,1631318400
0.03,100,Sep 12 2021 01: +0,1631404800
0.03,66,Sep 13 2021 01: +0,1631491200
0.03,44,Sep 14 2021 01: +0,1631577600
0.03,76,Sep 15 2021 01: +0,1631664000
0.03,166,Sep 16 2021 01: +0,1631750400
0.03,134,Sep 17 2021 01: +0,1631836800
0.03,80,Sep 18 2021 01: +0,1631923200
0.03,117,Sep 19 2021 01: +0,1632009600
0.03,103,Sep 20 2021 01: +0,1632096000
0.03,63,Sep 21 2021 01: +0,1632182400
0.03,85,Sep 22 2021 01: +0,1632268800
0.03,94,Sep 23 2021 01: +0,1632355200
0.03,142,Sep 24 2021 01: +0,1632441600
0.03,174,Sep 25 2021 01: +0,1632528000
0.03,83,Sep 26 2021 01: +0,1632614400
0.03,66,Sep 27 2021 01: +0,1632700800
0.03,120,Sep 28 2021 01: +0,1632787200
0.03,62,Sep 29 2021 01: +0,1632873600
0.03,71,Sep 30 2021 01: +0,1632960000
0.03,70,Oct 01 2021 01: +0,1633046400
0.03,84,Oct 02 2021 01: +0,1633132800
0.03,79,Oct 03 2021 01: +0,1633219200
0.03,84,Oct 04 2021 01: +0,1633305600
0.03,125,Oct 05 2021 01: +0,1633392000
0.03,136,Oct 06 2021 01: +0,1633478400
0.03,98,Oct 07 2021 01: +0,1633564800
0.03,86,Oct 08 2021 01: +0,1633651200
0.03,88,Oct 09 2021 01: +0,1633737600
0.03,60,Oct 10 2021 01: +0,1633824000
0.03,66,Oct 11 2021 01: +0,1633910400
0.03,77,Oct 12 2021 01: +0,1633996800
0.03,84,Oct 13 2021 01: +0,1634083200
0.03,51,Oct 14 2021 01: +0,1634169600
0.03,64,Oct 15 2021 01: +0,1634256000
0.03,157,Oct 16 2021 01: +0,1634342400
0.03,145,Oct 17 2021 01: +0,1634428800
0.03,93,Oct 18 2021 01: +0,1634515200
0.03,57,Oct 19 2021 01: +0,1634601600
0.03,70,Oct 20 2021 01: +0,1634688000
0.03,51,Oct 21 2021 01: +0,1634774400
0.03,172,Oct 22 2021 01: +0,1634860800
0.03,138,Oct 23 2021 01: +0,1634947200
0.03,49,Oct 24 2021 01: +0,1635033600
0.03,67,Oct 25 2021 01: +0,1635120000
0.03,57,Oct 26 2021 01: +0,1635206400
0.03,98,Oct 27 2021 01: +0,1635292800
0.03,95,Oct 28 2021 01: +0,1635379200
0.03,162,Oct 29 2021 01: +0,1635465600
0.03,81,Oct 30 2021 01: +0,1635552000
0.03,87,Oct 31 2021 01: +0,1635638400
0.03,89,Nov 01 2021 01: +0,1635728400
0.03,64,Nov 02 2021 01: +0,1635814800
0.03,97,Nov 03 2021 01: +0,1635901200
0.03,96,Nov 04 2021 01: +0,1635987600
0.03,96,Nov 05 2021 01: +0,1636074000
0.03,50,Nov 06 2021 01: +0,1636160400
0.03,70,Nov 07 2021 01: +0,1636246800
0.03,81,Nov 08 2021 01: +0,1636333200
0.03,148,Nov 09 2021 01: +0,1636419600
0.03,127,Nov 10 2021 01: +0,1636506000
0.03,122,Nov 11 2021 01: +0,1636592400
0.03,58,Nov 12 2021 01: +0,1636678800
0.03,100,Nov 13 2021 01: +0,1636765200
0.03,83,Nov 14 2021 01: +0,1636851600
0.03,83,Nov 15 2021 01: +0,1636938000
0.03,94,Nov 16 2021 01: +0,1637024400
0.03,78,Nov 17 2021 01: +0,1637110800
0.03,70,Nov 18 2021 01: +0,1637197200
0.03,76,Nov 19 2021 01: +0,1637283600
0.03,72,Nov 20 2021 01: +0,1637370000
0.03,92,Nov 21 2021 01: +0,1637456400
0.03,47,Nov 22 2021 01: +0,1637542800
0.03,171,Nov 23 2021 01: +0,1637629200
0.03,76,Nov 24 2021 01: +0,1637715600
0.03,91,Nov 25 2021 01: +0,1637802000
0.03,116,Nov 26 2021 01: +0,1637888400
0.03,136,Nov 27 2021 01: +0,1637974800
0.03,115,Nov 28 2021 01: +0,1638061200
0.03,76,Nov 29 2021 01: +0,1638147600
0.03,180,Nov 30 2021 01: +0,1638234000
0.03,92,Dec 01 2021 01: +0,1638320400
0.03,78,Dec 02 2021 01: +0,1638406800
0.03,87,Dec 03 2021 01: +0,1638493200
0.03,87,Dec 04 2021 01: +0,1638579600
0.03,76,Dec 05 2021 01: +0,1638666000
0.03,83,Dec 06 2021 01: +0,1638752400
0.03,84,Dec 07 2021 01: +0,1638838800
0.03,58,Dec 08 2021 01: +0,1638925200
0.03,87,Dec 09 2021 01: +0,1639011600
0.03,66,Dec 10 2021 01: +0,1639098000
0.03,104,Dec 11 2021 01: +0,1639184400
0.03,105,Dec 12 2021 01: +0,1639270800
0.03,68,Dec 13 2021 01: +0,1639357200
0.03,44,Dec 14 2021 01: +0,1639443600
0.03,77,Dec 15 2021 01: +0,1639530000
0.03,41,Dec 16 2021 01: +0,1639616400
0.03,75,Dec 17 2021 01: +0,1639702800
0.03,116,Dec 18 2021 01: +0,1639789200
0.03,109,Dec 19 2021 01: +0,1639875600
0.03,128,Dec 20 2021 01: +0,1639962000
0.03,75,Dec 21 2021 01: +0,1640048400
0.03,111,Dec 22 2021 01: +0,1640134800
0.03,56,Dec 23 2021 01: +0,1640221200
0.03,109,Dec 24 2021 01: +0,1640307600
0.03,72,Dec 25 2021 01: +0,1640394000
0.03,85,Dec 26 2021 01: +0,1640480400
0.03,54,Dec 27 2021 01: +0,1640566800
0.03,117,Dec 28 2021 01: +0,1640653200
0.03,132,Dec 29 2021 01: +0,1640739600
0.03,105,Dec 30 2021 01: +0,1640826000
0.03,31,Dec 31 2021 01: +0,1640912400
0.03,86,Jan 01 2022 01: +0,1640998800
0.03,63,Jan 02 2022 01: +0,1641085200
0.03,125,Jan 03 2022 01: +0,1641171600
0.03,125,Jan 04 2022 01: +0,1641258000
0.03,96,Jan 05 2022 01: +0,1641344400
0.03,84,Jan 06 2022 01: +0,1641430800
0.03,50,Jan 07 2022 01: +0,1641517200
0.03,82,Jan 08 2022 01: +0,1641603600
0.03,115,Jan 09 2022 01: +0,1641690000
0.03,79,Jan 10 2022 01: +0,1641776400
0.03,59,Jan 11 2022 01: +0,1641862800
0.03,75,Jan 12 2022 01: +0,1641949200
0.03,187,Jan 13 2022 01: +0,1642035600
0.03,96,Jan 14 2022 01: +0,1642122000
0.03,82,Jan 15 2022 01: +0,1642208400
0.03,66,Jan 16 2022 01: +0,1642294800
0.03,112,Jan 17 2022 01: +0,1642381200
0.03,48,Jan 18 2022 01: +0,1642467600
0.03,78,Jan 19 2022 01: +0,1642554000
0.03,75,Jan 20 2022 01: +0,1642640400
0.03,101,Jan 21 2022 01: +0,1642726800
0.03,100,Jan 22 2022 01: +0,1642813200
0.03,80,Jan 23 2022 01: +0,1642899600
0.03,54,Jan 24 2022 01: +0,1642986000
0.03,73,Jan 25 2022 01: +0,1643072400
0.03,68,Jan 26 2022 01: +0,1643158800
0.03,92,Jan 27 2022 01: +0,1643245200
0.03,108,Jan 28 2022 01: +0,1643331600
0.03,137,Jan 29 2022 01: +0,1643418000
0.03,101,Jan 30 2022 01: +0,1643504400
0.03,126,Jan 31 2022 01: +0,1643590800
0.03,74,Feb 01 2022 01: +0,1643677200
0.03,105,Feb 02 2022 01: +0,1643763600
0.03,116,Feb 03 2022 01: +0,1643850000
0.03,88,Feb 04 2022 01: +0,1643936400
0.03,88,Feb 05 2022 01: +0,1644022800
0.03,158,Feb 06 2022 01: +0,1644109200
0.03,68,Feb 07 2022 01: +0,1644195600
0.03,83,Feb 08 2022 01: +0,1644282000
0.03,108,Feb 09 2022 01: +0,1644368400
0.03,73,Feb 10 2022 01: +0,1644454800
0.03,119,Feb 11 2022 01: +0,1644541200
0.03,62,Feb 12 2022 01: +0,1644627600
0.03,76,Feb 13 2022 01: +0,1644714000
0.03,73,Feb 14 2022 01: +0,1644800400
0.03,64,Feb 15 2022 01: +0,1644886800
0.03,154,Feb 16 2022 01: +0,1644973200
0.03,68,Feb 17 2022 01: +0,1645059600
0.03,132,Feb 18 2022 01: +0,1645146000
0.03,68,Feb 19 2022 01: +0,1645232400
0.03,79,Feb 20 2022 01: +0,1645318800
0.03,77,Feb 21 2022 01: +0,1645405200
0.03,65,Feb 22 2022 01: +0,1645491600
0.03,73,Feb 23 2022 01: +0,1645578000
0.03,93,Feb 24 2022 01: +0,1645664400
0.03,73,Feb 25 2022 01: +0,1645750800
0.03,79,Feb 26 2022 01: +0,1645837200
0.03,56,Feb 27 2022 01: +0,1645923600
0.03,59,Feb 28 2022 01: +0,1646010000
0.03,111,Mar 01 2022 01: +0,1646096400
0.03,78,Mar 02 2022 01: +0,1646182800
0.03,178,Mar 03 2022 01: +0,1646269200
0.03,79,Mar 04 2022 01: +0,1646355600
0.03,73,Mar 05 2022 01: +0,1646442000
0.03,114,Mar 06 2022 01: +0,1646528400
0.03,68,Mar 07 2022 01: +0,1646614800
0.03,140,Mar 08 2022 01: +0,1646701200
0.03,74,Mar 09 2022 01: +0,1646787600
0.03,95,Mar 10 2022 01: +0,1646874000
0.03,52,Mar 11 2022 01: +0,1646960400
0.03,70,Mar 12 2022 01: +0,1647046800
0.03,70,Mar 13 2022 01: +0,1647133200
0.03,49,Mar 14 2022 01: +0,1647219600
0.03,54,Mar 15 2022 01: +0,1647306000
0.03,94,Mar 16 2022 01: +0,1647392400
0.03,61,Mar 17 2022 01: +0,1647478800
0.03,57,Mar 18 2022 01: +0,1647565200
0.03,89,Mar 19 2022 01: +0,1647651600
0.03,173,Mar 20 2022 01: +0,1647738000
0.03,102,Mar 21 2022 01: +0,1647824400
0.03,52,Mar 22 2022 01: +0,1647910800
0.03,58,Mar 23 2022 01: +0,1647997200
0.03,87,Mar 24 2022 01: +0,1648083600
0.03,74,Mar 25 2022 01: +0,1648170000
0.03,80,Mar 26 2022 01: +0,1648256400
0.03,80,Mar 27 2022 01: +0,1648342800
0.03,480,Mar 28 2022 01: +0,1648425600
0.03,76,Mar 29 2022 01: +0,1648512000
0.03,97,Mar 30 2022 01: +0,1648598400
0.03,54,Mar 31 2022 01: +0,1648684800
0.03,58,Apr 01 2022 01: +0,1648771200
0.03,82,Apr 02 2022 01: +0,1648857600
0.03,90,Apr 03 2022 01: +0,1648944000
0.03,63,Apr 04 2022 01: +0,1649030400
0.03,60,Apr 05 2022 01: +0,1649116800
0.03,101,Apr 06 2022 01: +0,1649203200
0.03,124,Apr 07 2022 01: +0,1649289600
0.03,93,Apr 08 2022 01: +0,1649376000
0.03,58,Apr 09 2022 01: +0,1649462400
0.03,50,Apr 10 2022 01: +0,1649548800
0.03,69,Apr 11 2022 01: +0,1649635200
0.03,159,Apr 12 2022 01: +0,1649721600
0.03,56,Apr 13 2022 01: +0,1649808000
0.03,76,Apr 14 2022 01: +0,1649894400
0.03,79,Apr 15 2022 01: +0,1649980800
0.03,85,Apr 16 2022 01: +0,1650067200
0.03,69,Apr 17 2022 01: +0,1650153600
0.03,35,Apr 18 2022 01: +0,1650240000
0.03,98,Apr 19 2022 01: +0,1650326400
0.03,45,Apr 20 2022 01: +0,1650412800
0.03,33,Apr 21 2022 01: +0,1650499200
0.03,86,Apr 22 2022 01: +0,1650585600
0.03,89,Apr 23 2022 01: +0,1650672000
0.03,72,Apr 24 2022 01: +0,1650758400
0.03,75,Apr 25 2022 01: +0,1650844800
0.03,74,Apr 26 2022 01: +0,1650931200
0.03,100,Apr 27 2022 01: +0,1651017600
0.03,79,Apr 28 2022 01: +0,1651104000
0.03,83,Apr 29 2022 01: +0,1651190400
0.03,64,Apr 30 2022 01: +0,1651276800
0.03,73,May 01 2022 01: +0,1651363200
0.03,89,May 02 2022 01: +0,1651449600
0.03,73,May 03 2022 01: +0,1651536000
0.03,54,May 04 2022 01: +0,1651622400
0.03,53,May 05 2022 01: +0,1651708800
0.03,99,May 06 2022 01: +0,1651795200
0.03,63,May 07 2022 01: +0,1651881600
0.03,88,May 08 2022 01: +0,1651968000
0.03,78,May 09 2022 01: +0,1652054400
0.03,38,May 10 2022 01: +0,1652140800
0.03,62,May 11 2022 01: +0,1652227200
0.03,64,May 12 2022 01: +0,1652313600
0.03,73,May 13 2022 01: +0,1652400000
0.03,82,May 14 2022 01: +0,1652486400
0.03,54,May 15 2022 01: +0,1652572800
0.03,49,May 16 2022 01: +0,1652659200
0.03,55,May 17 2022 01: +0,1652745600
0.03,99,May 18 2022 01: +0,1652832000
0.03,64,May 19 2022 01: +0,1652918400
0.03,101,May 20 2022 01: +0,1653004800
0.03,43,May 21 2022 01: +0,1653091200
0.03,70,May 22 2022 01: +0,1653177600
0.03,119,May 23 2022 01: +0,1653264000
0.03,69,May 24 2022 01: +0,1653350400
0.03,113,May 25 2022 01: +0,1653436800
0.03,116,May 26 2022 01: +0,1653523200
0.03,63,May 27 2022 01: +0,1653609600
0.03,72,May 28 2022 01: +0,1653696000
0.03,39,May 29 2022 01: +0,1653782400
0.03,73,May 30 2022 01: +0,1653868800
0.03,54,May 31 2022 01: +0,1653955200
0.03,77,Jun 01 2022 01: +0,1654041600
0.03,168,Jun 02 2022 01: +0,1654128000
0.03,113,Jun 03 2022 01: +0,1654214400
0.03,91,Jun 04 2022 01: +0,1654300800
0.03,73,Jun 05 2022 01: +0,1654387200
0.03,51,Jun 06 2022 01: +0,1654473600
0.03,66,Jun 07 2022 01: +0,1654560000
0.03,41,Jun 08 2022 01: +0,1654646400
0.03,102,Jun 09 2022 01: +0,1654732800
0.03,54,Jun 10 2022 01: +0,1654819200
0.03,72,Jun 11 2022 01: +0,1654905600
0.03,64,Jun 12 2022 01: +0,1654992000
0.03,77,Jun 13 2022 01: +0,1655078400
0.03,60,Jun 14 2022 01: +0,1655164800
0.03,58,Jun 15 2022 01: +0,1655251200
0.03,62,Jun 16 2022 01: +0,1655337600
0.03,54,Jun 17 2022 01: +0,1655424000
0.03,60,Jun 18 2022 01: +0,1655510400
0.03,56,Jun 19 2022 01: +0,1655596800
0.03,61,Jun 20 2022 01: +0,1655683200
0.03,62,Jun 21 2022 01: +0,1655769600
0.03,496,Jun 22 2022 01: +0,1655856000
0.03,70,Jun 23 2022 01: +0,1655942400
0.03,84,Jun 24 2022 01: +0,1656028800
0.03,91,Jun 25 2022 01: +0,1656115200
0.03,57,Jun 26 2022 01: +0,1656201600
0.03,76,Jun 27 2022 01: +0,1656288000
0.03,60,Jun 28 2022 01: +0,1656374400
0.03,91,Jun 29 2022 01: +0,1656460800
0.03,77,Jun 30 2022 01: +0,1656547200
0.03,98,Jul 01 2022 01: +0,1656633600
0.03,82,Jul 02 2022 01: +0,1656720000
0.03,73,Jul 03 2022 01: +0,1656806400
0.03,122,Jul 04 2022 01: +0,1656892800
0.03,76,Jul 05 2022 01: +0,1656979200
0.03,83,Jul 06 2022 01: +0,1657065600
0.03,85,Jul 07 2022 01: +0,1657152000
0.03,104,Jul 08 2022 01: +0,1657238400
0.03,199,Jul 09 2022 01: +0,1657324800
0.03,65,Jul 10 2022 01: +0,1657411200
0.03,56,Jul 11 2022 01: +0,1657497600
0.03,98,Jul 12 2022 01: +0,1657584000
0.03,35,Jul 13 2022 01: +0,1657670400
0.03,100,Jul 14 2022 01: +0,1657756800
0.03,79,Jul 15 2022 01: +0,1657843200
0.03,75,Jul 16 2022 01: +0,1657929600
0.03,50,Jul 17 2022 01: +0,1658016000
0.03,70,Jul 18 2022 01: +0,1658102400
0.03,94,Jul 19 2022 01: +0,1658188800
0.03,73,Jul 20 2022 01: +0,1658275200
0.03,50,Jul 21 2022 01: +0,1658361600
0.03,60,Jul 22 2022 01: +0,1658448000
0.03,56,Jul 23 2022 01: +0,1658534400
0.03,60,Jul 24 2022 01: +0,1658620800
0.03,62,Jul 25 2022 01: +0,1658707200
0.03,50,Jul 26 2022 01: +0,1658793600
0.03,173,Jul 27 2022 01: +0,1658880000
0.03,54,Jul 28 2022 01: +0,1658966400
0.03,44,Jul 29 2022 01: +0,1659052800
0.03,43,Jul 30 2022 01: +0,1659139200
0.03,120,Jul 31 2022 01: +0,1659225600
0.03,43,Aug 01 2022 01: +0,1659312000
0.03,55,Aug 02 2022 01: +0,1659398400
0.03,57,Aug 03 2022 01: +0,1659484800
0.03,78,Aug 04 2022 01: +0,1659571200
0.03,56,Aug 05 2022 01: +0,1659657600
0.03,58,Aug 06 2022 01: +0,1659744000
0.03,80,Aug 07 2022 01: +0,1659830400
0.03,84,Aug 08 2022 01: +0,1659916800
0.03,31,Aug 09 2022 01: +0,1660003200
0.03,93,Aug 10 2022 01: +0,1660089600
0.03,115,Aug 11 2022 01: +0,1660176000
0.03,124,Aug 12 2022 01: +0,1660262400
0.03,70,Aug 13 2022 01: +0,1660348800
0.03,106,Aug 14 2022 01: +0,1660435200
0.03,71,Aug 15 2022 01: +0,1660521600
0.03,57,Aug 16 2022 01: +0,1660608000
0.03,125,Aug 17 2022 01: +0,1660694400
0.03,49,Aug 18 2022 01: +0,1660780800
0.03,104,Aug 19 2022 01: +0,1660867200
0.03,83,Aug 20 2022 01: +0,1660953600
0.03,78,Aug 21 2022 01: +0,1661040000
0.03,60,Aug 22 2022 01: +0,1661126400
0.03,104,Aug 23 2022 01: +0,1661212800
0.03,69,Aug 24 2022 01: +0,1661299200
0.03,59,Aug 25 2022 01: +0,1661385600
0.03,55,Aug 26 2022 01: +0,1661472000
0.03,52,Aug 27 2022 01: +0,1661558400
0.03,78,Aug 28 2022 01: +0,1661644800
0.03,53,Aug 29 2022 01: +0,1661731200
0.03,47,Aug 30 2022 01: +0,1661817600
0.03,70,Aug 31 2022 01: +0,1661904000
0.03,80,Sep 01 2022 01: +0,1661990400
0.03,66,Sep 02 2022 01: +0,1662076800
0.03,72,Sep 03 2022 01: +0,1662163200
0.03,119,Sep 04 2022 01: +0,1662249600
0.03,62,Sep 05 2022 01: +0,1662336000
0.03,81,Sep 06 2022 01: +0,1662422400
0.03,84,Sep 07 2022 01: +0,1662508800
0.03,60,Sep 08 2022 01: +0,1662595200
0.03,112,Sep 09 2022 01: +0,1662681600
0.03,101,Sep 10 2022 01: +0,1662768000
0.03,71,Sep 11 2022 01: +0,1662854400
0.03,79,Sep 12 2022 01: +0,1662940800
0.03,42,Sep 13 2022 01: +0,1663027200
0.03,73,Sep 14 2022 01: +0,1663113600
0.03,57,Sep 15 2022 01: +0,1663200000
0.03,58,Sep 16 2022 01: +0,1663286400
0.03,117,Sep 17 2022 01: +0,1663372800
0.03,48,Sep 18 2022 01: +0,1663459200
0.03,103,Sep 19 2022 01: +0,1663545600
0.03,65,Sep 20 2022 01: +0,1663632000
0.03,66,Sep 21 2022 01: +0,1663718400
0.03,50,Sep 22 2022 01: +0,1663804800
0.03,67,Sep 23 2022 01: +0,1663891200
0.03,77,Sep 24 2022 01: +0,1663977600
0.03,80,Sep 25 2022 01: +0,1664064000
0.03,72,Sep 26 2022 01: +0,1664150400
0.03,46,Sep 27 2022 01: +0,1664236800
0.03,107,Sep 28 2022 01: +0,1664323200
0.03,59,Sep 29 2022 01: +0,1664409600
0.03,54,Sep 30 2022 01: +0,1664496000
0.03,72,Oct 01 2022 01: +0,1664582400
0.03,73,Oct 02 2022 01: +0,1664668800
0.03,59,Oct 03 2022 01: +0,1664755200
0.03,42,Oct 04 2022 01: +0,1664841600
0.03,110,Oct 05 2022 01: +0,1664928000
0.03,129,Oct 06 2022 01: +0,1665014400
0.03,39,Oct 07 2022 01: +0,1665100800
0.03,56,Oct 08 2022 01: +0,1665187200
0.03,147,Oct 09 2022 01: +0,1665273600
0.03,58,Oct 10 2022 01: +0,1665360000
0.03,61,Oct 11 2022 01: +0,1665446400
0.03,79,Oct 12 2022 01: +0,1665532800
0.03,70,Oct 13 2022 01: +0,1665619200
0.03,44,Oct 14 2022 01: +0,1665705600
0.03,83,Oct 15 2022 01: +0,1665792000
0.03,73,Oct 16 2022 01: +0,1665878400
0.03,69,Oct 17 2022 01: +0,1665964800
0.03,45,Oct 18 2022 01: +0,1666051200
0.03,56,Oct 19 2022 01: +0,1666137600
0.03,51,Oct 20 2022 01: +0,1666224000
0.03,84,Oct 21 2022 01: +0,1666310400
0.03,91,Oct 22 2022 01: +0,1666396800
0.03,74,Oct 23 2022 01: +0,1666483200
0.03,133,Oct 24 2022 01: +0,1666569600
0.03,65,Oct 25 2022 01: +0,1666656000
0.03,88,Oct 26 2022 01: +0,1666742400
0.03,42,Oct 27 2022 01: +0,1666828800
0.03,111,Oct 28 2022 01: +0,1666915200
0.03,69,Oct 29 2022 01: +0,1667001600
0.03,60,Oct 30 2022 01: +0,1667088000
0.03,43,Oct 31 2022 01: +0,1667178000
0.03,113,Nov 01 2022 01: +0,1667264400
0.03,106,Nov 02 2022 01: +0,1667350800
0.03,60,Nov 03 2022 01: +0,1667437200
0.03,65,Nov 04 2022 01: +0,1667523600
0.03,85,Nov 05 2022 01: +0,1667610000
0.03,136,Nov 06 2022 01: +0,1667696400
0.03,140,Nov 07 2022 01: +0,1667782800
0.03,50,Nov 08 2022 01: +0,1667869200
0.03,68,Nov 09 2022 01: +0,1667955600
0.03,61,Nov 10 2022 01: +0,1668042000
0.03,64,Nov 11 2022 01: +0,1668128400
0.03,85,Nov 12 2022 01: +0,1668214800
0.03,95,Nov 13 2022 01: +0,1668301200
0.03,82,Nov 14 2022 01: +0,1668387600
0.03,47,Nov 15 2022 01: +0,1668474000
0.03,50,Nov 16 2022 01: +0,1668560400
0.03,67,Nov 17 2022 01: +0,1668646800
0.03,37,Nov 18 2022 01: +0,1668733200
0.03,84,Nov 19 2022 01: +0,1668819600
0.03,76,Nov 20 2022 01: +0,1668906000
0.03,79,Nov 21 2022 01: +0,1668992400
0.03,96,Nov 22 2022 01: +0,1669078800
0.03,104,Nov 23 2022 01: +0,1669165200
0.03,97,Nov 24 2022 01: +0,1669251600
0.03,127,Nov 25 2022 01: +0,1669338000
0.03,69,Nov 26 2022 01: +0,1669424400
0.03,86,Nov 27 2022 01: +0,1669510800
0.03,44,Nov 28 2022 01: +0,1669597200
0.03,69,Nov 29 2022 01: +0,1669683600
0.03,52,Nov 30 2022 01: +0,1669770000
0.03,84,Dec 01 2022 01: +0,1669856400
0.03,187,Dec 02 2022 01: +0,1669942800
0.03,81,Dec 03 2022 01: +0,1670029200
0.03,79,Dec 04 2022 01: +0,1670115600
0.03,48,Dec 05 2022 01: +0,1670202000
0.03,103,Dec 06 2022 01: +0,1670288400
0.03,131,Dec 07 2022 01: +0,1670374800
0.03,77,Dec 08 2022 01: +0,1670461200
0.03,57,Dec 09 2022 01: +0,1670547600
0.03,146,Dec 10 2022 01: +0,1670634000
0.03,39,Dec 11 2022 01: +0,1670720400
0.03,55,Dec 12 2022 01: +0,1670806800
0.03,48,Dec 13 2022 01: +0,1670893200
0.03,64,Dec 14 2022 01: +0,1670979600
0.03,59,Dec 15 2022 01: +0,1671066000
0.03,52,Dec 16 2022 01: +0,1671152400
0.03,157,Dec 17 2022 01: +0,1671238800
0.03,58,Dec 18 2022 01: +0,1671325200
0.03,51,Dec 19 2022 01: +0,1671411600
0.03,119,Dec 20 2022 01: +0,1671498000
0.03,77,Dec 21 2022 01: +0,1671584400
0.03,73,Dec 22 2022 01: +0,1671670800
0.03,74,Dec 23 2022 01: +0,1671757200
0.03,99,Dec 24 2022 01: +0,1671843600
0.03,44,Dec 25 2022 01: +0,1671930000
0.03,69,Dec 26 2022 01: +0,1672016400
0.03,98,Dec 27 2022 01: +0,1672102800
0.03,117,Dec 28 2022 01: +0,1672189200
0.03,77,Dec 29 2022 01: +0,1672275600
0.03,193,Dec 30 2022 01: +0,1672362000
0.03,63,Dec 31 2022 01: +0,1672448400
0.03,61,Jan 01 2023 01: +0,1672534800
0.03,72,Jan 02 2023 01: +0,1672621200
0.03,59,Jan 03 2023 01: +0,1672707600
0.03,76,Jan 04 2023 01: +0,1672794000
0.03,140,Jan 05 2023 01: +0,1672880400
0.03,69,Jan 06 2023 01: +0,1672966800
0.03,60,Jan 07 2023 01: +0,1673053200
0.03,127,Jan 08 2023 01: +0,1673139600
0.03,84,Jan 09 2023 01: +0,1673226000
0.03,52,Jan 10 2023 01: +0,1673312400
0.03,129,Jan 11 2023 01: +0,1673398800
0.03,98,Jan 12 2023 01: +0,1673485200
0.03,97,Jan 13 2023 01: +0,1673571600
0.03,96,Jan 14 2023 01: +0,1673658000
0.03,195,Jan 15 2023 01: +0,1673744400
0.03,132,Jan 16 2023 01: +0,1673830800
0.03,149,Jan 17 2023 01: +0,1673917200
0.03,151,Jan 18 2023 01: +0,1674003600
0.03,114,Jan 19 2023 01: +0,1674090000
0.03,81,Jan 20 2023 01: +0,1674176400
0.03,52,Jan 21 2023 01: +0,1674262800
0.03,56,Jan 22 2023 01: +0,1674349200
0.03,69,Jan 23 2023 01: +0,1674435600
0.03,103,Jan 24 2023 01: +0,1674522000
0.03,117,Jan 25 2023 01: +0,1674608400
0.03,114,Jan 26 2023 01: +0,1674694800
0.03,89,Jan 27 2023 01: +0,1674781200
0.03,103,Jan 28 2023 01: +0,1674867600
0.03,78,Jan 29 2023 01: +0,1674954000
0.03,67,Jan 30 2023 01: +0,1675040400
0.03,77,Jan 31 2023 01: +0,1675126800
0.03,79,Feb 01 2023 01: +0,1675213200
0.03,219,Feb 02 2023 01: +0,1675299600
0.03,55,Feb 03 2023 01: +0,1675386000
0.03,116,Feb 04 2023 01: +0,1675472400
0.03,91,Feb 05 2023 01: +0,1675558800
0.03,67,Feb 06 2023 01: +0,1675645200
0.03,64,Feb 07 2023 01: +0,1675731600
0.03,285,Feb 08 2023 01: +0,1675818000
0.03,99,Feb 09 2023 01: +0,1675904400
0.03,103,Feb 10 2023 01: +0,1675990800
0.03,102,Feb 11 2023 01: +0,1676077200
0.03,80,Feb 12 2023 01: +0,1676163600
0.03,89,Feb 13 2023 01: +0,1676250000
0.03,67,Feb 14 2023 01: +0,1676336400
0.03,3,Feb 14 2023 22: +0,1676412000
0.03,2,Feb 14 2023 23: +0,1676415600
0.03,1,Feb 15 2023 00: +0,1676419200
0.03,1,Feb 15 2023 02: +0,1676426400
0.03,3,Feb 15 2023 03: +0,1676430000
0.03,2,Feb 15 2023 04: +0,1676433600
0.03,2,Feb 15 2023 05: +0,1676437200
0.03,9,Feb 15 2023 06: +0,1676440800
0.03,3,Feb 15 2023 07: +0,1676444400
0.03,2,Feb 15 2023 09: +0,1676451600
0.03,1,Feb 15 2023 11: +0,1676458800
0.03,2,Feb 15 2023 12: +0,1676462400
0.03,2,Feb 15 2023 13: +0,1676466000
0.03,8,Feb 15 2023 14: +0,1676469600
0.03,3,Feb 15 2023 15: +0,1676473200
0.03,2,Feb 15 2023 16: +0,1676476800
0.03,2,Feb 15 2023 17: +0,1676480400
0.03,3,Feb 15 2023 18: +0,1676484000
0.03,3,Feb 15 2023 19: +0,1676487600
0.03,3,Feb 15 2023 20: +0,1676491200
0.03,4,Feb 15 2023 21: +0,1676494800
0.03,2,Feb 15 2023 22: +0,1676498400
0.03,3,Feb 15 2023 23: +0,1676502000
0.03,1,Feb 16 2023 00: +0,1676505600
0.03,5,Feb 16 2023 01: +0,1676509200
0.03,3,Feb 16 2023 02: +0,1676512800
0.03,1,Feb 16 2023 03: +0,1676516400
0.03,3,Feb 16 2023 05: +0,1676523600
0.03,1,Feb 16 2023 06: +0,1676527200
0.03,3,Feb 16 2023 08: +0,1676534400
0.03,2,Feb 16 2023 10: +0,1676541600
0.03,1,Feb 16 2023 11: +0,1676545200
0.03,5,Feb 16 2023 12: +0,1676548800
0.03,2,Feb 16 2023 13: +0,1676552400
0.03,3,Feb 16 2023 14: +0,1676556000
0.03,4,Feb 16 2023 15: +0,1676559600
0.03,11,Feb 16 2023 16: +0,1676563200
0.03,6,Feb 16 2023 17: +0,1676566800
0.03,2,Feb 16 2023 18: +0,1676570400
0.03,7,Feb 16 2023 19: +0,1676574000
0.03,3,Feb 16 2023 20: +0,1676577600
0.03,8,Feb 16 2023 21: +0,1676581200
0.03,2,Feb 16 2023 22: +0,1676584800
0.03,4,Feb 16 2023 23: +0,1676588400
0.03,4,Feb 17 2023 00: +0,1676592000
0.03,1,Feb 17 2023 01: +0,1676595600
0.03,1,Feb 17 2023 02: +0,1676599200
0.03,1,Feb 17 2023 04: +0,1676606400
0.03,1,Feb 17 2023 07: +0,1676617200
0.03,4,Feb 17 2023 09: +0,1676624400
0.03,5,Feb 17 2023 10: +0,1676628000
0.03,6,Feb 17 2023 11: +0,1676631600
0.03,3,Feb 17 2023 12: +0,1676635200
0.03,52,Feb 17 2023 13: +0,1676638800
0.03,6,Feb 17 2023 14: +0,1676642400
0.03,2,Feb 17 2023 15: +0,1676646000
0.03,3,Feb 17 2023 16: +0,1676649600
0.03,25,Feb 17 2023 17: +0,1676653200
0.03,8,Feb 17 2023 18: +0,1676656800
0.03,11,Feb 17 2023 19: +0,1676660400
0.03,2,Feb 17 2023 20: +0,1676664000
0.03,6,Feb 17 2023 21: +0,1676667600
0.03,1,Feb 17 2023 23: +0,1676674800
0.03,3,Feb 18 2023 00: +0,1676678400
0.03,2,Feb 18 2023 01: +0,1676682000
0.03,2,Feb 18 2023 03: +0,1676689200
0.03,7,Feb 18 2023 04: +0,1676692800
0.03,2,Feb 18 2023 06: +0,1676700000
0.03,2,Feb 18 2023 07: +0,1676703600
0.03,1,Feb 18 2023 08: +0,1676707200
0.03,6,Feb 18 2023 09: +0,1676710800
0.03,1,Feb 18 2023 10: +0,1676714400
0.03,25,Feb 18 2023 11: +0,1676718000
0.03,3,Feb 18 2023 12: +0,1676721600
0.03,3,Feb 18 2023 13: +0,1676725200
0.03,2,Feb 18 2023 14: +0,1676728800
0.03,12,Feb 18 2023 15: +0,1676732400
0.03,4,Feb 18 2023 16: +0,1676736000
0.03,6,Feb 18 2023 17: +0,1676739600
0.03,10,Feb 18 2023 18: +0,1676743200
0.03,7,Feb 18 2023 19: +0,1676746800
0.03,1,Feb 18 2023 20: +0,1676750400
0.03,4,Feb 18 2023 21: +0,1676754000
0.03,3,Feb 18 2023 22: +0,1676757600
0.03,3,Feb 18 2023 23: +0,1676761200
0.03,3,Feb 19 2023 00: +0,1676764800
0.03,2,Feb 19 2023 01: +0,1676768400
0.03,1,Feb 19 2023 02: +0,1676772000
0.03,1,Feb 19 2023 03: +0,1676775600
0.03,3,Feb 19 2023 06: +0,1676786400
0.03,1,Feb 19 2023 07: +0,1676790000
0.03,3,Feb 19 2023 08: +0,1676793600
0.03,4,Feb 19 2023 09: +0,1676797200
0.03,6,Feb 19 2023 10: +0,1676800800
0.03,4,Feb 19 2023 11: +0,1676804400
0.03,23,Feb 19 2023 12: +0,1676808000
0.03,2,Feb 19 2023 13: +0,1676811600
0.03,5,Feb 19 2023 14: +0,1676815200
0.03,1,Feb 19 2023 15: +0,1676818800
0.03,3,Feb 19 2023 16: +0,1676822400
0.03,14,Feb 19 2023 17: +0,1676826000
0.03,3,Feb 19 2023 18: +0,1676829600
0.03,8,Feb 19 2023 19: +0,1676833200
0.03,42,Feb 19 2023 20: +0,1676836800
0.03,3,Feb 19 2023 21: +0,1676840400
0.03,3,Feb 19 2023 23: +0,1676847600
0.03,2,Feb 20 2023 00: +0,1676851200
0.03,1,Feb 20 2023 03: +0,1676862000
0.03,3,Feb 20 2023 04: +0,1676865600
0.03,5,Feb 20 2023 05: +0,1676869200
0.03,1,Feb 20 2023 06: +0,1676872800
0.03,3,Feb 20 2023 08: +0,1676880000
0.03,1,Feb 20 2023 09: +0,1676883600
0.03,1,Feb 20 2023 10: +0,1676887200
0.03,1,Feb 20 2023 11: +0,1676890800
0.03,3,Feb 20 2023 12: +0,1676894400
0.03,5,Feb 20 2023 13: +0,1676898000
0.03,3,Feb 20 2023 14: +0,1676901600
0.03,2,Feb 20 2023 15: +0,1676905200
0.03,3,Feb 20 2023 16: +0,1676908800
0.03,2,Feb 20 2023 17: +0,1676912400
0.03,3,Feb 20 2023 18: +0,1676916000
0.03,2,Feb 20 2023 19: +0,1676919600
0.03,23,Feb 20 2023 20: +0,1676923200
0.03,6,Feb 20 2023 21: +0,1676926800
0.03,4,Feb 20 2023 22: +0,1676930400
0.03,1,Feb 20 2023 23: +0,1676934000
0.03,2,Feb 21 2023 00: +0,1676937600
0.03,6,Feb 21 2023 01: +0,1676941200
0.03,2,Feb 21 2023 02: +0,1676944800
0.03,1,Feb 21 2023 03: +0,1676948400
0.03,2,Feb 21 2023 04: +0,1676952000
0.03,3,Feb 21 2023 05: +0,1676955600
0.03,1,Feb 21 2023 06: +0,1676959200
0.03,1,Feb 21 2023 08: +0,1676966400
0.03,2,Feb 21 2023 09: +0,1676970000
0.03,1,Feb 21 2023 10: +0,1676973600
0.03,3,Feb 21 2023 11: +0,1676977200
0.03,1,Feb 21 2023 12: +0,1676980800
0.03,3,Feb 21 2023 13: +0,1676984400
0.03,5,Feb 21 2023 14: +0,1676988000
0.03,5,Feb 21 2023 15: +0,1676991600
0.03,1,Feb 21 2023 16: +0,1676995200
0.03,4,Feb 21 2023 17: +0,1676998800
0.03,7,Feb 21 2023 18: +0,1677002400
0.03,11,Feb 21 2023 19: +0,1677006000
0.03,5,Feb 21 2023 20: +0,1677009600
0.03,12,Feb 21 2023 21: +0,1677013200
0.03,4,Feb 21 2023 22: +0,1677016800
0.03,6,Feb 21 2023 23: +0,1677020400
0.03,1,Feb 22 2023 00: +0,1677024000
0.03,1,Feb 22 2023 01: +0,1677027600
0.03,3,Feb 22 2023 02: +0,1677031200
0.03,2,Feb 22 2023 03: +0,1677034800
0.03,3,Feb 22 2023 04: +0,1677038400
0.03,1,Feb 22 2023 05: +0,1677042000
0.03,2,Feb 22 2023 06: +0,1677045600
0.03,5,Feb 22 2023 07: +0,1677049200
0.03,2,Feb 22 2023 08: +0,1677052800
0.03,1,Feb 22 2023 09: +0,1677056400
0.03,5,Feb 22 2023 10: +0,1677060000
0.03,10,Feb 22 2023 11: +0,1677063600
0.03,2,Feb 22 2023 12: +0,1677067200
0.03,3,Feb 22 2023 13: +0,1677070800
0.03,5,Feb 22 2023 14: +0,1677074400
0.03,9,Feb 22 2023 15: +0,1677078000
0.03,6,Feb 22 2023 16: +0,1677081600
0.03,5,Feb 22 2023 17: +0,1677085200
0.03,4,Feb 22 2023 18: +0,1677088800
0.03,3,Feb 22 2023 19: +0,1677092400
0.03,5,Feb 22 2023 20: +0,1677096000
0.03,2,Feb 22 2023 21: +0,1677099600
0.03,3,Feb 22 2023 22: +0,1677103200
0.03,1,Feb 22 2023 23: +0,1677106800
0.03,1,Feb 23 2023 00: +0,1677110400
0.03,1,Feb 23 2023 01: +0,1677114000
0.03,1,Feb 23 2023 03: +0,1677121200
0.03,1,Feb 23 2023 05: +0,1677128400
0.03,2,Feb 23 2023 08: +0,1677139200
0.03,1,Feb 23 2023 09: +0,1677142800
0.03,6,Feb 23 2023 10: +0,1677146400
0.03,15,Feb 23 2023 11: +0,1677150000
0.03,4,Feb 23 2023 12: +0,1677153600
0.03,4,Feb 23 2023 13: +0,1677157200
0.03,5,Feb 23 2023 14: +0,1677160800
0.03,5,Feb 23 2023 15: +0,1677164400
0.03,4,Feb 23 2023 16: +0,1677168000
0.03,25,Feb 23 2023 17: +0,1677171600
0.03,4,Feb 23 2023 18: +0,1677175200
0.03,5,Feb 23 2023 19: +0,1677178800
0.03,3,Feb 23 2023 20: +0,1677182400
0.03,5,Feb 23 2023 21: +0,1677186000
0.03,16,Feb 23 2023 22: +0,1677189600
0.03,3,Feb 23 2023 23: +0,1677193200
0.03,3,Feb 24 2023 01: +0,1677200400
0.03,2,Feb 24 2023 02: +0,1677204000
0.03,2,Feb 24 2023 03: +0,1677207600
0.03,3,Feb 24 2023 04: +0,1677211200
0.03,1,Feb 24 2023 05: +0,1677214800
0.03,17,Feb 24 2023 06: +0,1677218400
0.03,2,Feb 24 2023 08: +0,1677225600
0.03,1,Feb 24 2023 09: +0,1677229200
0.03,1,Feb 24 2023 10: +0,1677232800
0.03,6,Feb 24 2023 11: +0,1677236400
0.03,3,Feb 24 2023 12: +0,1677240000
0.03,7,Feb 24 2023 13: +0,1677243600
0.03,5,Feb 24 2023 14: +0,1677247200
0.03,2,Feb 24 2023 15: +0,1677250800
0.03,3,Feb 24 2023 16: +0,1677254400
0.03,27,Feb 24 2023 17: +0,1677258000
0.03,4,Feb 24 2023 18: +0,1677261600
0.03,2,Feb 24 2023 19: +0,1677265200
0.03,12,Feb 24 2023 20: +0,1677268800
0.03,2,Feb 24 2023 21: +0,1677272400
0.03,3,Feb 24 2023 22: +0,1677276000
0.03,11,Feb 24 2023 23: +0,1677279600
0.03,3,Feb 25 2023 02: +0,1677290400
0.03,3,Feb 25 2023 04: +0,1677297600
0.03,1,Feb 25 2023 05: +0,1677301200
0.03,1,Feb 25 2023 06: +0,1677304800
0.03,4,Feb 25 2023 08: +0,1677312000
0.03,4,Feb 25 2023 09: +0,1677315600
0.03,1,Feb 25 2023 10: +0,1677319200
0.03,2,Feb 25 2023 11: +0,1677322800
0.03,2,Feb 25 2023 12: +0,1677326400
0.03,4,Feb 25 2023 13: +0,1677330000
0.03,2,Feb 25 2023 14: +0,1677333600
0.03,8,Feb 25 2023 15: +0,1677337200
0.03,7,Feb 25 2023 16: +0,1677340800
0.03,8,Feb 25 2023 17: +0,1677344400
0.03,7,Feb 25 2023 18: +0,1677348000
0.03,2,Feb 25 2023 19: +0,1677351600
0.03,6,Feb 25 2023 20: +0,1677355200
0.03,7,Feb 25 2023 21: +0,1677358800
0.03,5,Feb 25 2023 22: +0,1677362400
0.03,8,Feb 25 2023 23: +0,1677366000
0.03,2,Feb 26 2023 00: +0,1677369600
0.03,2,Feb 26 2023 01: +0,1677373200
0.03,1,Feb 26 2023 02: +0,1677376800
0.03,3,Feb 26 2023 03: +0,1677380400
0.03,2,Feb 26 2023 04: +0,1677384000
0.03,1,Feb 26 2023 05: +0,1677387600
0.03,2,Feb 26 2023 06: +0,1677391200
0.03,2,Feb 26 2023 07: +0,1677394800
0.03,3,Feb 26 2023 08: +0,1677398400
0.03,7,Feb 26 2023 10: +0,1677405600
0.03,8,Feb 26 2023 11: +0,1677409200
0.03,12,Feb 26 2023 12: +0,1677412800
0.03,27,Feb 26 2023 13: +0,1677416400
0.03,6,Feb 26 2023 14: +0,1677420000
0.03,8,Feb 26 2023 15: +0,1677423600
0.03,4,Feb 26 2023 16: +0,1677427200
0.03,7,Feb 26 2023 17: +0,1677430800
0.03,2,Feb 26 2023 18: +0,1677434400
0.03,4,Feb 26 2023 19: +0,1677438000
0.03,9,Feb 26 2023 20: +0,1677441600
0.03,3,Feb 26 2023 21: +0,1677445200
0.03,2,Feb 26 2023 22: +0,1677448800
0.03,2,Feb 26 2023 23: +0,1677452400
0.03,1,Feb 27 2023 00: +0,1677456000
0.03,2,Feb 27 2023 01: +0,1677459600
0.03,1,Feb 27 2023 02: +0,1677463200
0.03,1,Feb 27 2023 04: +0,1677470400
0.03,1,Feb 27 2023 05: +0,1677474000
0.03,1,Feb 27 2023 06: +0,1677477600
0.03,2,Feb 27 2023 07: +0,1677481200
0.03,3,Feb 27 2023 08: +0,1677484800
0.03,6,Feb 27 2023 09: +0,1677488400
0.03,19,Feb 27 2023 10: +0,1677492000
0.03,6,Feb 27 2023 11: +0,1677495600
0.03,2,Feb 27 2023 12: +0,1677499200
0.03,5,Feb 27 2023 13: +0,1677502800
0.03,3,Feb 27 2023 14: +0,1677506400
0.03,1,Feb 27 2023 15: +0,1677510000
0.03,14,Feb 27 2023 16: +0,1677513600
0.03,2,Feb 27 2023 17: +0,1677517200
0.03,6,Feb 27 2023 18: +0,1677520800
0.03,14,Feb 27 2023 19: +0,1677524400
0.03,4,Feb 27 2023 20: +0,1677528000
0.03,1,Feb 27 2023 21: +0,1677531600
0.03,3,Feb 27 2023 22: +0,1677535200
0.03,1,Feb 27 2023 23: +0,1677538800
0.03,1,Feb 28 2023 00: +0,1677542400
0.03,3,Feb 28 2023 01: +0,1677546000
0.03,3,Feb 28 2023 05: +0,1677560400
0.03,1,Feb 28 2023 07: +0,1677567600
0.03,19,Feb 28 2023 08: +0,1677571200
0.03,1,Feb 28 2023 10: +0,1677578400
0.03,4,Feb 28 2023 11: +0,1677582000
0.03,2,Feb 28 2023 12: +0,1677585600
0.03,1,Feb 28 2023 14: +0,1677592800
0.03,2,Feb 28 2023 15: +0,1677596400
0.03,22,Feb 28 2023 16: +0,1677600000
0.03,12,Feb 28 2023 17: +0,1677603600
0.03,4,Feb 28 2023 18: +0,1677607200
0.03,2,Feb 28 2023 19: +0,1677610800
0.03,9,Feb 28 2023 20: +0,1677614400
0.03,3,Feb 28 2023 21: +0,1677618000
0.03,8,Feb 28 2023 22: +0,1677621600
0.03,3,Feb 28 2023 23: +0,1677625200
0.03,1,Mar 01 2023 00: +0,1677628800
0.03,1,Mar 01 2023 01: +0,1677632400
0.03,2,Mar 01 2023 04: +0,1677643200
0.03,1,Mar 01 2023 05: +0,1677646800
0.03,2,Mar 01 2023 06: +0,1677650400
0.03,6,Mar 01 2023 08: +0,1677657600
0.03,6,Mar 01 2023 09: +0,1677661200
0.03,2,Mar 01 2023 10: +0,1677664800
0.03,4,Mar 01 2023 11: +0,1677668400
0.03,4,Mar 01 2023 12: +0,1677672000
0.03,6,Mar 01 2023 13: +0,1677675600
0.03,2,Mar 01 2023 14: +0,1677679200
0.03,3,Mar 01 2023 15: +0,1677682800
0.03,8,Mar 01 2023 16: +0,1677686400
0.03,4,Mar 01 2023 17: +0,1677690000
0.03,7,Mar 01 2023 18: +0,1677693600
0.03,2,Mar 01 2023 19: +0,1677697200
0.03,2,Mar 01 2023 20: +0,1677700800
0.03,3,Mar 01 2023 21: +0,1677704400
0.03,25,Mar 01 2023 22: +0,1677708000
0.03,5,Mar 01 2023 23: +0,1677711600
0.03,11,Mar 02 2023 00: +0,1677715200
0.03,2,Mar 02 2023 01: +0,1677718800
0.03,4,Mar 02 2023 02: +0,1677722400
0.03,4,Mar 02 2023 03: +0,1677726000
0.03,4,Mar 02 2023 04: +0,1677729600
0.03,7,Mar 02 2023 06: +0,1677736800
0.03,1,Mar 02 2023 07: +0,1677740400
0.03,2,Mar 02 2023 08: +0,1677744000
0.03,1,Mar 02 2023 10: +0,1677751200
0.03,2,Mar 02 2023 11: +0,1677754800
0.03,5,Mar 02 2023 12: +0,1677758400
0.03,11,Mar 02 2023 13: +0,1677762000
0.03,3,Mar 02 2023 14: +0,1677765600
0.03,6,Mar 02 2023 15: +0,1677769200
0.03,5,Mar 02 2023 16: +0,1677772800
0.03,6,Mar 02 2023 17: +0,1677776400
0.03,6,Mar 02 2023 18: +0,1677780000
0.03,8,Mar 02 2023 19: +0,1677783600
0.03,4,Mar 02 2023 20: +0,1677787200
0.03,5,Mar 02 2023 21: +0,1677790800
0.03,1,Mar 02 2023 22: +0,1677794400
0.03,3,Mar 02 2023 23: +0,1677798000
0.03,2,Mar 03 2023 00: +0,1677801600
0.03,2,Mar 03 2023 01: +0,1677805200
0.03,1,Mar 03 2023 02: +0,1677808800
0.03,3,Mar 03 2023 03: +0,1677812400
0.03,1,Mar 03 2023 06: +0,1677823200
0.03,2,Mar 03 2023 08: +0,1677830400
0.03,1,Mar 03 2023 09: +0,1677834000
0.03,2,Mar 03 2023 10: +0,1677837600
0.03,6,Mar 03 2023 11: +0,1677841200
0.03,1,Mar 03 2023 12: +0,1677844800
0.03,9,Mar 03 2023 13: +0,1677848400
0.03,3,Mar 03 2023 14: +0,1677852000
0.03,4,Mar 03 2023 15: +0,1677855600
0.03,2,Mar 03 2023 16: +0,1677859200
0.03,1,Mar 03 2023 17: +0,1677862800
0.03,3,Mar 03 2023 18: +0,1677866400
0.03,16,Mar 03 2023 19: +0,1677870000
0.03,29,Mar 03 2023 20: +0,1677873600
0.03,4,Mar 03 2023 21: +0,1677877200
0.03,1,Mar 03 2023 22: +0,1677880800
0.03,2,Mar 03 2023 23: +0,1677884400
0.03,2,Mar 04 2023 01: +0,1677891600
0.03,1,Mar 04 2023 02: +0,1677895200
0.03,2,Mar 04 2023 03: +0,1677898800
0.03,1,Mar 04 2023 04: +0,1677902400
0.03,1,Mar 04 2023 05: +0,1677906000
0.03,4,Mar 04 2023 06: +0,1677909600
0.03,1,Mar 04 2023 07: +0,1677913200
0.03,2,Mar 04 2023 08: +0,1677916800
0.03,1,Mar 04 2023 09: +0,1677920400
0.03,2,Mar 04 2023 10: +0,1677924000
0.03,3,Mar 04 2023 11: +0,1677927600
0.03,4,Mar 04 2023 12: +0,1677931200
0.03,3,Mar 04 2023 13: +0,1677934800
0.03,9,Mar 04 2023 14: +0,1677938400
0.03,3,Mar 04 2023 15: +0,1677942000
0.03,6,Mar 04 2023 17: +0,1677949200
0.03,5,Mar 04 2023 18: +0,1677952800
0.03,5,Mar 04 2023 19: +0,1677956400
0.03,16,Mar 04 2023 20: +0,1677960000
0.03,1,Mar 04 2023 21: +0,1677963600
0.03,5,Mar 04 2023 22: +0,1677967200
0.03,1,Mar 04 2023 23: +0,1677970800
0.03,2,Mar 05 2023 00: +0,1677974400
0.03,2,Mar 05 2023 01: +0,1677978000
0.03,2,Mar 05 2023 02: +0,1677981600
0.03,2,Mar 05 2023 03: +0,1677985200
0.03,2,Mar 05 2023 04: +0,1677988800
0.03,2,Mar 05 2023 05: +0,1677992400
0.03,3,Mar 05 2023 06: +0,1677996000
0.03,1,Mar 05 2023 07: +0,1677999600
0.03,1,Mar 05 2023 08: +0,1678003200
0.03,3,Mar 05 2023 09: +0,1678006800
0.03,3,Mar 05 2023 10: +0,1678010400
0.03,4,Mar 05 2023 11: +0,1678014000
0.03,4,Mar 05 2023 12: +0,1678017600
0.03,8,Mar 05 2023 13: +0,1678021200
0.03,2,Mar 05 2023 14: +0,1678024800
0.03,5,Mar 05 2023 15: +0,1678028400
0.03,8,Mar 05 2023 16: +0,1678032000
0.03,6,Mar 05 2023 17: +0,1678035600
0.03,5,Mar 05 2023 18: +0,1678039200
0.03,6,Mar 05 2023 19: +0,1678042800
0.03,4,Mar 05 2023 20: +0,1678046400
0.03,23,Mar 05 2023 21: +0,1678050000
0.03,3,Mar 05 2023 22: +0,1678053600
0.03,3,Mar 05 2023 23: +0,1678057200
0.03,3,Mar 06 2023 00: +0,1678060800
0.03,2,Mar 06 2023 01: +0,1678064400
0.03,2,Mar 06 2023 02: +0,1678068000
0.03,4,Mar 06 2023 03: +0,1678071600
0.03,2,Mar 06 2023 04: +0,1678075200
0.03,5,Mar 06 2023 05: +0,1678078800
0.03,1,Mar 06 2023 06: +0,1678082400
0.03,4,Mar 06 2023 07: +0,1678086000
0.03,4,Mar 06 2023 08: +0,1678089600
0.03,1,Mar 06 2023 09: +0,1678093200
0.03,2,Mar 06 2023 10: +0,1678096800
0.03,3,Mar 06 2023 11: +0,1678100400
0.03,3,Mar 06 2023 12: +0,1678104000
0.03,4,Mar 06 2023 13: +0,1678107600
0.03,2,Mar 06 2023 14: +0,1678111200
0.03,13,Mar 06 2023 15: +0,1678114800
0.03,5,Mar 06 2023 16: +0,1678118400
0.03,6,Mar 06 2023 17: +0,1678122000
0.03,1,Mar 06 2023 18: +0,1678125600
0.03,18,Mar 06 2023 19: +0,1678129200
0.03,4,Mar 06 2023 20: +0,1678132800
0.03,7,Mar 06 2023 22: +0,1678140000
0.03,3,Mar 06 2023 23: +0,1678143600
0.03,3,Mar 07 2023 00: +0,1678147200
0.03,4,Mar 07 2023 01: +0,1678150800
0.03,1,Mar 07 2023 02: +0,1678154400
0.03,3,Mar 07 2023 04: +0,1678161600
0.03,2,Mar 07 2023 05: +0,1678165200
0.03,10,Mar 07 2023 07: +0,1678172400
0.03,1,Mar 07 2023 08: +0,1678176000
0.03,3,Mar 07 2023 09: +0,1678179600
0.03,5,Mar 07 2023 10: +0,1678183200
0.03,11,Mar 07 2023 11: +0,1678186800
0.03,8,Mar 07 2023 12: +0,1678190400
0.03,3,Mar 07 2023 13: +0,1678194000
0.03,3,Mar 07 2023 14: +0,1678197600
0.03,4,Mar 07 2023 15: +0,1678201200
0.03,3,Mar 07 2023 16: +0,1678204800
0.03,2,Mar 07 2023 17: +0,1678208400
0.03,5,Mar 07 2023 18: +0,1678212000
0.03,7,Mar 07 2023 19: +0,1678215600
0.03,5,Mar 07 2023 20: +0,1678219200
0.03,4,Mar 07 2023 21: +0,1678222800
0.03,2,Mar 07 2023 22: +0,1678226400
0.03,2,Mar 07 2023 23: +0,1678230000
0.03,3,Mar 08 2023 00: +0,1678233600
0.03,33,Mar 08 2023 01: +0,1678237200
0.03,3,Mar 08 2023 02: +0,1678240800
0.03,3,Mar 08 2023 03: +0,1678244400
0.03,2,Mar 08 2023 05: +0,1678251600
0.03,3,Mar 08 2023 06: +0,1678255200
0.03,3,Mar 08 2023 07: +0,1678258800
0.03,7,Mar 08 2023 08: +0,1678262400
0.03,1,Mar 08 2023 10: +0,1678269600
0.03,3,Mar 08 2023 11: +0,1678273200
0.03,3,Mar 08 2023 12: +0,1678276800
0.03,3,Mar 08 2023 13: +0,1678280400
0.03,4,Mar 08 2023 14: +0,1678284000
0.03,4,Mar 08 2023 15: +0,1678287600
0.03,2,Mar 08 2023 17: +0,1678294800
0.03,4,Mar 08 2023 18: +0,1678298400
0.03,7,Mar 08 2023 19: +0,1678302000
0.03,2,Mar 08 2023 20: +0,1678305600
0.03,2,Mar 08 2023 21: +0,1678309200
0.03,10,Mar 08 2023 22: +0,1678312800
0.03,1,Mar 08 2023 23: +0,1678316400
0.03,2,Mar 09 2023 00: +0,1678320000
0.03,2,Mar 09 2023 01: +0,1678323600
0.03,3,Mar 09 2023 02: +0,1678327200
0.03,1,Mar 09 2023 03: +0,1678330800
0.03,6,Mar 09 2023 06: +0,1678341600
0.03,1,Mar 09 2023 07: +0,1678345200
0.03,2,Mar 09 2023 08: +0,1678348800
0.03,5,Mar 09 2023 09: +0,1678352400
0.03,2,Mar 09 2023 10: +0,1678356000
0.03,4,Mar 09 2023 11: +0,1678359600
0.03,1,Mar 09 2023 12: +0,1678363200
0.03,6,Mar 09 2023 13: +0,1678366800
0.03,22,Mar 09 2023 14: +0,1678370400
0.03,5,Mar 09 2023 15: +0,1678374000
0.03,1,Mar 09 2023 16: +0,1678377600
0.03,4,Mar 09 2023 17: +0,1678381200
0.03,13,Mar 09 2023 19: +0,1678388400
0.03,2,Mar 09 2023 20: +0,1678392000
0.03,2,Mar 09 2023 21: +0,1678395600
0.03,50,Mar 09 2023 22: +0,1678399200
0.03,1,Mar 10 2023 00: +0,1678406400
0.03,4,Mar 10 2023 01: +0,1678410000
0.03,2,Mar 10 2023 02: +0,1678413600
0.03,1,Mar 10 2023 03: +0,1678417200
0.03,3,Mar 10 2023 04: +0,1678420800
0.03,2,Mar 10 2023 05: +0,1678424400
0.03,2,Mar 10 2023 06: +0,1678428000
0.03,2,Mar 10 2023 07: +0,1678431600
0.03,2,Mar 10 2023 09: +0,1678438800
0.03,1,Mar 10 2023 10: +0,1678442400
0.03,33,Mar 10 2023 11: +0,1678446000
0.03,2,Mar 10 2023 12: +0,1678449600
0.03,2,Mar 10 2023 13: +0,1678453200
0.03,89,Mar 10 2023 14: +0,1678456800
0.03,4,Mar 10 2023 15: +0,1678460400
0.03,4,Mar 10 2023 16: +0,1678464000
0.03,3,Mar 10 2023 17: +0,1678467600
0.03,2,Mar 10 2023 18: +0,1678471200
0.03,51,Mar 10 2023 19: +0,1678474800
0.03,8,Mar 10 2023 20: +0,1678478400
0.03,2,Mar 10 2023 21: +0,1678482000
0.03,3,Mar 10 2023 22: +0,1678485600
0.03,2,Mar 10 2023 23: +0,1678489200
0.03,1,Mar 11 2023 01: +0,1678496400
0.03,7,Mar 11 2023 04: +0,1678507200
0.03,1,Mar 11 2023 05: +0,1678510800
0.03,1,Mar 11 2023 06: +0,1678514400
0.03,1,Mar 11 2023 07: +0,1678518000
0.03,2,Mar 11 2023 08: +0,1678521600
0.03,4,Mar 11 2023 11: +0,1678532400
0.03,3,Mar 11 2023 12: +0,1678536000
0.03,3,Mar 11 2023 13: +0,1678539600
0.03,3,Mar 11 2023 14: +0,1678543200
0.03,2,Mar 11 2023 16: +0,1678550400
0.03,3,Mar 11 2023 17: +0,1678554000
0.03,1,Mar 11 2023 18: +0,1678557600
0.03,6,Mar 11 2023 19: +0,1678561200
0.03,4,Mar 11 2023 20: +0,1678564800
0.03,2,Mar 11 2023 21: +0,1678568400
0.03,1,Mar 11 2023 22: +0,1678572000
0.03,3,Mar 11 2023 23: +0,1678575600
0.03,1,Mar 12 2023 00: +0,1678579200
0.03,2,Mar 12 2023 01: +0,1678582800
0.03,6,Mar 12 2023 02: +0,1678586400
0.03,1,Mar 12 2023 03: +0,1678590000
0.03,6,Mar 12 2023 04: +0,1678593600
0.03,5,Mar 12 2023 05: +0,1678597200
0.03,17,Mar 12 2023 06: +0,1678600800
0.03,5,Mar 12 2023 07: +0,1678604400
0.03,13,Mar 12 2023 08: +0,1678608000
0.03,4,Mar 12 2023 09: +0,1678611600
0.03,6,Mar 12 2023 10: +0,1678615200
0.03,13,Mar 12 2023 11: +0,1678618800
0.03,4,Mar 12 2023 12: +0,1678622400
0.03,14,Mar 12 2023 13: +0,1678626000
0.03,5,Mar 12 2023 14: +0,1678629600
0.03,3,Mar 12 2023 15: +0,1678633200
0.03,2,Mar 12 2023 16: +0,1678636800
0.03,10,Mar 12 2023 17: +0,1678640400
0.03,6,Mar 12 2023 18: +0,1678644000
0.03,5,Mar 12 2023 19: +0,1678647600
0.03,14,Mar 12 2023 20: +0,1678651200
0.03,1,Mar 12 2023 21: +0,1678654800
0.03,2,Mar 12 2023 22: +0,1678658400
0.03,3,Mar 12 2023 23: +0,1678662000
0.03,3,Mar 13 2023 00: +0,1678665600
0.03,2,Mar 13 2023 01: +0,1678669200
0.03,2,Mar 13 2023 02: +0,1678672800
0.03,3,Mar 13 2023 04: +0,1678680000
0.03,1,Mar 13 2023 08: +0,1678694400
0.03,15,Mar 13 2023 09: +0,1678698000
0.03,2,Mar 13 2023 11: +0,1678705200
0.03,6,Mar 13 2023 12: +0,1678708800
0.03,3,Mar 13 2023 13: +0,1678712400
0.03,4,Mar 13 2023 14: +0,1678716000
0.03,3,Mar 13 2023 15: +0,1678719600
0.03,2,Mar 13 2023 16: +0,1678723200
0.03,4,Mar 13 2023 17: +0,1678726800
0.03,4,Mar 13 2023 18: +0,1678730400
0.03,3,Mar 13 2023 19: +0,1678734000
0.03,4,Mar 13 2023 20: +0,1678737600
0.03,5,Mar 13 2023 21: +0,1678741200
0.03,6,Mar 13 2023 22: +0,1678744800
0.03,5,Mar 13 2023 23: +0,1678748400
0.03,11,Mar 14 2023 00: +0,1678752000
0.03,2,Mar 14 2023 02: +0,1678759200
0.03,1,Mar 14 2023 03: +0,1678762800
0.03,1,Mar 14 2023 04: +0,1678766400
0.03,1,Mar 14 2023 05: +0,1678770000
0.03,1,Mar 14 2023 07: +0,1678777200
0.03,2,Mar 14 2023 08: +0,1678780800
0.03,5,Mar 14 2023 09: +0,1678784400
0.03,1,Mar 14 2023 10: +0,1678788000
0.03,6,Mar 14 2023 11: +0,1678791600
0.03,4,Mar 14 2023 12: +0,1678795200
0.03,3,Mar 14 2023 13: +0,1678798800
0.03,3,Mar 14 2023 14: +0,1678802400
0.03,7,Mar 14 2023 15: +0,1678806000
0.03,3,Mar 14 2023 16: +0,1678809600
0.03,4,Mar 14 2023 17: +0,1678813200
0.03,3,Mar 14 2023 18: +0,1678816800
0.03,3,Mar 14 2023 19: +0,1678820400
0.03,3,Mar 14 2023 20: +0,1678824000
0.03,9,Mar 14 2023 21: +0,1678827600
0.03,2,Mar 14 2023 23: +0,1678834800
0.03,1,Mar 15 2023 00: +0,1678838400
0.03,2,Mar 15 2023 02: +0,1678845600
0.03,2,Mar 15 2023 04: +0,1678852800
0.03,2,Mar 15 2023 06: +0,1678860000
0.03,1,Mar 15 2023 07: +0,1678863600
0.03,7,Mar 15 2023 08: +0,1678867200
0.03,1,Mar 15 2023 09: +0,1678870800
0.03,4,Mar 15 2023 10: +0,1678874400
0.03,4,Mar 15 2023 11: +0,1678878000
0.03,3,Mar 15 2023 13: +0,1678885200
0.03,1,Mar 15 2023 14: +0,1678888800
0.03,2,Mar 15 2023 15: +0,1678892400
0.03,4,Mar 15 2023 16: +0,1678896000
0.03,6,Mar 15 2023 17: +0,1678899600
0.03,3,Mar 15 2023 18: +0,1678903200
0.03,5,Mar 15 2023 19: +0,1678906800
0.03,4,Mar 15 2023 20: +0,1678910400
0.03,5,Mar 15 2023 21: +0,1678914000
0.03,5,Mar 15 2023 22: +0,1678917600
0.03,1,Mar 15 2023 23: +0,1678921200
0.03,4,Mar 16 2023 01: +0,1678928400
0.03,2,Mar 16 2023 03: +0,1678935600
0.03,2,Mar 16 2023 04: +0,1678939200
0.03,22,Mar 16 2023 05: +0,1678942800
0.03,4,Mar 16 2023 06: +0,1678946400
0.03,1,Mar 16 2023 07: +0,1678950000
0.03,5,Mar 16 2023 08: +0,1678953600
0.03,1,Mar 16 2023 10: +0,1678960800
0.03,6,Mar 16 2023 11: +0,1678964400
0.03,4,Mar 16 2023 12: +0,1678968000
0.03,1,Mar 16 2023 13: +0,1678971600
0.03,5,Mar 16 2023 14: +0,1678975200
0.03,4,Mar 16 2023 15: +0,1678978800
0.03,9,Mar 16 2023 16: +0,1678982400
0.03,6,Mar 16 2023 17: +0,1678986000
0.03,9,Mar 16 2023 18: +0,1678989600
0.03,11,Mar 16 2023 19: +0,1678993200
0.03,11,Mar 16 2023 20: +0,1678996800
0.03,7,Mar 16 2023 21: +0,1679000400
0.03,2,Mar 16 2023 22: +0,1679004000
0.03,17,Mar 16 2023 23: +0,1679007600
0.03,3,Mar 17 2023 00: +0,1679011200
0.03,5,Mar 17 2023 01: +0,1679014800
0.03,1,Mar 17 2023 02: +0,1679018400
0.03,3,Mar 17 2023 03: +0,1679022000
0.03,1,Mar 17 2023 04: +0,1679025600
0.03,3,Mar 17 2023 05: +0,1679029200
0.03,1,Mar 17 2023 06: +0,1679032800
0.03,3,Mar 17 2023 07: +0,1679036400
0.03,2,Mar 17 2023 08: +0,1679040000
0.03,3,Mar 17 2023 09: +0,1679043600
0.03,2,Mar 17 2023 10: +0,1679047200
0.03,3,Mar 17 2023 11: +0,1679050800
0.03,3,Mar 17 2023 12: +0,1679054400
0.03,4,Mar 17 2023 13: +0,1679058000
0.03,4,Mar 17 2023 14: +0,1679061600
0.03,5,Mar 17 2023 15: +0,1679065200
0.03,7,Mar 17 2023 16: +0,1679068800
0.03,5,Mar 17 2023 17: +0,1679072400
0.03,13,Mar 17 2023 18: +0,1679076000
0.03,1,Mar 17 2023 19: +0,1679079600
0.03,18,Mar 17 2023 20: +0,1679083200
0.03,4,Mar 17 2023 21: +0,1679086800
0.03,5,Mar 17 2023 22: +0,1679090400
0.03,4,Mar 17 2023 23: +0,1679094000
0.03,4,Mar 18 2023 00: +0,1679097600
0.03,1,Mar 18 2023 01: +0,1679101200
0.03,3,Mar 18 2023 02: +0,1679104800
0.03,2,Mar 18 2023 03: +0,1679108400
0.03,8,Mar 18 2023 04: +0,1679112000
0.03,1,Mar 18 2023 05: +0,1679115600
0.03,2,Mar 18 2023 06: +0,1679119200
0.03,1,Mar 18 2023 07: +0,1679122800
0.03,3,Mar 18 2023 09: +0,1679130000
0.03,4,Mar 18 2023 10: +0,1679133600
0.03,6,Mar 18 2023 11: +0,1679137200
0.03,3,Mar 18 2023 12: +0,1679140800
0.03,34,Mar 18 2023 13: +0,1679144400
0.03,14,Mar 18 2023 14: +0,1679148000
0.03,4,Mar 18 2023 15: +0,1679151600
0.03,5,Mar 18 2023 16: +0,1679155200
0.03,8,Mar 18 2023 17: +0,1679158800
0.03,3,Mar 18 2023 18: +0,1679162400
0.03,3,Mar 18 2023 19: +0,1679166000
0.03,3,Mar 18 2023 20: +0,1679169600
0.03,5,Mar 18 2023 21: +0,1679173200
0.03,5,Mar 18 2023 22: +0,1679176800
0.03,12,Mar 18 2023 23: +0,1679180400
0.03,2,Mar 19 2023 00: +0,1679184000
0.03,2,Mar 19 2023 01: +0,1679187600
0.03,3,Mar 19 2023 02: +0,1679191200
0.03,3,Mar 19 2023 03: +0,1679194800
0.03,2,Mar 19 2023 04: +0,1679198400
0.03,252,Mar 19 2023 05: +0,1679202000
0.03,1,Mar 19 2023 06: +0,1679205600
0.03,5,Mar 19 2023 07: +0,1679209200
0.03,1,Mar 19 2023 09: +0,1679216400
0.03,12,Mar 19 2023 10: +0,1679220000
0.03,7,Mar 19 2023 11: +0,1679223600
0.03,1,Mar 19 2023 12: +0,1679227200
0.03,4,Mar 19 2023 13: +0,1679230800
0.03,4,Mar 19 2023 14: +0,1679234400
0.03,2,Mar 19 2023 15: +0,1679238000
0.03,3,Mar 19 2023 16: +0,1679241600
0.03,3,Mar 19 2023 17: +0,1679245200
0.03,2,Mar 19 2023 18: +0,1679248800
0.03,4,Mar 19 2023 19: +0,1679252400
0.03,9,Mar 19 2023 20: +0,1679256000
0.03,81,Mar 19 2023 21: +0,1679259600
0.03,14,Mar 19 2023 22: +0,1679263200
0.03,3,Mar 19 2023 23: +0,1679266800
0.03,1,Mar 20 2023 00: +0,1679270400
0.03,3,Mar 20 2023 02: +0,1679277600
0.03,2,Mar 20 2023 03: +0,1679281200
0.03,2,Mar 20 2023 04: +0,1679284800
0.03,5,Mar 20 2023 05: +0,1679288400
0.03,4,Mar 20 2023 06: +0,1679292000
0.03,4,Mar 20 2023 07: +0,1679295600
0.03,4,Mar 20 2023 08: +0,1679299200
0.03,1,Mar 20 2023 09: +0,1679302800
0.03,3,Mar 20 2023 10: +0,1679306400
0.03,20,Mar 20 2023 11: +0,1679310000
0.03,5,Mar 20 2023 12: +0,1679313600
0.03,4,Mar 20 2023 13: +0,1679317200
0.03,12,Mar 20 2023 14: +0,1679320800
0.03,5,Mar 20 2023 15: +0,1679324400
0.03,10,Mar 20 2023 16: +0,1679328000
0.03,2,Mar 20 2023 17: +0,1679331600
0.03,18,Mar 20 2023 18: +0,1679335200
0.03,34,Mar 20 2023 19: +0,1679338800
0.03,9,Mar 20 2023 20: +0,1679342400
0.03,18,Mar 20 2023 21: +0,1679346000
0.03,1,Mar 20 2023 23: +0,1679353200
0.03,2,Mar 21 2023 00: +0,1679356800
0.03,2,Mar 21 2023 01: +0,1679360400
0.03,2,Mar 21 2023 02: +0,1679364000
0.03,2,Mar 21 2023 03: +0,1679367600
0.03,1,Mar 21 2023 04: +0,1679371200
0.03,2,Mar 21 2023 05: +0,1679374800
0.03,1,Mar 21 2023 06: +0,1679378400
0.03,2,Mar 21 2023 07: +0,1679382000
0.03,3,Mar 21 2023 08: +0,1679385600
0.03,2,Mar 21 2023 09: +0,1679389200
0.03,10,Mar 21 2023 10: +0,1679392800
0.03,6,Mar 21 2023 12: +0,1679400000
0.03,6,Mar 21 2023 13: +0,1679403600
0.03,36,Mar 21 2023 14: +0,1679407200
0.03,5,Mar 21 2023 15: +0,1679410800
0.03,5,Mar 21 2023 16: +0,1679414400
0.03,5,Mar 21 2023 17: +0,1679418000
0.03,3,Mar 21 2023 18: +0,1679421600
0.03,11,Mar 21 2023 19: +0,1679425200
0.03,8,Mar 21 2023 20: +0,1679428800
0.03,5,Mar 21 2023 21: +0,1679432400
0.03,2,Mar 21 2023 22: +0,1679436000
0.03,3,Mar 21 2023 23: +0,1679439600
0.03,2,Mar 22 2023 00: +0,1679443200
0.03,1,Mar 22 2023 01: +0,1679446800
0.03,6,Mar 22 2023 02: +0,1679450400
0.03,2,Mar 22 2023 03: +0,1679454000
0.03,4,Mar 22 2023 04: +0,1679457600
0.03,3,Mar 22 2023 05: +0,1679461200
0.03,1,Mar 22 2023 06: +0,1679464800
0.03,1,Mar 22 2023 07: +0,1679468400
0.03,3,Mar 22 2023 08: +0,1679472000
0.03,27,Mar 22 2023 09: +0,1679475600
0.03,5,Mar 22 2023 10: +0,1679479200
0.03,5,Mar 22 2023 11: +0,1679482800
0.03,6,Mar 22 2023 12: +0,1679486400
0.03,7,Mar 22 2023 13: +0,1679490000
0.03,7,Mar 22 2023 14: +0,1679493600
0.03,8,Mar 22 2023 15: +0,1679497200
0.03,6,Mar 22 2023 16: +0,1679500800
0.03,1,Mar 22 2023 17: +0,1679504400
0.03,9,Mar 22 2023 18: +0,1679508000
0.03,2,Mar 22 2023 19: +0,1679511600
0.03,25,Mar 22 2023 20: +0,1679515200
0.03,87,Mar 22 2023 21: +0,1679518800
0.03,5,Mar 22 2023 22: +0,1679522400
0.03,7,Mar 22 2023 23: +0,1679526000
0.03,5,Mar 23 2023 00: +0,1679529600
0.03,6,Mar 23 2023 01: +0,1679533200
0.03,1,Mar 23 2023 02: +0,1679536800
0.03,1,Mar 23 2023 03: +0,1679540400
0.03,2,Mar 23 2023 04: +0,1679544000
0.03,1,Mar 23 2023 06: +0,1679551200
0.03,1,Mar 23 2023 08: +0,1679558400
0.03,5,Mar 23 2023 09: +0,1679562000
0.03,6,Mar 23 2023 10: +0,1679565600
0.03,23,Mar 23 2023 11: +0,1679569200
0.03,4,Mar 23 2023 12: +0,1679572800
0.03,11,Mar 23 2023 13: +0,1679576400
0.03,5,Mar 23 2023 14: +0,1679580000
0.03,6,Mar 23 2023 15: +0,1679583600
0.03,4,Mar 23 2023 16: +0,1679587200
0.03,5,Mar 23 2023 17: +0,1679590800
0.03,4,Mar 23 2023 18: +0,1679594400
0.03,12,Mar 23 2023 19: +0,1679598000
0.03,4,Mar 23 2023 20: +0,1679601600
0.03,2,Mar 23 2023 22: +0,1679608800
0.03,3,Mar 23 2023 23: +0,1679612400
0.03,2,Mar 24 2023 00: +0,1679616000
0.03,4,Mar 24 2023 01: +0,1679619600
0.03,2,Mar 24 2023 02: +0,1679623200
0.03,3,Mar 24 2023 03: +0,1679626800
0.03,3,Mar 24 2023 06: +0,1679637600
0.03,4,Mar 24 2023 07: +0,1679641200
0.03,5,Mar 24 2023 08: +0,1679644800
0.03,4,Mar 24 2023 09: +0,1679648400
0.03,5,Mar 24 2023 10: +0,1679652000
0.03,5,Mar 24 2023 11: +0,1679655600
0.03,4,Mar 24 2023 12: +0,1679659200
0.03,5,Mar 24 2023 13: +0,1679662800
0.03,2,Mar 24 2023 14: +0,1679666400
0.03,4,Mar 24 2023 15: +0,1679670000
0.03,4,Mar 24 2023 16: +0,1679673600
0.03,11,Mar 24 2023 17: +0,1679677200
0.03,4,Mar 24 2023 18: +0,1679680800
0.03,21,Mar 24 2023 19: +0,1679684400
0.03,4,Mar 24 2023 20: +0,1679688000
0.03,2,Mar 24 2023 21: +0,1679691600
0.03,2,Mar 24 2023 22: +0,1679695200
0.03,4,Mar 24 2023 23: +0,1679698800
0.03,2,Mar 25 2023 00: +0,1679702400
0.03,1,Mar 25 2023 01: +0,1679706000
0.03,4,Mar 25 2023 02: +0,1679709600
0.03,2,Mar 25 2023 03: +0,1679713200
0.03,2,Mar 25 2023 05: +0,1679720400
0.03,1,Mar 25 2023 06: +0,1679724000
0.03,2,Mar 25 2023 07: +0,1679727600
0.03,1,Mar 25 2023 08: +0,1679731200
0.03,1,Mar 25 2023 09: +0,1679734800
0.03,9,Mar 25 2023 10: +0,1679738400
0.03,5,Mar 25 2023 11: +0,1679742000
0.03,8,Mar 25 2023 12: +0,1679745600
0.03,5,Mar 25 2023 13: +0,1679749200
0.03,7,Mar 25 2023 14: +0,1679752800
0.03,3,Mar 25 2023 15: +0,1679756400
0.03,5,Mar 25 2023 16: +0,1679760000
0.03,5,Mar 25 2023 17: +0,1679763600
0.03,2,Mar 25 2023 18: +0,1679767200
0.03,5,Mar 25 2023 19: +0,1679770800
0.03,6,Mar 25 2023 20: +0,1679774400
0.03,11,Mar 25 2023 21: +0,1679778000
0.03,5,Mar 25 2023 22: +0,1679781600
0.03,3,Mar 25 2023 23: +0,1679785200
0.03,2,Mar 26 2023 00: +0,1679788800
0.03,6,Mar 26 2023 01: +0,1679792400
0.03,3,Mar 26 2023 02: +0,1679792400
0.03,1,Mar 26 2023 03: +0,1679796000
0.03,2,Mar 26 2023 07: +0,1679810400
0.03,9,Mar 26 2023 08: +0,1679814000
0.03,2,Mar 26 2023 09: +0,1679817600
0.03,1,Mar 26 2023 10: +0,1679821200
0.03,4,Mar 26 2023 11: +0,1679824800
0.03,11,Mar 26 2023 12: +0,1679828400
0.03,3,Mar 26 2023 13: +0,1679832000
0.03,6,Mar 26 2023 14: +0,1679835600
0.03,8,Mar 26 2023 15: +0,1679839200
0.03,2,Mar 26 2023 16: +0,1679842800
0.03,65,Mar 26 2023 17: +0,1679846400
0.03,6,Mar 26 2023 18: +0,1679850000
0.03,9,Mar 26 2023 19: +0,1679853600
0.03,3,Mar 26 2023 20: +0,1679857200
0.03,9,Mar 26 2023 21: +0,1679860800
0.03,4,Mar 26 2023 22: +0,1679864400
0.03,1,Mar 26 2023 23: +0,1679868000
0.03,3,Mar 27 2023 00: +0,1679871600
0.03,3,Mar 27 2023 02: +0,1679878800
0.03,1,Mar 27 2023 03: +0,1679882400
0.03,2,Mar 27 2023 05: +0,1679889600
0.03,3,Mar 27 2023 06: +0,1679893200
0.03,3,Mar 27 2023 07: +0,1679896800
0.03,3,Mar 27 2023 08: +0,1679900400
0.03,4,Mar 27 2023 09: +0,1679904000
0.03,3,Mar 27 2023 10: +0,1679907600
0.03,4,Mar 27 2023 11: +0,1679911200
0.03,1,Mar 27 2023 12: +0,1679914800
0.03,5,Mar 27 2023 13: +0,1679918400
0.03,3,Mar 27 2023 14: +0,1679922000
0.03,37,Mar 27 2023 15: +0,1679925600
0.03,4,Mar 27 2023 16: +0,1679929200
0.03,7,Mar 27 2023 17: +0,1679932800
0.03,14,Mar 27 2023 18: +0,1679936400
0.03,10,Mar 27 2023 19: +0,1679940000
0.03,9,Mar 27 2023 20: +0,1679943600
0.03,10,Mar 27 2023 21: +0,1679947200
0.03,13,Mar 27 2023 22: +0,1679950800
0.03,5,Mar 27 2023 23: +0,1679954400
0.03,3,Mar 28 2023 00: +0,1679958000
0.03,3,Mar 28 2023 01: +0,1679961600
0.03,2,Mar 28 2023 02: +0,1679965200
0.03,3,Mar 28 2023 03: +0,1679968800
0.03,1,Mar 28 2023 04: +0,1679972400
0.03,4,Mar 28 2023 05: +0,1679976000
0.03,1,Mar 28 2023 06: +0,1679979600
0.03,9,Mar 28 2023 07: +0,1679983200
0.03,1,Mar 28 2023 08: +0,1679986800
0.03,2,Mar 28 2023 09: +0,1679990400
0.03,3,Mar 28 2023 10: +0,1679994000
0.03,7,Mar 28 2023 12: +0,1680001200
0.03,9,Mar 28 2023 13: +0,1680004800
0.03,4,Mar 28 2023 14: +0,1680008400
0.03,9,Mar 28 2023 15: +0,1680012000
0.03,9,Mar 28 2023 16: +0,1680015600
0.03,27,Mar 28 2023 17: +0,1680019200
0.03,17,Mar 28 2023 18: +0,1680022800
0.03,3,Mar 28 2023 19: +0,1680026400
0.03,37,Mar 28 2023 20: +0,1680030000
0.03,6,Mar 28 2023 21: +0,1680033600
0.03,3,Mar 28 2023 22: +0,1680037200
0.03,5,Mar 28 2023 23: +0,1680040800
0.03,2,Mar 29 2023 00: +0,1680044400
0.03,1,Mar 29 2023 01: +0,1680048000
0.03,1,Mar 29 2023 02: +0,1680051600
0.03,2,Mar 29 2023 03: +0,1680055200
0.03,1,Mar 29 2023 04: +0,1680058800
0.03,1,Mar 29 2023 05: +0,1680062400
0.03,4,Mar 29 2023 06: +0,1680066000
0.03,5,Mar 29 2023 07: +0,1680069600
0.03,3,Mar 29 2023 08: +0,1680073200
0.03,3,Mar 29 2023 09: +0,1680076800
0.03,3,Mar 29 2023 10: +0,1680080400
0.03,6,Mar 29 2023 11: +0,1680084000
0.03,12,Mar 29 2023 12: +0,1680087600
0.03,4,Mar 29 2023 13: +0,1680091200
0.03,18,Mar 29 2023 14: +0,1680094800
0.03,5,Mar 29 2023 15: +0,1680098400
0.03,4,Mar 29 2023 16: +0,1680102000
0.03,2,Mar 29 2023 17: +0,1680105600
0.03,2,Mar 29 2023 18: +0,1680109200
0.03,123,Mar 29 2023 19: +0,1680112800
0.03,16,Mar 29 2023 20: +0,1680116400
0.03,30,Mar 29 2023 21: +0,1680120000
0.03,6,Mar 29 2023 22: +0,1680123600
0.03,18,Mar 29 2023 23: +0,1680127200
0.03,3,Mar 30 2023 00: +0,1680130800
0.03,2,Mar 30 2023 01: +0,1680134400
0.03,1,Mar 30 2023 02: +0,1680138000
0.03,3,Mar 30 2023 03: +0,1680141600
0.03,1,Mar 30 2023 04: +0,1680145200
0.03,3,Mar 30 2023 05: +0,1680148800
0.03,6,Mar 30 2023 06: +0,1680152400
0.03,3,Mar 30 2023 07: +0,1680156000
0.03,2,Mar 30 2023 08: +0,1680159600
0.03,2,Mar 30 2023 09: +0,1680163200
0.03,2,Mar 30 2023 10: +0,1680166800
0.03,2,Mar 30 2023 11: +0,1680170400
0.03,4,Mar 30 2023 12: +0,1680174000
0.03,24,Mar 30 2023 13: +0,1680177600
0.03,3,Mar 30 2023 14: +0,1680181200
0.03,5,Mar 30 2023 15: +0,1680184800
0.03,16,Mar 30 2023 16: +0,1680188400
0.03,3,Mar 30 2023 17: +0,1680192000
0.03,15,Mar 30 2023 18: +0,1680195600
0.03,6,Mar 30 2023 19: +0,1680199200
0.03,9,Mar 30 2023 22: +0,1680210000
0.03,7,Mar 30 2023 23: +0,1680213600
0.03,4,Mar 31 2023 00: +0,1680217200
0.03,3,Mar 31 2023 02: +0,1680224400
0.03,3,Mar 31 2023 03: +0,1680228000
0.03,3,Mar 31 2023 04: +0,1680231600
0.03,1,Mar 31 2023 06: +0,1680238800
0.03,2,Mar 31 2023 07: +0,1680242400
0.03,2,Mar 31 2023 08: +0,1680246000
0.03,2,Mar 31 2023 09: +0,1680249600
0.03,2,Mar 31 2023 10: +0,1680253200
0.03,1,Mar 31 2023 11: +0,1680256800
0.03,3,Mar 31 2023 12: +0,1680260400
0.03,3,Mar 31 2023 13: +0,1680264000
0.03,1,Mar 31 2023 15: +0,1680271200
0.03,1,Mar 31 2023 17: +0,1680278400
0.03,2,Mar 31 2023 18: +0,1680282000
0.03,6,Mar 31 2023 19: +0,1680285600
0.03,1,Mar 31 2023 20: +0,1680289200
0.03,5,Mar 31 2023 21: +0,1680292800
0.03,5,Mar 31 2023 22: +0,1680296400
0.03,2,Mar 31 2023 23: +0,1680300000
0.03,1,Apr 01 2023 00: +0,1680303600
0.03,1,Apr 01 2023 01: +0,1680307200
0.03,1,Apr 01 2023 02: +0,1680310800
0.03,1,Apr 01 2023 03: +0,1680314400
0.03,2,Apr 01 2023 04: +0,1680318000
0.03,2,Apr 01 2023 05: +0,1680321600
0.03,7,Apr 01 2023 06: +0,1680325200
0.03,2,Apr 01 2023 07: +0,1680328800
0.03,2,Apr 01 2023 08: +0,1680332400
0.03,3,Apr 01 2023 09: +0,1680336000
0.03,6,Apr 01 2023 10: +0,1680339600
0.03,3,Apr 01 2023 11: +0,1680343200
0.03,11,Apr 01 2023 12: +0,1680346800
0.03,2,Apr 01 2023 13: +0,1680350400
0.03,4,Apr 01 2023 17: +0,1680364800
0.03,4,Apr 01 2023 18: +0,1680368400
0.03,9,Apr 01 2023 19: +0,1680372000
0.03,4,Apr 01 2023 20: +0,1680375600
0.03,7,Apr 01 2023 21: +0,1680379200
0.03,4,Apr 01 2023 22: +0,1680382800
0.03,4,Apr 01 2023 23: +0,1680386400
0.03,7,Apr 02 2023 00: +0,1680390000
0.03,3,Apr 02 2023 01: +0,1680393600
0.03,9,Apr 02 2023 02: +0,1680397200
0.03,2,Apr 02 2023 03: +0,1680400800
0.03,2,Apr 02 2023 04: +0,1680404400
0.03,12,Apr 02 2023 05: +0,1680408000
0.03,1,Apr 02 2023 06: +0,1680411600
0.03,2,Apr 02 2023 07: +0,1680415200
0.03,1,Apr 02 2023 08: +0,1680418800
0.03,3,Apr 02 2023 10: +0,1680426000
0.03,6,Apr 02 2023 11: +0,1680429600
0.03,1,Apr 02 2023 12: +0,1680433200
0.03,7,Apr 02 2023 13: +0,1680436800
0.03,1,Apr 02 2023 14: +0,1680440400
0.03,2,Apr 02 2023 16: +0,1680447600
0.03,100,Apr 02 2023 17: +0,1680451200
0.03,3,Apr 02 2023 18: +0,1680454800
0.03,5,Apr 02 2023 19: +0,1680458400
0.03,14,Apr 02 2023 20: +0,1680462000
0.03,4,Apr 02 2023 21: +0,1680465600
0.03,2,Apr 02 2023 22: +0,1680469200
0.03,4,Apr 02 2023 23: +0,1680472800
0.03,4,Apr 03 2023 00: +0,1680476400
0.03,18,Apr 03 2023 01: +0,1680480000
0.03,2,Apr 03 2023 02: +0,1680483600
0.03,1,Apr 03 2023 03: +0,1680487200
0.03,2,Apr 03 2023 04: +0,1680490800
0.03,3,Apr 03 2023 05: +0,1680494400
0.03,1,Apr 03 2023 06: +0,1680498000
0.03,1,Apr 03 2023 07: +0,1680501600
0.03,2,Apr 03 2023 08: +0,1680505200
0.03,3,Apr 03 2023 09: +0,1680508800
0.03,2,Apr 03 2023 10: +0,1680512400
0.03,3,Apr 03 2023 11: +0,1680516000
0.03,5,Apr 03 2023 12: +0,1680519600
0.03,35,Apr 03 2023 13: +0,1680523200
0.03,1,Apr 03 2023 14: +0,1680526800
0.03,1,Apr 03 2023 16: +0,1680534000
0.03,3,Apr 03 2023 17: +0,1680537600
0.03,3,Apr 03 2023 18: +0,1680541200
0.03,3,Apr 03 2023 19: +0,1680544800
0.03,4,Apr 03 2023 20: +0,1680548400
0.03,5,Apr 03 2023 21: +0,1680552000
0.03,2,Apr 03 2023 22: +0,1680555600
0.03,1,Apr 03 2023 23: +0,1680559200
0.03,3,Apr 04 2023 00: +0,1680562800
0.03,2,Apr 04 2023 01: +0,1680566400
0.03,2,Apr 04 2023 02: +0,1680570000
0.03,1,Apr 04 2023 03: +0,1680573600
0.03,2,Apr 04 2023 04: +0,1680577200
0.03,3,Apr 04 2023 05: +0,1680580800
0.03,1,Apr 04 2023 06: +0,1680584400
0.03,1,Apr 04 2023 07: +0,1680588000
0.03,1,Apr 04 2023 08: +0,1680591600
0.03,3,Apr 04 2023 09: +0,1680595200
0.03,1,Apr 04 2023 10: +0,1680598800
0.03,5,Apr 04 2023 11: +0,1680602400
0.03,11,Apr 04 2023 12: +0,1680606000
0.03,4,Apr 04 2023 13: +0,1680609600
0.03,2,Apr 04 2023 14: +0,1680613200
0.03,1,Apr 04 2023 17: +0,1680624000
0.03,6,Apr 04 2023 18: +0,1680627600
0.03,1,Apr 04 2023 19: +0,1680631200
0.03,3,Apr 04 2023 20: +0,1680634800
0.03,4,Apr 04 2023 21: +0,1680638400
0.03,6,Apr 04 2023 22: +0,1680642000
0.03,6,Apr 04 2023 23: +0,1680645600
0.03,2,Apr 05 2023 00: +0,1680649200
0.03,1,Apr 05 2023 01: +0,1680652800
0.03,2,Apr 05 2023 02: +0,1680656400
0.03,3,Apr 05 2023 03: +0,1680660000
0.03,2,Apr 05 2023 04: +0,1680663600
0.03,1,Apr 05 2023 05: +0,1680667200
0.03,3,Apr 05 2023 07: +0,1680674400
0.03,5,Apr 05 2023 08: +0,1680678000
0.03,1,Apr 05 2023 09: +0,1680681600
0.03,8,Apr 05 2023 10: +0,1680685200
0.03,1,Apr 05 2023 11: +0,1680688800
0.03,40,Apr 05 2023 12: +0,1680692400
0.03,1,Apr 05 2023 13: +0,1680696000
0.03,1,Apr 05 2023 14: +0,1680699600
0.03,1,Apr 05 2023 15: +0,1680703200
0.03,5,Apr 05 2023 16: +0,1680706800
0.03,6,Apr 05 2023 17: +0,1680710400
0.03,6,Apr 05 2023 18: +0,1680714000
0.03,7,Apr 05 2023 19: +0,1680717600
0.03,7,Apr 05 2023 20: +0,1680721200
0.03,2,Apr 05 2023 21: +0,1680724800
0.03,2,Apr 05 2023 22: +0,1680728400
0.03,2,Apr 05 2023 23: +0,1680732000
0.03,2,Apr 06 2023 00: +0,1680735600
0.03,4,Apr 06 2023 01: +0,1680739200
0.03,6,Apr 06 2023 02: +0,1680742800
0.03,3,Apr 06 2023 03: +0,1680746400
0.03,3,Apr 06 2023 04: +0,1680750000
0.03,5,Apr 06 2023 07: +0,1680760800
0.03,2,Apr 06 2023 08: +0,1680764400
0.03,5,Apr 06 2023 09: +0,1680768000
0.03,12,Apr 06 2023 10: +0,1680771600
0.03,3,Apr 06 2023 11: +0,1680775200
0.03,5,Apr 06 2023 12: +0,1680778800
0.03,4,Apr 06 2023 13: +0,1680782400
0.03,1,Apr 06 2023 16: +0,1680793200
0.03,8,Apr 06 2023 17: +0,1680796800
0.03,12,Apr 06 2023 18: +0,1680800400
0.03,6,Apr 06 2023 19: +0,1680804000
0.03,5,Apr 06 2023 20: +0,1680807600
0.03,7,Apr 06 2023 21: +0,1680811200
0.03,20,Apr 06 2023 22: +0,1680814800
0.03,3,Apr 06 2023 23: +0,1680818400
0.03,2,Apr 07 2023 00: +0,1680822000
0.03,5,Apr 07 2023 01: +0,1680825600
0.03,2,Apr 07 2023 02: +0,1680829200
0.03,2,Apr 07 2023 03: +0,1680832800
0.03,3,Apr 07 2023 04: +0,1680836400
0.03,3,Apr 07 2023 05: +0,1680840000
0.03,2,Apr 07 2023 06: +0,1680843600
0.03,2,Apr 07 2023 07: +0,1680847200
0.03,2,Apr 07 2023 08: +0,1680850800
0.03,4,Apr 07 2023 09: +0,1680854400
0.03,6,Apr 07 2023 10: +0,1680858000
0.03,8,Apr 07 2023 11: +0,1680861600
0.03,20,Apr 07 2023 12: +0,1680865200
0.03,2,Apr 07 2023 13: +0,1680868800
0.03,3,Apr 07 2023 19: +0,1680890400
0.03,1,Apr 07 2023 20: +0,1680894000
0.03,9,Apr 07 2023 21: +0,1680897600
0.03,4,Apr 07 2023 22: +0,1680901200
0.03,5,Apr 07 2023 23: +0,1680904800
0.03,4,Apr 08 2023 00: +0,1680908400
0.03,2,Apr 08 2023 01: +0,1680912000
0.03,1,Apr 08 2023 02: +0,1680915600
0.03,1,Apr 08 2023 04: +0,1680922800
0.03,2,Apr 08 2023 05: +0,1680926400
0.03,3,Apr 08 2023 07: +0,1680933600
0.03,3,Apr 08 2023 08: +0,1680937200
0.03,11,Apr 08 2023 09: +0,1680940800
0.03,8,Apr 08 2023 10: +0,1680944400
0.03,3,Apr 08 2023 11: +0,1680948000
0.03,1,Apr 08 2023 12: +0,1680951600
0.03,1,Apr 08 2023 17: +0,1680969600
0.03,18,Apr 08 2023 18: +0,1680973200
0.03,8,Apr 08 2023 19: +0,1680976800
0.03,4,Apr 08 2023 20: +0,1680980400
0.03,39,Apr 08 2023 21: +0,1680984000
0.03,6,Apr 08 2023 22: +0,1680987600
0.03,5,Apr 08 2023 23: +0,1680991200
0.03,6,Apr 09 2023 00: +0,1680994800
0.03,9,Apr 09 2023 01: +0,1680998400
0.03,1,Apr 09 2023 02: +0,1681002000
0.03,4,Apr 09 2023 03: +0,1681005600
0.03,3,Apr 09 2023 04: +0,1681009200
0.03,13,Apr 09 2023 05: +0,1681012800
0.03,1,Apr 09 2023 06: +0,1681016400
0.03,2,Apr 09 2023 07: +0,1681020000
0.03,3,Apr 09 2023 08: +0,1681023600
0.03,4,Apr 09 2023 09: +0,1681027200
0.03,3,Apr 09 2023 10: +0,1681030800
0.03,14,Apr 09 2023 11: +0,1681034400
0.03,2,Apr 09 2023 12: +0,1681038000
0.03,1,Apr 09 2023 13: +0,1681041600
0.03,20,Apr 09 2023 17: +0,1681056000
0.03,5,Apr 09 2023 18: +0,1681059600
0.03,3,Apr 09 2023 19: +0,1681063200
0.03,1,Apr 09 2023 20: +0,1681066800
0.03,2,Apr 09 2023 21: +0,1681070400
0.03,20,Apr 09 2023 22: +0,1681074000
0.03,4,Apr 09 2023 23: +0,1681077600
0.03,2,Apr 10 2023 00: +0,1681081200
0.03,2,Apr 10 2023 01: +0,1681084800
0.03,2,Apr 10 2023 02: +0,1681088400
0.03,3,Apr 10 2023 03: +0,1681092000
0.03,47,Apr 10 2023 04: +0,1681095600
0.03,1,Apr 10 2023 05: +0,1681099200
0.03,14,Apr 10 2023 06: +0,1681102800
0.03,8,Apr 10 2023 07: +0,1681106400
0.03,1,Apr 10 2023 08: +0,1681110000
0.03,6,Apr 10 2023 09: +0,1681113600
0.03,10,Apr 10 2023 10: +0,1681117200
0.03,1,Apr 10 2023 11: +0,1681120800
0.03,4,Apr 10 2023 12: +0,1681124400
0.03,4,Apr 10 2023 13: +0,1681128000
0.03,3,Apr 10 2023 14: +0,1681131600
0.03,1,Apr 10 2023 16: +0,1681138800
0.03,15,Apr 10 2023 17: +0,1681142400
0.03,22,Apr 10 2023 18: +0,1681146000
0.03,50,Apr 10 2023 19: +0,1681149600
0.03,3,Apr 10 2023 20: +0,1681153200
0.03,11,Apr 10 2023 21: +0,1681156800
0.03,74,Apr 10 2023 22: +0,1681160400
0.03,2,Apr 10 2023 23: +0,1681164000
0.03,6,Apr 11 2023 00: +0,1681167600
0.03,4,Apr 11 2023 01: +0,1681171200
0.03,1,Apr 11 2023 02: +0,1681174800
0.03,2,Apr 11 2023 03: +0,1681178400
0.03,3,Apr 11 2023 04: +0,1681182000
0.03,2,Apr 11 2023 05: +0,1681185600
0.03,3,Apr 11 2023 07: +0,1681192800
0.03,2,Apr 11 2023 08: +0,1681196400
0.03,2,Apr 11 2023 09: +0,1681200000
0.03,7,Apr 11 2023 10: +0,1681203600
0.03,8,Apr 11 2023 11: +0,1681207200
0.03,3,Apr 11 2023 12: +0,1681210800
0.03,7,Apr 11 2023 13: +0,1681214400
0.03,5,Apr 11 2023 17: +0,1681228800
0.03,7,Apr 11 2023 18: +0,1681232400
0.03,8,Apr 11 2023 19: +0,1681236000
0.03,4,Apr 11 2023 20: +0,1681239600
0.03,7,Apr 11 2023 21: +0,1681243200
0.03,60,Apr 11 2023 22: +0,1681246800
0.03,3,Apr 11 2023 23: +0,1681250400
0.03,2,Apr 12 2023 00: +0,1681254000
0.03,5,Apr 12 2023 01: +0,1681257600
0.03,2,Apr 12 2023 02: +0,1681261200
0.03,21,Apr 12 2023 03: +0,1681264800
0.03,3,Apr 12 2023 04: +0,1681268400
0.03,2,Apr 12 2023 05: +0,1681272000
0.03,3,Apr 12 2023 06: +0,1681275600
0.03,1,Apr 12 2023 07: +0,1681279200
0.03,5,Apr 12 2023 08: +0,1681282800
0.03,2,Apr 12 2023 10: +0,1681290000
0.03,1,Apr 12 2023 11: +0,1681293600
0.03,8,Apr 12 2023 12: +0,1681297200
0.03,3,Apr 12 2023 13: +0,1681300800
0.03,2,Apr 12 2023 16: +0,1681311600
0.03,1,Apr 12 2023 17: +0,1681315200
0.03,8,Apr 12 2023 18: +0,1681318800
0.03,9,Apr 12 2023 19: +0,1681322400
0.03,9,Apr 12 2023 20: +0,1681326000
0.03,41,Apr 12 2023 21: +0,1681329600
0.03,6,Apr 12 2023 22: +0,1681333200
0.03,4,Apr 12 2023 23: +0,1681336800
0.03,2,Apr 13 2023 00: +0,1681340400
0.03,6,Apr 13 2023 01: +0,1681344000
0.03,4,Apr 13 2023 02: +0,1681347600
0.03,3,Apr 13 2023 03: +0,1681351200
0.03,1,Apr 13 2023 04: +0,1681354800
0.03,5,Apr 13 2023 06: +0,1681362000
0.03,6,Apr 13 2023 07: +0,1681365600
0.03,6,Apr 13 2023 08: +0,1681369200
0.03,7,Apr 13 2023 09: +0,1681372800
0.03,8,Apr 13 2023 10: +0,1681376400
0.03,22,Apr 13 2023 11: +0,1681380000
0.03,3,Apr 13 2023 12: +0,1681383600
0.03,4,Apr 13 2023 13: +0,1681387200
0.03,2,Apr 13 2023 14: +0,1681390800
0.03,16,Apr 13 2023 17: +0,1681401600
0.03,1,Apr 13 2023 18: +0,1681405200
0.03,2,Apr 13 2023 19: +0,1681408800
0.03,5,Apr 13 2023 20: +0,1681412400
0.03,4,Apr 13 2023 21: +0,1681416000
0.03,8,Apr 13 2023 22: +0,1681419600
0.03,27,Apr 13 2023 23: +0,1681423200
0.03,3,Apr 14 2023 00: +0,1681426800
0.03,2,Apr 14 2023 01: +0,1681430400
0.03,9,Apr 14 2023 02: +0,1681434000
0.03,6,Apr 14 2023 03: +0,1681437600
0.03,5,Apr 14 2023 04: +0,1681441200
0.03,2,Apr 14 2023 05: +0,1681444800
0.03,5,Apr 14 2023 06: +0,1681448400
0.03,4,Apr 14 2023 07: +0,1681452000
0.03,2,Apr 14 2023 08: +0,1681455600
0.03,1,Apr 14 2023 09: +0,1681459200
0.03,14,Apr 14 2023 10: +0,1681462800
0.03,2,Apr 14 2023 11: +0,1681466400
0.03,5,Apr 14 2023 12: +0,1681470000
0.03,1,Apr 14 2023 13: +0,1681473600
0.03,3,Apr 14 2023 19: +0,1681495200
0.03,9,Apr 14 2023 20: +0,1681498800
0.03,17,Apr 14 2023 21: +0,1681502400
0.03,2,Apr 14 2023 22: +0,1681506000
0.03,3,Apr 14 2023 23: +0,1681509600
0.03,6,Apr 15 2023 00: +0,1681513200
0.03,3,Apr 15 2023 01: +0,1681516800
0.03,4,Apr 15 2023 02: +0,1681520400
0.03,2,Apr 15 2023 03: +0,1681524000
0.03,1,Apr 15 2023 04: +0,1681527600
0.03,1,Apr 15 2023 05: +0,1681531200
0.03,10,Apr 15 2023 06: +0,1681534800
0.03,4,Apr 15 2023 07: +0,1681538400
0.03,31,Apr 15 2023 08: +0,1681542000
0.03,3,Apr 15 2023 09: +0,1681545600
0.03,1,Apr 15 2023 10: +0,1681549200
0.03,4,Apr 15 2023 11: +0,1681552800
0.03,1,Apr 15 2023 12: +0,1681556400
0.03,1,Apr 15 2023 16: +0,1681570800
0.03,2,Apr 15 2023 19: +0,1681581600
0.03,4,Apr 15 2023 21: +0,1681588800
0.03,6,Apr 15 2023 22: +0,1681592400
0.03,10,Apr 15 2023 23: +0,1681596000
0.03,3,Apr 16 2023 00: +0,1681599600
0.03,4,Apr 16 2023 01: +0,1681603200
0.03,1,Apr 16 2023 02: +0,1681606800
0.03,2,Apr 16 2023 03: +0,1681610400
0.03,1,Apr 16 2023 04: +0,1681614000
0.03,2,Apr 16 2023 05: +0,1681617600
0.03,2,Apr 16 2023 06: +0,1681621200
0.03,2,Apr 16 2023 07: +0,1681624800
0.03,3,Apr 16 2023 09: +0,1681632000
0.03,2,Apr 16 2023 10: +0,1681635600
0.03,3,Apr 16 2023 11: +0,1681639200
0.03,4,Apr 16 2023 19: +0,1681668000
0.03,4,Apr 16 2023 20: +0,1681671600
0.03,3,Apr 16 2023 21: +0,1681675200
0.03,11,Apr 16 2023 22: +0,1681678800
0.03,5,Apr 16 2023 23: +0,1681682400
0.03,23,Apr 17 2023 00: +0,1681686000
0.03,1,Apr 17 2023 01: +0,1681689600
0.03,1,Apr 17 2023 02: +0,1681693200
0.03,2,Apr 17 2023 03: +0,1681696800
0.03,1,Apr 17 2023 04: +0,1681700400
0.03,2,Apr 17 2023 05: +0,1681704000
0.03,6,Apr 17 2023 06: +0,1681707600
0.03,4,Apr 17 2023 07: +0,1681711200
0.03,4,Apr 17 2023 08: +0,1681714800
0.03,2,Apr 17 2023 09: +0,1681718400
0.03,2,Apr 17 2023 10: +0,1681722000
0.03,4,Apr 17 2023 11: +0,1681725600
0.03,6,Apr 17 2023 12: +0,1681729200
0.03,4,Apr 17 2023 18: +0,1681750800
0.03,2,Apr 17 2023 19: +0,1681754400
0.03,4,Apr 17 2023 20: +0,1681758000
0.03,12,Apr 17 2023 21: +0,1681761600
0.03,33,Apr 17 2023 22: +0,1681765200
0.03,15,Apr 17 2023 23: +0,1681768800
0.03,3,Apr 18 2023 00: +0,1681772400
0.03,2,Apr 18 2023 01: +0,1681776000
0.03,1,Apr 18 2023 02: +0,1681779600
0.03,3,Apr 18 2023 03: +0,1681783200
0.03,6,Apr 18 2023 04: +0,1681786800
0.03,1,Apr 18 2023 05: +0,1681790400
0.03,2,Apr 18 2023 06: +0,1681794000
0.03,1,Apr 18 2023 07: +0,1681797600
0.03,13,Apr 18 2023 09: +0,1681804800
0.03,2,Apr 18 2023 10: +0,1681808400
0.03,3,Apr 18 2023 11: +0,1681812000
0.03,4,Apr 18 2023 12: +0,1681815600
0.03,3,Apr 18 2023 13: +0,1681819200
0.03,1,Apr 18 2023 16: +0,1681830000
0.03,1,Apr 18 2023 17: +0,1681833600
0.03,1,Apr 18 2023 18: +0,1681837200
0.03,2,Apr 18 2023 19: +0,1681840800
0.03,1,Apr 18 2023 20: +0,1681844400
0.03,7,Apr 18 2023 21: +0,1681848000
0.03,2,Apr 18 2023 22: +0,1681851600
0.03,6,Apr 18 2023 23: +0,1681855200
0.03,3,Apr 19 2023 00: +0,1681858800
0.03,4,Apr 19 2023 02: +0,1681866000
0.03,3,Apr 19 2023 03: +0,1681869600
0.03,5,Apr 19 2023 04: +0,1681873200
0.03,2,Apr 19 2023 05: +0,1681876800
0.03,4,Apr 19 2023 06: +0,1681880400
0.03,6,Apr 19 2023 07: +0,1681884000
0.03,76,Apr 19 2023 08: +0,1681887600
0.03,1,Apr 19 2023 09: +0,1681891200
0.03,3,Apr 19 2023 10: +0,1681894800
0.03,6,Apr 19 2023 11: +0,1681898400
0.03,1,Apr 19 2023 13: +0,1681905600
0.03,2,Apr 19 2023 14: +0,1681909200
0.03,18,Apr 19 2023 16: +0,1681916400
0.03,4,Apr 19 2023 19: +0,1681927200
0.03,5,Apr 19 2023 20: +0,1681930800
0.03,48,Apr 19 2023 21: +0,1681934400
0.03,7,Apr 19 2023 22: +0,1681938000
0.03,3,Apr 19 2023 23: +0,1681941600
0.03,2,Apr 20 2023 00: +0,1681945200
0.03,5,Apr 20 2023 01: +0,1681948800
0.03,2,Apr 20 2023 02: +0,1681952400
0.03,2,Apr 20 2023 03: +0,1681956000
0.03,2,Apr 20 2023 04: +0,1681959600
0.03,2,Apr 20 2023 05: +0,1681963200
0.03,4,Apr 20 2023 06: +0,1681966800
0.03,7,Apr 20 2023 07: +0,1681970400
0.03,4,Apr 20 2023 08: +0,1681974000
0.03,4,Apr 20 2023 09: +0,1681977600
0.03,8,Apr 20 2023 10: +0,1681981200
0.03,4,Apr 20 2023 11: +0,1681984800
0.03,9,Apr 20 2023 12: +0,1681988400
0.03,6,Apr 20 2023 13: +0,1681992000
0.03,4,Apr 20 2023 14: +0,1681995600
0.03,17,Apr 20 2023 15: +0,1681999200
0.03,5,Apr 20 2023 16: +0,1682002800
0.03,4,Apr 20 2023 17: +0,1682006400
0.03,7,Apr 20 2023 18: +0,1682010000
0.03,4,Apr 20 2023 19: +0,1682013600
0.03,8,Apr 20 2023 21: +0,1682020800
0.03,4,Apr 20 2023 22: +0,1682024400
0.03,8,Apr 20 2023 23: +0,1682028000
0.03,1,Apr 21 2023 00: +0,1682031600
0.03,4,Apr 21 2023 01: +0,1682035200
0.03,2,Apr 21 2023 02: +0,1682038800
0.03,1,Apr 21 2023 03: +0,1682042400
0.03,1,Apr 21 2023 04: +0,1682046000
0.03,3,Apr 21 2023 05: +0,1682049600
0.03,5,Apr 21 2023 06: +0,1682053200
0.03,4,Apr 21 2023 07: +0,1682056800
0.03,3,Apr 21 2023 08: +0,1682060400
0.03,2,Apr 21 2023 09: +0,1682064000
0.03,4,Apr 21 2023 10: +0,1682067600
0.03,5,Apr 21 2023 11: +0,1682071200
0.03,5,Apr 21 2023 12: +0,1682074800
0.03,2,Apr 21 2023 13: +0,1682078400
0.03,1,Apr 21 2023 14: +0,1682082000
0.03,6,Apr 21 2023 15: +0,1682085600
0.03,4,Apr 21 2023 16: +0,1682089200
0.03,11,Apr 21 2023 17: +0,1682092800
0.03,4,Apr 21 2023 18: +0,1682096400
0.03,10,Apr 21 2023 19: +0,1682100000
0.03,13,Apr 21 2023 20: +0,1682103600
0.03,2,Apr 21 2023 21: +0,1682107200
0.03,7,Apr 21 2023 22: +0,1682110800
0.03,4,Apr 21 2023 23: +0,1682114400
0.03,5,Apr 22 2023 00: +0,1682118000
0.03,2,Apr 22 2023 01: +0,1682121600
0.03,1,Apr 22 2023 02: +0,1682125200
0.03,1,Apr 22 2023 03: +0,1682128800
0.03,1,Apr 22 2023 04: +0,1682132400
0.03,1,Apr 22 2023 05: +0,1682136000
0.03,3,Apr 22 2023 07: +0,1682143200
0.03,5,Apr 22 2023 08: +0,1682146800
0.03,57,Apr 22 2023 09: +0,1682150400
0.03,2,Apr 22 2023 10: +0,1682154000
0.03,3,Apr 22 2023 11: +0,1682157600
0.03,26,Apr 22 2023 12: +0,1682161200
0.03,11,Apr 22 2023 13: +0,1682164800
0.03,3,Apr 22 2023 14: +0,1682168400
0.03,8,Apr 22 2023 15: +0,1682172000
0.03,2,Apr 22 2023 16: +0,1682175600
0.03,2,Apr 22 2023 17: +0,1682179200
0.03,4,Apr 22 2023 18: +0,1682182800
0.03,2,Apr 22 2023 19: +0,1682186400
0.03,3,Apr 22 2023 20: +0,1682190000
0.03,13,Apr 22 2023 22: +0,1682197200
0.03,5,Apr 22 2023 23: +0,1682200800
0.03,6,Apr 23 2023 00: +0,1682204400
0.03,3,Apr 23 2023 02: +0,1682211600
0.03,1,Apr 23 2023 04: +0,1682218800
0.03,5,Apr 23 2023 05: +0,1682222400
0.03,1,Apr 23 2023 07: +0,1682229600
0.03,1,Apr 23 2023 08: +0,1682233200
0.03,3,Apr 23 2023 09: +0,1682236800
0.03,10,Apr 23 2023 10: +0,1682240400
0.03,2,Apr 23 2023 11: +0,1682244000
0.03,8,Apr 23 2023 12: +0,1682247600
0.03,2,Apr 23 2023 14: +0,1682254800
0.03,7,Apr 23 2023 15: +0,1682258400
0.03,15,Apr 23 2023 16: +0,1682262000
0.03,8,Apr 23 2023 17: +0,1682265600
0.03,7,Apr 23 2023 18: +0,1682269200
0.03,8,Apr 23 2023 19: +0,1682272800
0.03,15,Apr 23 2023 20: +0,1682276400
0.03,8,Apr 23 2023 21: +0,1682280000
0.03,3,Apr 23 2023 22: +0,1682283600
0.03,2,Apr 23 2023 23: +0,1682287200
0.03,1,Apr 24 2023 00: +0,1682290800
0.03,1,Apr 24 2023 01: +0,1682294400
0.03,1,Apr 24 2023 02: +0,1682298000
0.03,7,Apr 24 2023 03: +0,1682301600
0.03,2,Apr 24 2023 04: +0,1682305200
0.03,1,Apr 24 2023 06: +0,1682312400
0.03,3,Apr 24 2023 07: +0,1682316000
0.03,7,Apr 24 2023 09: +0,1682323200
0.03,2,Apr 24 2023 10: +0,1682326800
0.03,1,Apr 24 2023 11: +0,1682330400
0.03,1,Apr 24 2023 12: +0,1682334000
0.03,5,Apr 24 2023 13: +0,1682337600
0.03,15,Apr 24 2023 14: +0,1682341200
0.03,4,Apr 24 2023 15: +0,1682344800
0.03,5,Apr 24 2023 16: +0,1682348400
0.03,8,Apr 24 2023 17: +0,1682352000
0.03,4,Apr 24 2023 18: +0,1682355600
0.03,14,Apr 24 2023 19: +0,1682359200
0.03,6,Apr 24 2023 20: +0,1682362800
0.03,7,Apr 24 2023 21: +0,1682366400
0.03,7,Apr 24 2023 22: +0,1682370000
0.03,2,Apr 25 2023 00: +0,1682377200
0.03,9,Apr 25 2023 01: +0,1682380800
0.03,2,Apr 25 2023 02: +0,1682384400
0.03,1,Apr 25 2023 03: +0,1682388000
0.03,4,Apr 25 2023 04: +0,1682391600
0.03,5,Apr 25 2023 05: +0,1682395200
0.03,4,Apr 25 2023 06: +0,1682398800
0.03,1,Apr 25 2023 07: +0,1682402400
0.03,5,Apr 25 2023 08: +0,1682406000
0.03,4,Apr 25 2023 09: +0,1682409600
0.03,6,Apr 25 2023 10: +0,1682413200
0.03,6,Apr 25 2023 11: +0,1682416800
0.03,6,Apr 25 2023 12: +0,1682420400
0.03,10,Apr 25 2023 13: +0,1682424000
0.03,11,Apr 25 2023 14: +0,1682427600
0.03,10,Apr 25 2023 15: +0,1682431200
0.03,10,Apr 25 2023 16: +0,1682434800
0.03,8,Apr 25 2023 17: +0,1682438400
0.03,10,Apr 25 2023 18: +0,1682442000
0.03,27,Apr 25 2023 19: +0,1682445600
0.03,7,Apr 25 2023 20: +0,1682449200
0.03,4,Apr 25 2023 21: +0,1682452800
0.03,9,Apr 25 2023 22: +0,1682456400
0.03,2,Apr 25 2023 23: +0,1682460000
0.03,7,Apr 26 2023 00: +0,1682463600
0.03,1,Apr 26 2023 01: +0,1682467200
0.03,15,Apr 26 2023 02: +0,1682470800
0.03,1,Apr 26 2023 03: +0,1682474400
0.03,5,Apr 26 2023 04: +0,1682478000
0.03,2,Apr 26 2023 05: +0,1682481600
0.03,3,Apr 26 2023 06: +0,1682485200
0.03,2,Apr 26 2023 08: +0,1682492400
0.03,3,Apr 26 2023 09: +0,1682496000
0.03,6,Apr 26 2023 10: +0,1682499600
0.03,3,Apr 26 2023 11: +0,1682503200
0.03,4,Apr 26 2023 12: +0,1682506800
0.03,9,Apr 26 2023 13: +0,1682510400
0.03,5,Apr 26 2023 14: +0,1682514000
0.03,5,Apr 26 2023 15: +0,1682517600
0.03,8,Apr 26 2023 16: +0,1682521200
0.03,138,Apr 26 2023 17: +0,1682524800
0.03,7,Apr 26 2023 18: +0,1682528400
0.03,5,Apr 26 2023 19: +0,1682532000
0.03,2,Apr 26 2023 20: +0,1682535600
0.03,59,Apr 26 2023 21: +0,1682539200
0.03,5,Apr 26 2023 22: +0,1682542800
0.03,37,Apr 26 2023 23: +0,1682546400
0.03,1,Apr 27 2023 00: +0,1682550000
0.03,2,Apr 27 2023 01: +0,1682553600
0.03,1,Apr 27 2023 04: +0,1682564400
0.03,2,Apr 27 2023 06: +0,1682571600
0.03,7,Apr 27 2023 07: +0,1682575200
0.03,3,Apr 27 2023 08: +0,1682578800
0.03,2,Apr 27 2023 09: +0,1682582400
0.03,2,Apr 27 2023 10: +0,1682586000
0.03,1,Apr 27 2023 11: +0,1682589600
0.03,5,Apr 27 2023 12: +0,1682593200
0.03,4,Apr 27 2023 13: +0,1682596800
0.03,3,Apr 27 2023 14: +0,1682600400
0.03,5,Apr 27 2023 15: +0,1682604000
0.03,16,Apr 27 2023 16: +0,1682607600
0.03,12,Apr 27 2023 17: +0,1682611200
0.03,1,Apr 27 2023 18: +0,1682614800
0.03,5,Apr 27 2023 19: +0,1682618400
0.03,2,Apr 27 2023 20: +0,1682622000
0.03,6,Apr 27 2023 21: +0,1682625600
0.03,4,Apr 27 2023 22: +0,1682629200
0.03,6,Apr 27 2023 23: +0,1682632800
0.03,1,Apr 28 2023 00: +0,1682636400
0.03,5,Apr 28 2023 01: +0,1682640000
0.03,3,Apr 28 2023 02: +0,1682643600
0.03,1,Apr 28 2023 03: +0,1682647200
0.03,18,Apr 28 2023 04: +0,1682650800
0.03,4,Apr 28 2023 05: +0,1682654400
0.03,5,Apr 28 2023 06: +0,1682658000
0.03,4,Apr 28 2023 08: +0,1682665200
0.03,4,Apr 28 2023 09: +0,1682668800
0.03,3,Apr 28 2023 11: +0,1682676000
0.03,3,Apr 28 2023 12: +0,1682679600
0.03,7,Apr 28 2023 13: +0,1682683200
0.03,5,Apr 28 2023 15: +0,1682690400
0.03,6,Apr 28 2023 16: +0,1682694000
0.03,19,Apr 28 2023 17: +0,1682697600
0.03,6,Apr 28 2023 18: +0,1682701200
0.03,4,Apr 28 2023 19: +0,1682704800
0.03,19,Apr 28 2023 20: +0,1682708400
0.03,5,Apr 28 2023 21: +0,1682712000
0.03,5,Apr 28 2023 22: +0,1682715600
0.03,11,Apr 28 2023 23: +0,1682719200
0.03,5,Apr 29 2023 00: +0,1682722800
0.03,1,Apr 29 2023 02: +0,1682730000
0.03,1,Apr 29 2023 05: +0,1682740800
0.03,1,Apr 29 2023 06: +0,1682744400
0.03,8,Apr 29 2023 07: +0,1682748000
0.03,7,Apr 29 2023 08: +0,1682751600
0.03,6,Apr 29 2023 10: +0,1682758800
0.03,7,Apr 29 2023 11: +0,1682762400
0.03,2,Apr 29 2023 12: +0,1682766000
0.03,5,Apr 29 2023 13: +0,1682769600
0.03,6,Apr 29 2023 14: +0,1682773200
0.03,5,Apr 29 2023 15: +0,1682776800
0.03,14,Apr 29 2023 16: +0,1682780400
0.03,3,Apr 29 2023 17: +0,1682784000
0.03,1,Apr 29 2023 18: +0,1682787600
0.03,9,Apr 29 2023 19: +0,1682791200
0.03,9,Apr 29 2023 20: +0,1682794800
0.03,10,Apr 29 2023 21: +0,1682798400
0.03,7,Apr 29 2023 22: +0,1682802000
0.03,7,Apr 29 2023 23: +0,1682805600
0.03,1,Apr 30 2023 00: +0,1682809200
0.03,5,Apr 30 2023 01: +0,1682812800
0.03,1,Apr 30 2023 02: +0,1682816400
0.03,2,Apr 30 2023 03: +0,1682820000
0.03,2,Apr 30 2023 05: +0,1682827200
0.03,2,Apr 30 2023 06: +0,1682830800
0.03,1,Apr 30 2023 07: +0,1682834400
0.03,27,Apr 30 2023 08: +0,1682838000
0.03,1,Apr 30 2023 09: +0,1682841600
0.03,3,Apr 30 2023 10: +0,1682845200
0.03,5,Apr 30 2023 12: +0,1682852400
0.03,3,Apr 30 2023 13: +0,1682856000
0.03,1,Apr 30 2023 14: +0,1682859600
0.03,2,Apr 30 2023 15: +0,1682863200
0.03,7,Apr 30 2023 16: +0,1682866800
0.03,3,Apr 30 2023 17: +0,1682870400
0.03,3,Apr 30 2023 18: +0,1682874000
0.03,7,Apr 30 2023 19: +0,1682877600
0.03,6,Apr 30 2023 20: +0,1682881200
0.03,10,Apr 30 2023 21: +0,1682884800
0.03,4,Apr 30 2023 22: +0,1682888400
0.03,6,Apr 30 2023 23: +0,1682892000
0.03,4,May 01 2023 01: +0,1682899200
0.03,1,May 01 2023 02: +0,1682902800
0.03,1,May 01 2023 03: +0,1682906400
0.03,1,May 01 2023 04: +0,1682910000
0.03,2,May 01 2023 05: +0,1682913600
0.03,4,May 01 2023 06: +0,1682917200
0.03,2,May 01 2023 07: +0,1682920800
0.03,3,May 01 2023 08: +0,1682924400
0.03,3,May 01 2023 09: +0,1682928000
0.03,5,May 01 2023 10: +0,1682931600
0.03,4,May 01 2023 11: +0,1682935200
0.03,2,May 01 2023 12: +0,1682938800
0.03,10,May 01 2023 13: +0,1682942400
0.03,4,May 01 2023 14: +0,1682946000
0.03,2,May 01 2023 15: +0,1682949600
0.03,2,May 01 2023 16: +0,1682953200
0.03,3,May 01 2023 18: +0,1682960400
0.03,5,May 01 2023 19: +0,1682964000
0.03,29,May 01 2023 20: +0,1682967600
0.03,8,May 01 2023 21: +0,1682971200
0.03,16,May 01 2023 22: +0,1682974800
0.03,4,May 01 2023 23: +0,1682978400
0.03,2,May 02 2023 00: +0,1682982000
0.03,1,May 02 2023 01: +0,1682985600
0.03,1,May 02 2023 02: +0,1682989200
0.03,2,May 02 2023 03: +0,1682992800
0.03,1,May 02 2023 05: +0,1683000000
0.03,1,May 02 2023 06: +0,1683003600
0.03,4,May 02 2023 07: +0,1683007200
0.03,10,May 02 2023 08: +0,1683010800
0.03,1,May 02 2023 09: +0,1683014400
0.03,1,May 02 2023 10: +0,1683018000
0.03,2,May 02 2023 11: +0,1683021600
0.03,5,May 02 2023 12: +0,1683025200
0.03,4,May 02 2023 13: +0,1683028800
0.03,9,May 02 2023 15: +0,1683036000
0.03,4,May 02 2023 16: +0,1683039600
0.03,4,May 02 2023 17: +0,1683043200
0.03,5,May 02 2023 18: +0,1683046800
0.03,3,May 02 2023 19: +0,1683050400
0.03,14,May 02 2023 20: +0,1683054000
0.03,3,May 02 2023 22: +0,1683061200
0.03,10,May 02 2023 23: +0,1683064800
0.03,3,May 03 2023 00: +0,1683068400
0.03,1,May 03 2023 02: +0,1683075600
0.03,12,May 03 2023 03: +0,1683079200
0.03,3,May 03 2023 05: +0,1683086400
0.03,1,May 03 2023 06: +0,1683090000
0.03,2,May 03 2023 07: +0,1683093600
0.03,1,May 03 2023 08: +0,1683097200
0.03,6,May 03 2023 09: +0,1683100800
0.03,2,May 03 2023 10: +0,1683104400
0.03,8,May 03 2023 12: +0,1683111600
0.03,1,May 03 2023 13: +0,1683115200
0.03,5,May 03 2023 14: +0,1683118800
0.03,6,May 03 2023 15: +0,1683122400
0.03,10,May 03 2023 16: +0,1683126000
0.03,12,May 03 2023 17: +0,1683129600
0.03,4,May 03 2023 18: +0,1683133200
0.03,7,May 03 2023 19: +0,1683136800
0.03,11,May 03 2023 20: +0,1683140400
0.03,15,May 03 2023 21: +0,1683144000
0.03,6,May 03 2023 22: +0,1683147600
0.03,4,May 03 2023 23: +0,1683151200
0.03,10,May 04 2023 00: +0,1683154800
0.03,2,May 04 2023 01: +0,1683158400
0.03,1,May 04 2023 02: +0,1683162000
0.03,4,May 04 2023 03: +0,1683165600
0.03,1,May 04 2023 04: +0,1683169200
0.03,3,May 04 2023 05: +0,1683172800
0.03,3,May 04 2023 06: +0,1683176400
0.03,1,May 04 2023 07: +0,1683180000
0.03,14,May 04 2023 08: +0,1683183600
0.03,2,May 04 2023 09: +0,1683187200
0.03,1,May 04 2023 10: +0,1683190800
0.03,3,May 04 2023 11: +0,1683194400
0.03,7,May 04 2023 12: +0,1683198000
0.03,7,May 04 2023 13: +0,1683201600
0.03,3,May 04 2023 14: +0,1683205200
0.03,2,May 04 2023 15: +0,1683208800
0.03,7,May 04 2023 16: +0,1683212400
0.03,3,May 04 2023 17: +0,1683216000
0.03,4,May 04 2023 18: +0,1683219600
0.03,3,May 04 2023 19: +0,1683223200
0.03,9,May 04 2023 20: +0,1683226800
0.03,6,May 04 2023 21: +0,1683230400
0.03,2,May 04 2023 22: +0,1683234000
0.03,1,May 04 2023 23: +0,1683237600
0.03,4,May 05 2023 00: +0,1683241200
0.03,9,May 05 2023 01: +0,1683244800
0.03,2,May 05 2023 02: +0,1683248400
0.03,4,May 05 2023 03: +0,1683252000
0.03,21,May 05 2023 04: +0,1683255600
0.03,1,May 05 2023 05: +0,1683259200
0.03,3,May 05 2023 06: +0,1683262800
0.03,3,May 05 2023 07: +0,1683266400
0.03,7,May 05 2023 08: +0,1683270000
0.03,4,May 05 2023 09: +0,1683273600
0.03,6,May 05 2023 10: +0,1683277200
0.03,6,May 05 2023 11: +0,1683280800
0.03,3,May 05 2023 12: +0,1683284400
0.03,4,May 05 2023 13: +0,1683288000
0.03,4,May 05 2023 14: +0,1683291600
0.03,7,May 05 2023 15: +0,1683295200
0.03,7,May 05 2023 16: +0,1683298800
0.03,2,May 05 2023 17: +0,1683302400
0.03,3,May 05 2023 18: +0,1683306000
0.03,10,May 05 2023 19: +0,1683309600
0.03,7,May 05 2023 20: +0,1683313200
0.03,4,May 05 2023 21: +0,1683316800
0.03,6,May 05 2023 22: +0,1683320400
0.03,8,May 05 2023 23: +0,1683324000
0.03,1,May 06 2023 00: +0,1683327600
0.03,1,May 06 2023 01: +0,1683331200
0.03,2,May 06 2023 02: +0,1683334800
0.03,2,May 06 2023 03: +0,1683338400
0.03,1,May 06 2023 04: +0,1683342000
0.03,3,May 06 2023 06: +0,1683349200
0.03,3,May 06 2023 07: +0,1683352800
0.03,2,May 06 2023 08: +0,1683356400
0.03,2,May 06 2023 09: +0,1683360000
0.03,4,May 06 2023 10: +0,1683363600
0.03,9,May 06 2023 11: +0,1683367200
0.03,21,May 06 2023 12: +0,1683370800
0.03,1,May 06 2023 13: +0,1683374400
0.03,2,May 06 2023 14: +0,1683378000
0.03,2,May 06 2023 15: +0,1683381600
0.03,7,May 06 2023 16: +0,1683385200
0.03,8,May 06 2023 17: +0,1683388800
0.03,3,May 06 2023 18: +0,1683392400
0.03,7,May 06 2023 19: +0,1683396000
0.03,11,May 06 2023 21: +0,1683403200
0.03,2,May 06 2023 22: +0,1683406800
0.03,3,May 06 2023 23: +0,1683410400
0.03,2,May 07 2023 00: +0,1683414000
0.03,1,May 07 2023 01: +0,1683417600
0.03,3,May 07 2023 03: +0,1683424800
0.03,1,May 07 2023 04: +0,1683428400
0.03,2,May 07 2023 05: +0,1683432000
0.03,2,May 07 2023 06: +0,1683435600
0.03,1,May 07 2023 07: +0,1683439200
0.03,4,May 07 2023 08: +0,1683442800
0.03,5,May 07 2023 09: +0,1683446400
0.03,7,May 07 2023 10: +0,1683450000
0.03,3,May 07 2023 11: +0,1683453600
0.03,5,May 07 2023 12: +0,1683457200
0.03,2,May 07 2023 13: +0,1683460800
0.03,4,May 07 2023 14: +0,1683464400
0.03,6,May 07 2023 15: +0,1683468000
0.03,8,May 07 2023 16: +0,1683471600
0.03,9,May 07 2023 17: +0,1683475200
0.03,12,May 07 2023 18: +0,1683478800
0.03,5,May 07 2023 19: +0,1683482400
0.03,4,May 07 2023 20: +0,1683486000
0.03,8,May 07 2023 21: +0,1683489600
0.03,1,May 07 2023 23: +0,1683496800
0.03,1,May 08 2023 00: +0,1683500400
0.03,18,May 08 2023 01: +0,1683504000
0.03,14,May 08 2023 02: +0,1683507600
0.03,2,May 08 2023 03: +0,1683511200
0.03,1,May 08 2023 04: +0,1683514800
0.03,5,May 08 2023 05: +0,1683518400
0.03,1,May 08 2023 06: +0,1683522000
0.03,1,May 08 2023 07: +0,1683525600
0.03,4,May 08 2023 08: +0,1683529200
0.03,2,May 08 2023 09: +0,1683532800
0.03,1,May 08 2023 11: +0,1683540000
0.03,6,May 08 2023 12: +0,1683543600
0.03,3,May 08 2023 13: +0,1683547200
0.03,2,May 08 2023 14: +0,1683550800
0.03,2,May 08 2023 15: +0,1683554400
0.03,5,May 08 2023 16: +0,1683558000
0.03,6,May 08 2023 17: +0,1683561600
0.03,4,May 08 2023 18: +0,1683565200
0.03,10,May 08 2023 19: +0,1683568800
0.03,6,May 08 2023 20: +0,1683572400
0.03,10,May 08 2023 21: +0,1683576000
0.03,2,May 08 2023 22: +0,1683579600
0.03,1,May 08 2023 23: +0,1683583200
0.03,3,May 09 2023 00: +0,1683586800
0.03,58,May 09 2023 01: +0,1683590400
0.03,2,May 09 2023 02: +0,1683594000
0.03,2,May 09 2023 03: +0,1683597600
0.03,2,May 09 2023 05: +0,1683604800
0.03,1,May 09 2023 06: +0,1683608400
0.03,2,May 09 2023 07: +0,1683612000
0.03,8,May 09 2023 08: +0,1683615600
0.03,4,May 09 2023 09: +0,1683619200
0.03,7,May 09 2023 11: +0,1683626400
0.03,17,May 09 2023 12: +0,1683630000
0.03,3,May 09 2023 13: +0,1683633600
0.03,3,May 09 2023 14: +0,1683637200
0.03,6,May 09 2023 15: +0,1683640800
0.03,5,May 09 2023 16: +0,1683644400
0.03,5,May 09 2023 17: +0,1683648000
0.03,59,May 09 2023 18: +0,1683651600
0.03,5,May 09 2023 19: +0,1683655200
0.03,1,May 09 2023 20: +0,1683658800
0.03,1,May 09 2023 21: +0,1683662400
0.03,1,May 09 2023 22: +0,1683666000
0.03,8,May 09 2023 23: +0,1683669600
0.03,3,May 10 2023 00: +0,1683673200
0.03,3,May 10 2023 01: +0,1683676800
0.03,1,May 10 2023 02: +0,1683680400
0.03,4,May 10 2023 03: +0,1683684000
0.03,2,May 10 2023 04: +0,1683687600
0.03,2,May 10 2023 05: +0,1683691200
0.03,1,May 10 2023 06: +0,1683694800
0.03,7,May 10 2023 07: +0,1683698400
0.03,3,May 10 2023 08: +0,1683702000
0.03,2,May 10 2023 09: +0,1683705600
0.03,3,May 10 2023 10: +0,1683709200
0.03,2,May 10 2023 11: +0,1683712800
0.03,3,May 10 2023 12: +0,1683716400
0.03,7,May 10 2023 13: +0,1683720000
0.03,4,May 10 2023 14: +0,1683723600
0.03,9,May 10 2023 15: +0,1683727200
0.03,23,May 10 2023 16: +0,1683730800
0.03,1,May 10 2023 17: +0,1683734400
0.03,9,May 10 2023 18: +0,1683738000
0.03,6,May 10 2023 20: +0,1683745200
0.03,3,May 10 2023 21: +0,1683748800
0.03,3,May 10 2023 22: +0,1683752400
0.03,4,May 10 2023 23: +0,1683756000
0.03,2,May 11 2023 01: +0,1683763200
0.03,1,May 11 2023 02: +0,1683766800
0.03,1,May 11 2023 03: +0,1683770400
0.03,1,May 11 2023 04: +0,1683774000
0.03,3,May 11 2023 05: +0,1683777600
0.03,1,May 11 2023 06: +0,1683781200
0.03,1,May 11 2023 07: +0,1683784800
0.03,4,May 11 2023 08: +0,1683788400
0.03,2,May 11 2023 09: +0,1683792000
0.03,13,May 11 2023 11: +0,1683799200
0.03,13,May 11 2023 12: +0,1683802800
0.03,7,May 11 2023 14: +0,1683810000
0.03,6,May 11 2023 15: +0,1683813600
0.03,10,May 11 2023 16: +0,1683817200
0.03,4,May 11 2023 17: +0,1683820800
0.03,4,May 11 2023 18: +0,1683824400
0.03,7,May 11 2023 19: +0,1683828000
0.03,16,May 11 2023 20: +0,1683831600
0.03,6,May 11 2023 21: +0,1683835200
0.03,2,May 11 2023 22: +0,1683838800
0.03,7,May 11 2023 23: +0,1683842400
0.03,3,May 12 2023 00: +0,1683846000
0.03,4,May 12 2023 01: +0,1683849600
0.03,4,May 12 2023 02: +0,1683853200
0.03,2,May 12 2023 03: +0,1683856800
0.03,1,May 12 2023 05: +0,1683864000
0.03,3,May 12 2023 06: +0,1683867600
0.03,5,May 12 2023 07: +0,1683871200
0.03,2,May 12 2023 08: +0,1683874800
0.03,1,May 12 2023 09: +0,1683878400
0.03,2,May 12 2023 10: +0,1683882000
0.03,5,May 12 2023 11: +0,1683885600
0.03,9,May 12 2023 12: +0,1683889200
0.03,6,May 12 2023 13: +0,1683892800
0.03,7,May 12 2023 14: +0,1683896400
0.03,4,May 12 2023 15: +0,1683900000
0.03,2,May 12 2023 16: +0,1683903600
0.03,27,May 12 2023 17: +0,1683907200
0.03,2,May 12 2023 18: +0,1683910800
0.03,4,May 12 2023 19: +0,1683914400
0.03,4,May 12 2023 20: +0,1683918000
0.03,13,May 12 2023 21: +0,1683921600
0.03,3,May 12 2023 22: +0,1683925200
0.03,49,May 12 2023 23: +0,1683928800
0.03,3,May 13 2023 00: +0,1683932400
0.03,1,May 13 2023 01: +0,1683936000
0.03,2,May 13 2023 02: +0,1683939600
0.03,1,May 13 2023 04: +0,1683946800
0.03,4,May 13 2023 06: +0,1683954000
0.03,1,May 13 2023 07: +0,1683957600
0.03,3,May 13 2023 08: +0,1683961200
0.03,2,May 13 2023 09: +0,1683964800
0.03,3,May 13 2023 10: +0,1683968400
0.03,7,May 13 2023 11: +0,1683972000
0.03,2,May 13 2023 12: +0,1683975600
0.03,5,May 13 2023 13: +0,1683979200
0.03,2,May 13 2023 14: +0,1683982800
0.03,3,May 13 2023 15: +0,1683986400
0.03,51,May 13 2023 16: +0,1683990000
0.03,1,May 13 2023 17: +0,1683993600
0.03,3,May 13 2023 18: +0,1683997200
0.03,6,May 13 2023 19: +0,1684000800
0.03,5,May 13 2023 20: +0,1684004400
0.03,3,May 13 2023 21: +0,1684008000
0.03,3,May 13 2023 22: +0,1684011600
0.03,1,May 13 2023 23: +0,1684015200
0.03,7,May 14 2023 00: +0,1684018800
0.03,1,May 14 2023 01: +0,1684022400
0.03,3,May 14 2023 02: +0,1684026000
0.03,2,May 14 2023 04: +0,1684033200
0.03,2,May 14 2023 05: +0,1684036800
0.03,1,May 14 2023 07: +0,1684044000
0.03,5,May 14 2023 08: +0,1684047600
0.03,3,May 14 2023 09: +0,1684051200
0.03,1,May 14 2023 10: +0,1684054800
0.03,11,May 14 2023 11: +0,1684058400
0.03,4,May 14 2023 12: +0,1684062000
0.03,8,May 14 2023 13: +0,1684065600
0.03,4,May 14 2023 16: +0,1684076400
0.03,1,May 14 2023 17: +0,1684080000
0.03,3,May 14 2023 18: +0,1684083600
0.03,11,May 14 2023 19: +0,1684087200
0.03,4,May 14 2023 20: +0,1684090800
0.03,6,May 14 2023 21: +0,1684094400
0.03,11,May 14 2023 22: +0,1684098000
0.03,3,May 14 2023 23: +0,1684101600
0.03,4,May 15 2023 00: +0,1684105200
0.03,2,May 15 2023 01: +0,1684108800
0.03,2,May 15 2023 02: +0,1684112400
0.03,3,May 15 2023 03: +0,1684116000
0.03,2,May 15 2023 05: +0,1684123200
0.03,2,May 15 2023 06: +0,1684126800
0.03,9,May 15 2023 07: +0,1684130400
0.03,2,May 15 2023 08: +0,1684134000
0.03,4,May 15 2023 09: +0,1684137600
0.03,4,May 15 2023 10: +0,1684141200
0.03,5,May 15 2023 11: +0,1684144800
0.03,5,May 15 2023 12: +0,1684148400
0.03,2,May 15 2023 13: +0,1684152000
0.03,11,May 15 2023 14: +0,1684155600
0.03,2,May 15 2023 15: +0,1684159200
0.03,5,May 15 2023 16: +0,1684162800
0.03,20,May 15 2023 17: +0,1684166400
0.03,4,May 15 2023 19: +0,1684173600
0.03,6,May 15 2023 20: +0,1684177200
0.03,4,May 15 2023 21: +0,1684180800
0.03,9,May 15 2023 22: +0,1684184400
0.03,4,May 15 2023 23: +0,1684188000
0.03,2,May 16 2023 00: +0,1684191600
0.03,1,May 16 2023 02: +0,1684198800
0.03,1,May 16 2023 03: +0,1684202400
0.03,6,May 16 2023 07: +0,1684216800
0.03,1,May 16 2023 08: +0,1684220400
0.03,4,May 16 2023 09: +0,1684224000
0.03,7,May 16 2023 10: +0,1684227600
0.03,1,May 16 2023 12: +0,1684234800
0.03,5,May 16 2023 13: +0,1684238400
0.03,4,May 16 2023 14: +0,1684242000
0.03,1,May 16 2023 15: +0,1684245600
0.03,15,May 16 2023 16: +0,1684249200
0.03,30,May 16 2023 17: +0,1684252800
0.03,8,May 16 2023 18: +0,1684256400
0.03,10,May 16 2023 19: +0,1684260000
0.03,3,May 16 2023 20: +0,1684263600
0.03,7,May 16 2023 21: +0,1684267200
0.03,1,May 16 2023 23: +0,1684274400
0.03,5,May 17 2023 00: +0,1684278000
0.03,2,May 17 2023 01: +0,1684281600
0.03,2,May 17 2023 02: +0,1684285200
0.03,3,May 17 2023 04: +0,1684292400
0.03,2,May 17 2023 05: +0,1684296000
0.03,2,May 17 2023 06: +0,1684299600
0.03,14,May 17 2023 07: +0,1684303200
0.03,1,May 17 2023 08: +0,1684306800
0.03,2,May 17 2023 09: +0,1684310400
0.03,5,May 17 2023 10: +0,1684314000
0.03,2,May 17 2023 11: +0,1684317600
0.03,5,May 17 2023 12: +0,1684321200
0.03,8,May 17 2023 13: +0,1684324800
0.03,7,May 17 2023 14: +0,1684328400
0.03,41,May 17 2023 15: +0,1684332000
0.03,3,May 17 2023 16: +0,1684335600
0.03,2,May 17 2023 17: +0,1684339200
0.03,4,May 17 2023 18: +0,1684342800
0.03,7,May 17 2023 19: +0,1684346400
0.03,10,May 17 2023 20: +0,1684350000
0.03,4,May 17 2023 21: +0,1684353600
0.03,3,May 17 2023 23: +0,1684360800
0.03,1,May 18 2023 00: +0,1684364400
0.03,2,May 18 2023 01: +0,1684368000
0.03,1,May 18 2023 02: +0,1684371600
0.03,2,May 18 2023 03: +0,1684375200
0.03,1,May 18 2023 05: +0,1684382400
0.03,4,May 18 2023 06: +0,1684386000
0.03,5,May 18 2023 09: +0,1684396800
0.03,8,May 18 2023 10: +0,1684400400
0.03,10,May 18 2023 11: +0,1684404000
0.03,8,May 18 2023 12: +0,1684407600
0.03,1,May 18 2023 13: +0,1684411200
0.03,3,May 18 2023 14: +0,1684414800
0.03,5,May 18 2023 15: +0,1684418400
0.03,3,May 18 2023 16: +0,1684422000
0.03,2,May 18 2023 17: +0,1684425600
0.03,4,May 18 2023 18: +0,1684429200
0.03,7,May 18 2023 19: +0,1684432800
0.03,11,May 18 2023 20: +0,1684436400
0.03,14,May 18 2023 21: +0,1684440000
0.03,4,May 18 2023 22: +0,1684443600
0.03,4,May 18 2023 23: +0,1684447200
0.03,1,May 19 2023 00: +0,1684450800
0.03,1,May 19 2023 02: +0,1684458000
0.03,1,May 19 2023 04: +0,1684465200
0.03,2,May 19 2023 06: +0,1684472400
0.03,3,May 19 2023 07: +0,1684476000
0.03,2,May 19 2023 09: +0,1684483200
0.03,3,May 19 2023 10: +0,1684486800
0.03,7,May 19 2023 11: +0,1684490400
0.03,9,May 19 2023 12: +0,1684494000
0.03,2,May 19 2023 13: +0,1684497600
0.03,3,May 19 2023 14: +0,1684501200
0.03,6,May 19 2023 15: +0,1684504800
0.03,13,May 19 2023 16: +0,1684508400
0.03,5,May 19 2023 17: +0,1684512000
0.03,8,May 19 2023 18: +0,1684515600
0.03,1,May 19 2023 19: +0,1684519200
0.03,5,May 19 2023 20: +0,1684522800
0.03,5,May 19 2023 21: +0,1684526400
0.03,4,May 19 2023 22: +0,1684530000
0.03,1,May 19 2023 23: +0,1684533600
0.03,4,May 20 2023 00: +0,1684537200
0.03,2,May 20 2023 01: +0,1684540800
0.03,2,May 20 2023 03: +0,1684548000
0.03,1,May 20 2023 04: +0,1684551600
0.03,1,May 20 2023 05: +0,1684555200
0.03,2,May 20 2023 06: +0,1684558800
0.03,1,May 20 2023 07: +0,1684562400
0.03,2,May 20 2023 09: +0,1684569600
0.03,2,May 20 2023 10: +0,1684573200
0.03,7,May 20 2023 11: +0,1684576800
0.03,3,May 20 2023 12: +0,1684580400
0.03,3,May 20 2023 13: +0,1684584000
0.03,3,May 20 2023 14: +0,1684587600
0.03,4,May 20 2023 15: +0,1684591200
0.03,5,May 20 2023 16: +0,1684594800
0.03,4,May 20 2023 17: +0,1684598400
0.03,2,May 20 2023 18: +0,1684602000
0.03,5,May 20 2023 19: +0,1684605600
0.03,6,May 20 2023 20: +0,1684609200
0.03,3,May 20 2023 21: +0,1684612800
0.03,4,May 20 2023 22: +0,1684616400
0.03,3,May 20 2023 23: +0,1684620000
0.03,1,May 21 2023 00: +0,1684623600
0.03,3,May 21 2023 01: +0,1684627200
0.03,4,May 21 2023 03: +0,1684634400
0.03,2,May 21 2023 04: +0,1684638000
0.03,2,May 21 2023 05: +0,1684641600
0.03,2,May 21 2023 06: +0,1684645200
0.03,2,May 21 2023 07: +0,1684648800
0.03,4,May 21 2023 08: +0,1684652400
0.03,15,May 21 2023 09: +0,1684656000
0.03,2,May 21 2023 10: +0,1684659600
0.03,16,May 21 2023 11: +0,1684663200
0.03,6,May 21 2023 12: +0,1684666800
0.03,3,May 21 2023 13: +0,1684670400
0.03,4,May 21 2023 14: +0,1684674000
0.03,5,May 21 2023 15: +0,1684677600
0.03,6,May 21 2023 16: +0,1684681200
0.03,6,May 21 2023 17: +0,1684684800
0.03,5,May 21 2023 18: +0,1684688400
0.03,10,May 21 2023 19: +0,1684692000
0.03,4,May 21 2023 20: +0,1684695600
0.03,3,May 21 2023 21: +0,1684699200
0.03,3,May 21 2023 22: +0,1684702800
0.03,1,May 21 2023 23: +0,1684706400
0.03,2,May 22 2023 00: +0,1684710000
0.03,1,May 22 2023 01: +0,1684713600
0.03,3,May 22 2023 02: +0,1684717200
0.03,1,May 22 2023 03: +0,1684720800
0.03,1,May 22 2023 04: +0,1684724400
0.03,3,May 22 2023 05: +0,1684728000
0.03,1,May 22 2023 06: +0,1684731600
0.03,1,May 22 2023 07: +0,1684735200
0.03,2,May 22 2023 08: +0,1684738800
0.03,2,May 22 2023 09: +0,1684742400
0.03,1,May 22 2023 10: +0,1684746000
0.03,2,May 22 2023 11: +0,1684749600
0.03,1,May 22 2023 12: +0,1684753200
0.03,4,May 22 2023 13: +0,1684756800
0.03,1,May 22 2023 14: +0,1684760400
0.03,2,May 22 2023 15: +0,1684764000
0.03,7,May 22 2023 16: +0,1684767600
0.03,4,May 22 2023 17: +0,1684771200
0.03,7,May 22 2023 18: +0,1684774800
0.03,9,May 22 2023 19: +0,1684778400
0.03,41,May 22 2023 20: +0,1684782000
0.03,3,May 22 2023 21: +0,1684785600
0.03,4,May 22 2023 22: +0,1684789200
0.03,1,May 22 2023 23: +0,1684792800
0.03,1,May 23 2023 00: +0,1684796400
0.03,1,May 23 2023 01: +0,1684800000
0.03,1,May 23 2023 02: +0,1684803600
0.03,1,May 23 2023 03: +0,1684807200
0.03,1,May 23 2023 04: +0,1684810800
0.03,1,May 23 2023 05: +0,1684814400
0.03,2,May 23 2023 07: +0,1684821600
0.03,3,May 23 2023 08: +0,1684825200
0.03,2,May 23 2023 09: +0,1684828800
0.03,2,May 23 2023 11: +0,1684836000
0.03,5,May 23 2023 12: +0,1684839600
0.03,2,May 23 2023 14: +0,1684846800
0.03,3,May 23 2023 15: +0,1684850400
0.03,19,May 23 2023 16: +0,1684854000
0.03,8,May 23 2023 17: +0,1684857600
0.03,8,May 23 2023 18: +0,1684861200
0.03,5,May 23 2023 19: +0,1684864800
0.03,3,May 23 2023 20: +0,1684868400
0.03,3,May 23 2023 21: +0,1684872000
0.03,5,May 23 2023 22: +0,1684875600
0.03,3,May 23 2023 23: +0,1684879200
0.03,6,May 24 2023 00: +0,1684882800
0.03,1,May 24 2023 01: +0,1684886400
0.03,8,May 24 2023 02: +0,1684890000
0.03,2,May 24 2023 03: +0,1684893600
0.03,3,May 24 2023 04: +0,1684897200
0.03,2,May 24 2023 05: +0,1684900800
0.03,1,May 24 2023 07: +0,1684908000
0.03,4,May 24 2023 08: +0,1684911600
0.03,2,May 24 2023 10: +0,1684918800
0.03,2,May 24 2023 11: +0,1684922400
0.03,6,May 24 2023 12: +0,1684926000
0.03,4,May 24 2023 13: +0,1684929600
0.03,1,May 24 2023 14: +0,1684933200
0.03,63,May 24 2023 15: +0,1684936800
0.03,14,May 24 2023 16: +0,1684940400
0.03,3,May 24 2023 17: +0,1684944000
0.03,3,May 24 2023 18: +0,1684947600
0.03,6,May 24 2023 19: +0,1684951200
0.03,5,May 24 2023 20: +0,1684954800
0.03,6,May 24 2023 21: +0,1684958400
0.03,16,May 24 2023 22: +0,1684962000
0.03,4,May 24 2023 23: +0,1684965600
0.03,6,May 25 2023 00: +0,1684969200
0.03,2,May 25 2023 01: +0,1684972800
0.03,2,May 25 2023 04: +0,1684983600
0.03,1,May 25 2023 05: +0,1684987200
0.03,5,May 25 2023 06: +0,1684990800
0.03,2,May 25 2023 07: +0,1684994400
0.03,4,May 25 2023 08: +0,1684998000
0.03,3,May 25 2023 09: +0,1685001600
0.03,3,May 25 2023 10: +0,1685005200
0.03,5,May 25 2023 11: +0,1685008800
0.03,2,May 25 2023 12: +0,1685012400
0.03,11,May 25 2023 13: +0,1685016000
0.03,28,May 25 2023 14: +0,1685019600
0.03,10,May 25 2023 15: +0,1685023200
0.03,11,May 25 2023 16: +0,1685026800
0.03,15,May 25 2023 17: +0,1685030400
0.03,1,May 25 2023 18: +0,1685034000
0.03,35,May 25 2023 19: +0,1685037600
0.03,8,May 25 2023 20: +0,1685041200
0.03,5,May 25 2023 21: +0,1685044800
0.03,3,May 25 2023 22: +0,1685048400
0.03,3,May 25 2023 23: +0,1685052000
0.03,56,May 26 2023 00: +0,1685055600
0.03,8,May 26 2023 01: +0,1685059200
0.03,3,May 26 2023 02: +0,1685062800
0.03,8,May 26 2023 03: +0,1685066400
0.03,3,May 26 2023 04: +0,1685070000
0.03,1,May 26 2023 05: +0,1685073600
0.03,15,May 26 2023 06: +0,1685077200
0.03,1,May 26 2023 08: +0,1685084400
0.03,15,May 26 2023 10: +0,1685091600
0.03,7,May 26 2023 12: +0,1685098800
0.03,3,May 26 2023 13: +0,1685102400
0.03,6,May 26 2023 14: +0,1685106000
0.03,4,May 26 2023 15: +0,1685109600
0.03,1,May 26 2023 16: +0,1685113200
0.03,6,May 26 2023 17: +0,1685116800
0.03,16,May 26 2023 18: +0,1685120400
0.03,3,May 26 2023 19: +0,1685124000
0.03,8,May 26 2023 20: +0,1685127600
0.03,4,May 26 2023 21: +0,1685131200
0.03,2,May 26 2023 22: +0,1685134800
0.03,3,May 26 2023 23: +0,1685138400
0.03,3,May 27 2023 01: +0,1685145600
0.03,8,May 27 2023 02: +0,1685149200
0.03,1,May 27 2023 03: +0,1685152800
0.03,1,May 27 2023 04: +0,1685156400
0.03,4,May 27 2023 06: +0,1685163600
0.03,2,May 27 2023 07: +0,1685167200
0.03,4,May 27 2023 08: +0,1685170800
0.03,1,May 27 2023 09: +0,1685174400
0.03,1,May 27 2023 10: +0,1685178000
0.03,1,May 27 2023 11: +0,1685181600
0.03,6,May 27 2023 12: +0,1685185200
0.03,5,May 27 2023 13: +0,1685188800
0.03,4,May 27 2023 14: +0,1685192400
0.03,5,May 27 2023 15: +0,1685196000
0.03,3,May 27 2023 16: +0,1685199600
0.03,11,May 27 2023 17: +0,1685203200
0.03,4,May 27 2023 18: +0,1685206800
0.03,16,May 27 2023 20: +0,1685214000
0.03,3,May 27 2023 21: +0,1685217600
0.03,23,May 27 2023 22: +0,1685221200
0.03,1,May 27 2023 23: +0,1685224800
0.03,1,May 28 2023 03: +0,1685239200
0.03,4,May 28 2023 04: +0,1685242800
0.03,4,May 28 2023 05: +0,1685246400
0.03,1,May 28 2023 06: +0,1685250000
0.03,1,May 28 2023 07: +0,1685253600
0.03,4,May 28 2023 08: +0,1685257200
0.03,6,May 28 2023 09: +0,1685260800
0.03,2,May 28 2023 10: +0,1685264400
0.03,2,May 28 2023 11: +0,1685268000
0.03,3,May 28 2023 12: +0,1685271600
0.03,4,May 28 2023 13: +0,1685275200
0.03,7,May 28 2023 14: +0,1685278800
0.03,15,May 28 2023 15: +0,1685282400
0.03,2,May 28 2023 16: +0,1685286000
0.03,26,May 28 2023 17: +0,1685289600
0.03,17,May 28 2023 18: +0,1685293200
0.03,1,May 28 2023 19: +0,1685296800
0.03,15,May 28 2023 20: +0,1685300400
0.03,4,May 28 2023 21: +0,1685304000
0.03,7,May 28 2023 22: +0,1685307600
0.03,5,May 28 2023 23: +0,1685311200
0.03,4,May 29 2023 00: +0,1685314800
0.03,6,May 29 2023 01: +0,1685318400
0.03,4,May 29 2023 02: +0,1685322000
0.03,2,May 29 2023 03: +0,1685325600
0.03,2,May 29 2023 05: +0,1685332800
0.03,3,May 29 2023 06: +0,1685336400
0.03,1,May 29 2023 07: +0,1685340000
0.03,4,May 29 2023 08: +0,1685343600
0.03,4,May 29 2023 09: +0,1685347200
0.03,2,May 29 2023 10: +0,1685350800
0.03,41,May 29 2023 11: +0,1685354400
0.03,31,May 29 2023 12: +0,1685358000
0.03,8,May 29 2023 13: +0,1685361600
0.03,2,May 29 2023 14: +0,1685365200
0.03,3,May 29 2023 16: +0,1685372400
0.03,4,May 29 2023 17: +0,1685376000
0.03,2,May 29 2023 18: +0,1685379600
0.03,20,May 29 2023 19: +0,1685383200
0.03,18,May 29 2023 20: +0,1685386800
0.03,1,May 29 2023 21: +0,1685390400
0.03,6,May 29 2023 22: +0,1685394000
0.03,2,May 29 2023 23: +0,1685397600
0.03,2,May 30 2023 00: +0,1685401200
0.03,5,May 30 2023 01: +0,1685404800
0.03,8,May 30 2023 02: +0,1685408400
0.03,4,May 30 2023 03: +0,1685412000
0.03,5,May 30 2023 04: +0,1685415600
0.03,1,May 30 2023 05: +0,1685419200
0.03,2,May 30 2023 06: +0,1685422800
0.03,1,May 30 2023 07: +0,1685426400
0.03,3,May 30 2023 09: +0,1685433600
0.03,4,May 30 2023 10: +0,1685437200
0.03,2,May 30 2023 11: +0,1685440800
0.03,1,May 30 2023 12: +0,1685444400
0.03,8,May 30 2023 13: +0,1685448000
0.03,2,May 30 2023 14: +0,1685451600
0.03,1,May 30 2023 15: +0,1685455200
0.03,4,May 30 2023 16: +0,1685458800
0.03,1,May 30 2023 17: +0,1685462400
0.03,2,May 30 2023 18: +0,1685466000
0.03,2,May 30 2023 19: +0,1685469600
0.03,5,May 30 2023 20: +0,1685473200
0.03,3,May 30 2023 21: +0,1685476800
0.03,4,May 30 2023 22: +0,1685480400
0.03,2,May 30 2023 23: +0,1685484000
0.03,2,May 31 2023 00: +0,1685487600
0.03,2,May 31 2023 01: +0,1685491200
0.03,1,May 31 2023 02: +0,1685494800
0.03,2,May 31 2023 03: +0,1685498400
0.03,1,May 31 2023 04: +0,1685502000
0.03,1,May 31 2023 05: +0,1685505600
0.03,5,May 31 2023 07: +0,1685512800
0.03,49,May 31 2023 08: +0,1685516400
0.03,4,May 31 2023 09: +0,1685520000
0.03,1,May 31 2023 10: +0,1685523600
0.03,2,May 31 2023 11: +0,1685527200
0.03,3,May 31 2023 12: +0,1685530800
0.03,4,May 31 2023 13: +0,1685534400
0.03,4,May 31 2023 14: +0,1685538000
0.03,2,May 31 2023 15: +0,1685541600
0.03,3,May 31 2023 16: +0,1685545200
0.03,3,May 31 2023 17: +0,1685548800
0.03,8,May 31 2023 18: +0,1685552400
0.03,15,May 31 2023 19: +0,1685556000
0.03,5,May 31 2023 20: +0,1685559600
0.03,16,May 31 2023 21: +0,1685563200
0.03,1,May 31 2023 22: +0,1685566800
0.03,2,May 31 2023 23: +0,1685570400
0.03,2,Jun 01 2023 00: +0,1685574000
0.03,2,Jun 01 2023 01: +0,1685577600
0.03,2,Jun 01 2023 02: +0,1685581200
0.03,7,Jun 01 2023 03: +0,1685584800
0.03,3,Jun 01 2023 04: +0,1685588400
0.03,2,Jun 01 2023 05: +0,1685592000
0.03,1,Jun 01 2023 06: +0,1685595600
0.03,1,Jun 01 2023 07: +0,1685599200
0.03,3,Jun 01 2023 08: +0,1685602800
0.03,2,Jun 01 2023 09: +0,1685606400
0.03,2,Jun 01 2023 10: +0,1685610000
0.03,1,Jun 01 2023 11: +0,1685613600
0.03,1,Jun 01 2023 12: +0,1685617200
0.03,25,Jun 01 2023 13: +0,1685620800
0.03,3,Jun 01 2023 14: +0,1685624400
0.03,15,Jun 01 2023 15: +0,1685628000
0.03,11,Jun 01 2023 16: +0,1685631600
0.03,3,Jun 01 2023 17: +0,1685635200
0.03,5,Jun 01 2023 18: +0,1685638800
0.03,4,Jun 01 2023 19: +0,1685642400
0.03,12,Jun 01 2023 20: +0,1685646000
0.03,6,Jun 01 2023 21: +0,1685649600
0.03,1,Jun 01 2023 22: +0,1685653200
0.03,3,Jun 01 2023 23: +0,1685656800
0.03,3,Jun 02 2023 00: +0,1685660400
0.03,3,Jun 02 2023 01: +0,1685664000
0.03,8,Jun 02 2023 02: +0,1685667600
0.03,5,Jun 02 2023 03: +0,1685671200
0.03,2,Jun 02 2023 04: +0,1685674800
0.03,1,Jun 02 2023 05: +0,1685678400
0.03,1,Jun 02 2023 06: +0,1685682000
0.03,2,Jun 02 2023 07: +0,1685685600
0.03,3,Jun 02 2023 08: +0,1685689200
0.03,2,Jun 02 2023 09: +0,1685692800
0.03,5,Jun 02 2023 10: +0,1685696400
0.03,3,Jun 02 2023 11: +0,1685700000
0.03,6,Jun 02 2023 12: +0,1685703600
0.03,3,Jun 02 2023 13: +0,1685707200
0.03,5,Jun 02 2023 14: +0,1685710800
0.03,15,Jun 02 2023 15: +0,1685714400
0.03,2,Jun 02 2023 16: +0,1685718000
0.03,9,Jun 02 2023 17: +0,1685721600
0.03,6,Jun 02 2023 18: +0,1685725200
0.03,4,Jun 02 2023 19: +0,1685728800
0.03,6,Jun 02 2023 20: +0,1685732400
0.03,17,Jun 02 2023 21: +0,1685736000
0.03,2,Jun 02 2023 22: +0,1685739600
0.03,11,Jun 02 2023 23: +0,1685743200
0.03,1,Jun 03 2023 00: +0,1685746800
0.03,2,Jun 03 2023 01: +0,1685750400
0.03,2,Jun 03 2023 03: +0,1685757600
0.03,1,Jun 03 2023 04: +0,1685761200
0.03,1,Jun 03 2023 06: +0,1685768400
0.03,4,Jun 03 2023 07: +0,1685772000
0.03,7,Jun 03 2023 08: +0,1685775600
0.03,1,Jun 03 2023 09: +0,1685779200
0.03,2,Jun 03 2023 11: +0,1685786400
0.03,5,Jun 03 2023 12: +0,1685790000
0.03,4,Jun 03 2023 13: +0,1685793600
0.03,4,Jun 03 2023 14: +0,1685797200
0.03,2,Jun 03 2023 15: +0,1685800800
0.03,8,Jun 03 2023 18: +0,1685811600
0.03,5,Jun 03 2023 19: +0,1685815200
0.03,30,Jun 03 2023 20: +0,1685818800
0.03,4,Jun 03 2023 21: +0,1685822400
0.03,7,Jun 03 2023 22: +0,1685826000
0.03,2,Jun 03 2023 23: +0,1685829600
0.03,2,Jun 04 2023 00: +0,1685833200
0.03,1,Jun 04 2023 01: +0,1685836800
0.03,1,Jun 04 2023 02: +0,1685840400
0.03,3,Jun 04 2023 03: +0,1685844000
0.03,1,Jun 04 2023 04: +0,1685847600
0.03,1,Jun 04 2023 06: +0,1685854800
0.03,1,Jun 04 2023 07: +0,1685858400
0.03,4,Jun 04 2023 08: +0,1685862000
0.03,7,Jun 04 2023 09: +0,1685865600
0.03,8,Jun 04 2023 10: +0,1685869200
0.03,8,Jun 04 2023 11: +0,1685872800
0.03,13,Jun 04 2023 12: +0,1685876400
0.03,9,Jun 04 2023 13: +0,1685880000
0.03,6,Jun 04 2023 14: +0,1685883600
0.03,4,Jun 04 2023 15: +0,1685887200
0.03,15,Jun 04 2023 16: +0,1685890800
0.03,6,Jun 04 2023 17: +0,1685894400
0.03,5,Jun 04 2023 18: +0,1685898000
0.03,10,Jun 04 2023 19: +0,1685901600
0.03,19,Jun 04 2023 20: +0,1685905200
0.03,4,Jun 04 2023 21: +0,1685908800
0.03,9,Jun 04 2023 22: +0,1685912400
0.03,4,Jun 04 2023 23: +0,1685916000
0.03,2,Jun 05 2023 01: +0,1685923200
0.03,6,Jun 05 2023 03: +0,1685930400
0.03,6,Jun 05 2023 04: +0,1685934000
0.03,8,Jun 05 2023 06: +0,1685941200
0.03,3,Jun 05 2023 07: +0,1685944800
0.03,5,Jun 05 2023 08: +0,1685948400
0.03,2,Jun 05 2023 09: +0,1685952000
0.03,1,Jun 05 2023 10: +0,1685955600
0.03,2,Jun 05 2023 11: +0,1685959200
0.03,14,Jun 05 2023 12: +0,1685962800
0.03,5,Jun 05 2023 13: +0,1685966400
0.03,11,Jun 05 2023 14: +0,1685970000
0.03,1,Jun 05 2023 15: +0,1685973600
0.03,2,Jun 05 2023 16: +0,1685977200
0.03,10,Jun 05 2023 17: +0,1685980800
0.03,7,Jun 05 2023 18: +0,1685984400
0.03,3,Jun 05 2023 19: +0,1685988000
0.03,43,Jun 05 2023 20: +0,1685991600
0.03,2,Jun 05 2023 21: +0,1685995200
0.03,4,Jun 05 2023 22: +0,1685998800
0.03,10,Jun 05 2023 23: +0,1686002400
0.03,2,Jun 06 2023 00: +0,1686006000
0.03,1,Jun 06 2023 01: +0,1686009600
0.03,3,Jun 06 2023 02: +0,1686013200
0.03,1,Jun 06 2023 03: +0,1686016800
0.03,1,Jun 06 2023 04: +0,1686020400
0.03,1,Jun 06 2023 07: +0,1686031200
0.03,3,Jun 06 2023 08: +0,1686034800
0.03,7,Jun 06 2023 09: +0,1686038400
0.03,8,Jun 06 2023 10: +0,1686042000
0.03,2,Jun 06 2023 11: +0,1686045600
0.03,4,Jun 06 2023 12: +0,1686049200
0.03,2,Jun 06 2023 13: +0,1686052800
0.03,4,Jun 06 2023 14: +0,1686056400
0.03,20,Jun 06 2023 15: +0,1686060000
0.03,5,Jun 06 2023 16: +0,1686063600
0.03,2,Jun 06 2023 17: +0,1686067200
0.03,115,Jun 06 2023 18: +0,1686070800
0.03,3,Jun 06 2023 19: +0,1686074400
0.03,2,Jun 06 2023 20: +0,1686078000
0.03,1,Jun 06 2023 21: +0,1686081600
0.03,4,Jun 06 2023 22: +0,1686085200
0.03,3,Jun 06 2023 23: +0,1686088800
0.03,58,Jun 07 2023 00: +0,1686092400
0.03,1,Jun 07 2023 01: +0,1686096000
0.03,1,Jun 07 2023 02: +0,1686099600
0.03,2,Jun 07 2023 03: +0,1686103200
0.03,3,Jun 07 2023 04: +0,1686106800
0.03,3,Jun 07 2023 05: +0,1686110400
0.03,3,Jun 07 2023 06: +0,1686114000
0.03,1,Jun 07 2023 07: +0,1686117600
0.03,1,Jun 07 2023 08: +0,1686121200
0.03,4,Jun 07 2023 09: +0,1686124800
0.03,1,Jun 07 2023 10: +0,1686128400
0.03,9,Jun 07 2023 11: +0,1686132000
0.03,3,Jun 07 2023 12: +0,1686135600
0.03,1,Jun 07 2023 13: +0,1686139200
0.03,5,Jun 07 2023 14: +0,1686142800
0.03,8,Jun 07 2023 15: +0,1686146400
0.03,12,Jun 07 2023 16: +0,1686150000
0.03,13,Jun 07 2023 17: +0,1686153600
0.03,2,Jun 07 2023 18: +0,1686157200
0.03,8,Jun 07 2023 19: +0,1686160800
0.03,7,Jun 07 2023 20: +0,1686164400
0.03,44,Jun 07 2023 21: +0,1686168000
0.03,8,Jun 07 2023 23: +0,1686175200
0.03,8,Jun 08 2023 00: +0,1686178800
0.03,6,Jun 08 2023 01: +0,1686182400
0.03,3,Jun 08 2023 02: +0,1686186000
0.03,2,Jun 08 2023 03: +0,1686189600
0.03,5,Jun 08 2023 04: +0,1686193200
0.03,1,Jun 08 2023 05: +0,1686196800
0.03,23,Jun 08 2023 07: +0,1686204000
0.03,1,Jun 08 2023 08: +0,1686207600
0.03,2,Jun 08 2023 09: +0,1686211200
0.03,18,Jun 08 2023 10: +0,1686214800
0.03,2,Jun 08 2023 11: +0,1686218400
0.03,5,Jun 08 2023 14: +0,1686229200
0.03,1,Jun 08 2023 15: +0,1686232800
0.03,6,Jun 08 2023 16: +0,1686236400
0.03,1,Jun 08 2023 17: +0,1686240000
0.03,1,Jun 08 2023 18: +0,1686243600
0.03,2,Jun 08 2023 19: +0,1686247200
0.03,2,Jun 08 2023 20: +0,1686250800
0.03,5,Jun 08 2023 21: +0,1686254400
0.03,2,Jun 08 2023 22: +0,1686258000
0.03,8,Jun 08 2023 23: +0,1686261600
0.03,4,Jun 09 2023 00: +0,1686265200
0.03,3,Jun 09 2023 01: +0,1686268800
0.03,2,Jun 09 2023 02: +0,1686272400
0.03,4,Jun 09 2023 03: +0,1686276000
0.03,3,Jun 09 2023 07: +0,1686290400
0.03,1,Jun 09 2023 08: +0,1686294000
0.03,4,Jun 09 2023 09: +0,1686297600
0.03,5,Jun 09 2023 10: +0,1686301200
0.03,9,Jun 09 2023 11: +0,1686304800
0.03,1,Jun 09 2023 12: +0,1686308400
0.03,2,Jun 09 2023 13: +0,1686312000
0.03,2,Jun 09 2023 15: +0,1686319200
0.03,5,Jun 09 2023 16: +0,1686322800
0.03,1,Jun 09 2023 17: +0,1686326400
0.03,3,Jun 09 2023 18: +0,1686330000
0.03,5,Jun 09 2023 19: +0,1686333600
0.03,9,Jun 09 2023 20: +0,1686337200
0.03,4,Jun 09 2023 21: +0,1686340800
0.03,6,Jun 09 2023 22: +0,1686344400
0.03,3,Jun 10 2023 00: +0,1686351600
0.03,2,Jun 10 2023 01: +0,1686355200
0.03,9,Jun 10 2023 02: +0,1686358800
0.03,1,Jun 10 2023 03: +0,1686362400
0.03,4,Jun 10 2023 04: +0,1686366000
0.03,10,Jun 10 2023 05: +0,1686369600
0.03,4,Jun 10 2023 06: +0,1686373200
0.03,2,Jun 10 2023 08: +0,1686380400
0.03,3,Jun 10 2023 09: +0,1686384000
0.03,4,Jun 10 2023 10: +0,1686387600
0.03,3,Jun 10 2023 11: +0,1686391200
0.03,1,Jun 10 2023 12: +0,1686394800
0.03,3,Jun 10 2023 13: +0,1686398400
0.03,6,Jun 10 2023 14: +0,1686402000
0.03,4,Jun 10 2023 15: +0,1686405600
0.03,3,Jun 10 2023 16: +0,1686409200
0.03,5,Jun 10 2023 17: +0,1686412800
0.03,4,Jun 10 2023 18: +0,1686416400
0.03,5,Jun 10 2023 19: +0,1686420000
0.03,4,Jun 10 2023 20: +0,1686423600
0.03,6,Jun 10 2023 21: +0,1686427200
0.03,7,Jun 10 2023 22: +0,1686430800
0.03,1,Jun 10 2023 23: +0,1686434400
0.03,1,Jun 11 2023 00: +0,1686438000
0.03,3,Jun 11 2023 01: +0,1686441600
0.03,2,Jun 11 2023 05: +0,1686456000
0.03,1,Jun 11 2023 06: +0,1686459600
0.03,2,Jun 11 2023 08: +0,1686466800
0.03,2,Jun 11 2023 09: +0,1686470400
0.03,22,Jun 11 2023 10: +0,1686474000
0.03,3,Jun 11 2023 11: +0,1686477600
0.03,25,Jun 11 2023 12: +0,1686481200
0.03,18,Jun 11 2023 13: +0,1686484800
0.03,2,Jun 11 2023 14: +0,1686488400
0.03,7,Jun 11 2023 15: +0,1686492000
0.03,6,Jun 11 2023 16: +0,1686495600
0.03,1,Jun 11 2023 17: +0,1686499200
0.03,1,Jun 11 2023 18: +0,1686502800
0.03,4,Jun 11 2023 19: +0,1686506400
0.03,1,Jun 11 2023 20: +0,1686510000
0.03,6,Jun 11 2023 21: +0,1686513600
0.03,5,Jun 11 2023 22: +0,1686517200
0.03,3,Jun 11 2023 23: +0,1686520800
0.03,16,Jun 12 2023 00: +0,1686524400
0.03,1,Jun 12 2023 01: +0,1686528000
0.03,3,Jun 12 2023 02: +0,1686531600
0.03,2,Jun 12 2023 04: +0,1686538800
0.03,2,Jun 12 2023 05: +0,1686542400
0.03,3,Jun 12 2023 07: +0,1686549600
0.03,4,Jun 12 2023 08: +0,1686553200
0.03,11,Jun 12 2023 09: +0,1686556800
0.03,34,Jun 12 2023 10: +0,1686560400
0.03,5,Jun 12 2023 11: +0,1686564000
0.03,6,Jun 12 2023 12: +0,1686567600
0.03,6,Jun 12 2023 13: +0,1686571200
0.03,10,Jun 12 2023 14: +0,1686574800
0.03,8,Jun 12 2023 15: +0,1686578400
0.03,2,Jun 12 2023 16: +0,1686582000
0.03,4,Jun 12 2023 17: +0,1686585600
0.03,1,Jun 12 2023 18: +0,1686589200
0.03,3,Jun 12 2023 19: +0,1686592800
0.03,4,Jun 12 2023 20: +0,1686596400
0.03,5,Jun 12 2023 21: +0,1686600000
0.03,2,Jun 12 2023 22: +0,1686603600
0.03,2,Jun 12 2023 23: +0,1686607200
0.03,4,Jun 13 2023 00: +0,1686610800
0.03,1,Jun 13 2023 04: +0,1686625200
0.03,1,Jun 13 2023 07: +0,1686636000
0.03,2,Jun 13 2023 08: +0,1686639600
0.03,2,Jun 13 2023 09: +0,1686643200
0.03,5,Jun 13 2023 10: +0,1686646800
0.03,156,Jun 13 2023 11: +0,1686650400
0.03,1,Jun 13 2023 12: +0,1686654000
0.03,3,Jun 13 2023 13: +0,1686657600
0.03,37,Jun 13 2023 14: +0,1686661200
0.03,2,Jun 13 2023 15: +0,1686664800
0.03,2,Jun 13 2023 16: +0,1686668400
0.03,6,Jun 13 2023 17: +0,1686672000
0.03,11,Jun 13 2023 18: +0,1686675600
0.03,4,Jun 13 2023 19: +0,1686679200
0.03,28,Jun 13 2023 20: +0,1686682800
0.03,6,Jun 13 2023 21: +0,1686686400
0.03,13,Jun 13 2023 22: +0,1686690000
0.03,4,Jun 13 2023 23: +0,1686693600
0.03,1,Jun 14 2023 00: +0,1686697200
0.03,3,Jun 14 2023 01: +0,1686700800
0.03,1,Jun 14 2023 02: +0,1686704400
0.03,2,Jun 14 2023 03: +0,1686708000
0.03,1,Jun 14 2023 04: +0,1686711600
0.03,4,Jun 14 2023 05: +0,1686715200
0.03,4,Jun 14 2023 07: +0,1686722400
0.03,4,Jun 14 2023 08: +0,1686726000
0.03,11,Jun 14 2023 09: +0,1686729600
0.03,5,Jun 14 2023 11: +0,1686736800
0.03,6,Jun 14 2023 12: +0,1686740400
0.03,8,Jun 14 2023 13: +0,1686744000
0.03,7,Jun 14 2023 14: +0,1686747600
0.03,4,Jun 14 2023 15: +0,1686751200
0.03,2,Jun 14 2023 16: +0,1686754800
0.03,1,Jun 14 2023 17: +0,1686758400
0.03,6,Jun 14 2023 18: +0,1686762000
0.03,7,Jun 14 2023 19: +0,1686765600
0.03,18,Jun 14 2023 20: +0,1686769200
0.03,3,Jun 14 2023 21: +0,1686772800
0.03,14,Jun 14 2023 22: +0,1686776400
0.03,6,Jun 14 2023 23: +0,1686780000
0.03,1,Jun 15 2023 00: +0,1686783600
0.03,4,Jun 15 2023 01: +0,1686787200
0.03,5,Jun 15 2023 02: +0,1686790800
0.03,1,Jun 15 2023 03: +0,1686794400
0.03,3,Jun 15 2023 04: +0,1686798000
0.03,3,Jun 15 2023 05: +0,1686801600
0.03,2,Jun 15 2023 06: +0,1686805200
0.03,1,Jun 15 2023 07: +0,1686808800
0.03,1,Jun 15 2023 08: +0,1686812400
0.03,3,Jun 15 2023 09: +0,1686816000
0.03,4,Jun 15 2023 10: +0,1686819600
0.03,4,Jun 15 2023 11: +0,1686823200
0.03,7,Jun 15 2023 12: +0,1686826800
0.03,5,Jun 15 2023 13: +0,1686830400
0.03,5,Jun 15 2023 14: +0,1686834000
0.03,28,Jun 15 2023 15: +0,1686837600
0.03,15,Jun 15 2023 16: +0,1686841200
0.03,5,Jun 15 2023 17: +0,1686844800
0.03,29,Jun 15 2023 18: +0,1686848400
0.03,1,Jun 15 2023 19: +0,1686852000
0.03,2,Jun 15 2023 20: +0,1686855600
0.03,5,Jun 15 2023 21: +0,1686859200
0.03,2,Jun 15 2023 22: +0,1686862800
0.03,1,Jun 15 2023 23: +0,1686866400
0.03,4,Jun 16 2023 00: +0,1686870000
0.03,21,Jun 16 2023 01: +0,1686873600
0.03,1,Jun 16 2023 02: +0,1686877200
0.03,3,Jun 16 2023 03: +0,1686880800
0.03,1,Jun 16 2023 04: +0,1686884400
0.03,3,Jun 16 2023 05: +0,1686888000
0.03,1,Jun 16 2023 06: +0,1686891600
0.03,1,Jun 16 2023 07: +0,1686895200
0.03,2,Jun 16 2023 09: +0,1686902400
0.03,2,Jun 16 2023 10: +0,1686906000
0.03,3,Jun 16 2023 11: +0,1686909600
0.03,2,Jun 16 2023 12: +0,1686913200
0.03,2,Jun 16 2023 13: +0,1686916800
0.03,1,Jun 16 2023 14: +0,1686920400
0.03,5,Jun 16 2023 15: +0,1686924000
0.03,3,Jun 16 2023 16: +0,1686927600
0.03,4,Jun 16 2023 17: +0,1686931200
0.03,11,Jun 16 2023 18: +0,1686934800
0.03,7,Jun 16 2023 19: +0,1686938400
0.03,2,Jun 16 2023 20: +0,1686942000
0.03,1,Jun 16 2023 21: +0,1686945600
0.03,5,Jun 16 2023 22: +0,1686949200
0.03,8,Jun 16 2023 23: +0,1686952800
0.03,2,Jun 17 2023 00: +0,1686956400
0.03,2,Jun 17 2023 01: +0,1686960000
0.03,3,Jun 17 2023 02: +0,1686963600
0.03,4,Jun 17 2023 03: +0,1686967200
0.03,2,Jun 17 2023 04: +0,1686970800
0.03,6,Jun 17 2023 05: +0,1686974400
0.03,3,Jun 17 2023 06: +0,1686978000
0.03,2,Jun 17 2023 07: +0,1686981600
0.03,1,Jun 17 2023 08: +0,1686985200
0.03,1,Jun 17 2023 09: +0,1686988800
0.03,5,Jun 17 2023 10: +0,1686992400
0.03,3,Jun 17 2023 11: +0,1686996000
0.03,4,Jun 17 2023 12: +0,1686999600
0.03,7,Jun 17 2023 13: +0,1687003200
0.03,6,Jun 17 2023 14: +0,1687006800
0.03,7,Jun 17 2023 15: +0,1687010400
0.03,3,Jun 17 2023 16: +0,1687014000
0.03,1,Jun 17 2023 18: +0,1687021200
0.03,4,Jun 17 2023 19: +0,1687024800
0.03,5,Jun 17 2023 20: +0,1687028400
0.03,5,Jun 17 2023 21: +0,1687032000
0.03,1,Jun 17 2023 22: +0,1687035600
0.03,1,Jun 17 2023 23: +0,1687039200
0.03,2,Jun 18 2023 00: +0,1687042800
0.03,2,Jun 18 2023 02: +0,1687050000
0.03,3,Jun 18 2023 03: +0,1687053600
0.03,5,Jun 18 2023 07: +0,1687068000
0.03,2,Jun 18 2023 08: +0,1687071600
0.03,3,Jun 18 2023 09: +0,1687075200
0.03,4,Jun 18 2023 10: +0,1687078800
0.03,4,Jun 18 2023 11: +0,1687082400
0.03,5,Jun 18 2023 12: +0,1687086000
0.03,4,Jun 18 2023 13: +0,1687089600
0.03,3,Jun 18 2023 14: +0,1687093200
0.03,8,Jun 18 2023 15: +0,1687096800
0.03,3,Jun 18 2023 16: +0,1687100400
0.03,2,Jun 18 2023 17: +0,1687104000
0.03,11,Jun 18 2023 18: +0,1687107600
0.03,3,Jun 18 2023 19: +0,1687111200
0.03,3,Jun 18 2023 20: +0,1687114800
0.03,1,Jun 18 2023 22: +0,1687122000
0.03,2,Jun 18 2023 23: +0,1687125600
0.03,1,Jun 19 2023 00: +0,1687129200
0.03,1,Jun 19 2023 02: +0,1687136400
0.03,3,Jun 19 2023 03: +0,1687140000
0.03,6,Jun 19 2023 04: +0,1687143600
0.03,1,Jun 19 2023 05: +0,1687147200
0.03,2,Jun 19 2023 06: +0,1687150800
0.03,3,Jun 19 2023 07: +0,1687154400
0.03,4,Jun 19 2023 08: +0,1687158000
0.03,1,Jun 19 2023 09: +0,1687161600
0.03,5,Jun 19 2023 10: +0,1687165200
0.03,3,Jun 19 2023 12: +0,1687172400
0.03,4,Jun 19 2023 13: +0,1687176000
0.03,4,Jun 19 2023 14: +0,1687179600
0.03,1,Jun 19 2023 15: +0,1687183200
0.03,1,Jun 19 2023 16: +0,1687186800
0.03,4,Jun 19 2023 17: +0,1687190400
0.03,18,Jun 19 2023 18: +0,1687194000
0.03,2,Jun 19 2023 19: +0,1687197600
0.03,3,Jun 19 2023 21: +0,1687204800
0.03,5,Jun 19 2023 22: +0,1687208400
0.03,6,Jun 19 2023 23: +0,1687212000
0.03,3,Jun 20 2023 00: +0,1687215600
0.03,62,Jun 20 2023 01: +0,1687219200
0.03,6,Jun 20 2023 02: +0,1687222800
0.03,2,Jun 20 2023 04: +0,1687230000
0.03,4,Jun 20 2023 05: +0,1687233600
0.03,3,Jun 20 2023 06: +0,1687237200
0.03,1,Jun 20 2023 07: +0,1687240800
0.03,2,Jun 20 2023 08: +0,1687244400
0.03,46,Jun 20 2023 09: +0,1687248000
0.03,4,Jun 20 2023 11: +0,1687255200
0.03,5,Jun 20 2023 12: +0,1687258800
0.03,4,Jun 20 2023 13: +0,1687262400
0.03,5,Jun 20 2023 14: +0,1687266000
0.03,6,Jun 20 2023 15: +0,1687269600
0.03,6,Jun 20 2023 16: +0,1687273200
0.03,6,Jun 20 2023 18: +0,1687280400
0.03,5,Jun 20 2023 19: +0,1687284000
0.03,3,Jun 20 2023 20: +0,1687287600
0.03,5,Jun 20 2023 21: +0,1687291200
0.03,3,Jun 20 2023 22: +0,1687294800
0.03,1,Jun 20 2023 23: +0,1687298400
0.03,1,Jun 21 2023 00: +0,1687302000
0.03,3,Jun 21 2023 01: +0,1687305600
0.03,1,Jun 21 2023 02: +0,1687309200
0.03,2,Jun 21 2023 03: +0,1687312800
0.03,1,Jun 21 2023 04: +0,1687316400
0.03,5,Jun 21 2023 05: +0,1687320000
0.03,1,Jun 21 2023 06: +0,1687323600
0.03,7,Jun 21 2023 07: +0,1687327200
0.03,2,Jun 21 2023 08: +0,1687330800
0.03,4,Jun 21 2023 09: +0,1687334400
0.03,3,Jun 21 2023 10: +0,1687338000
0.03,4,Jun 21 2023 11: +0,1687341600
0.03,4,Jun 21 2023 12: +0,1687345200
0.03,12,Jun 21 2023 13: +0,1687348800
0.03,13,Jun 21 2023 14: +0,1687352400
0.03,5,Jun 21 2023 15: +0,1687356000
0.03,2,Jun 21 2023 16: +0,1687359600
0.03,4,Jun 21 2023 17: +0,1687363200
0.03,5,Jun 21 2023 18: +0,1687366800
0.03,6,Jun 21 2023 19: +0,1687370400
0.03,7,Jun 21 2023 20: +0,1687374000
0.03,10,Jun 21 2023 21: +0,1687377600
0.03,7,Jun 21 2023 22: +0,1687381200
0.03,3,Jun 21 2023 23: +0,1687384800
0.03,2,Jun 22 2023 00: +0,1687388400
0.03,1,Jun 22 2023 02: +0,1687395600
0.03,4,Jun 22 2023 03: +0,1687399200
0.03,1,Jun 22 2023 04: +0,1687402800
0.03,1,Jun 22 2023 05: +0,1687406400
0.03,1,Jun 22 2023 06: +0,1687410000
0.03,1,Jun 22 2023 07: +0,1687413600
0.03,2,Jun 22 2023 08: +0,1687417200
0.03,3,Jun 22 2023 10: +0,1687424400
0.03,4,Jun 22 2023 11: +0,1687428000
0.03,4,Jun 22 2023 12: +0,1687431600
0.03,3,Jun 22 2023 13: +0,1687435200
0.03,3,Jun 22 2023 14: +0,1687438800
0.03,3,Jun 22 2023 15: +0,1687442400
0.03,4,Jun 22 2023 16: +0,1687446000
0.03,4,Jun 22 2023 17: +0,1687449600
0.03,4,Jun 22 2023 18: +0,1687453200
0.03,30,Jun 22 2023 19: +0,1687456800
0.03,6,Jun 22 2023 20: +0,1687460400
0.03,3,Jun 22 2023 21: +0,1687464000
0.03,55,Jun 22 2023 22: +0,1687467600
0.03,2,Jun 22 2023 23: +0,1687471200
0.03,1,Jun 23 2023 00: +0,1687474800
0.03,2,Jun 23 2023 01: +0,1687478400
0.03,5,Jun 23 2023 02: +0,1687482000
0.03,2,Jun 23 2023 03: +0,1687485600
0.03,2,Jun 23 2023 04: +0,1687489200
0.03,1,Jun 23 2023 05: +0,1687492800
0.03,3,Jun 23 2023 06: +0,1687496400
0.03,2,Jun 23 2023 08: +0,1687503600
0.03,54,Jun 23 2023 09: +0,1687507200
0.03,5,Jun 23 2023 10: +0,1687510800
0.03,3,Jun 23 2023 11: +0,1687514400
0.03,23,Jun 23 2023 12: +0,1687518000
0.03,4,Jun 23 2023 13: +0,1687521600
0.03,2,Jun 23 2023 14: +0,1687525200
0.03,7,Jun 23 2023 15: +0,1687528800
0.03,3,Jun 23 2023 16: +0,1687532400
0.03,5,Jun 23 2023 17: +0,1687536000
0.03,5,Jun 23 2023 18: +0,1687539600
0.03,12,Jun 23 2023 19: +0,1687543200
0.03,9,Jun 23 2023 20: +0,1687546800
0.03,3,Jun 23 2023 21: +0,1687550400
0.03,2,Jun 23 2023 22: +0,1687554000
0.03,2,Jun 23 2023 23: +0,1687557600
0.03,8,Jun 24 2023 00: +0,1687561200
0.03,5,Jun 24 2023 01: +0,1687564800
0.03,2,Jun 24 2023 02: +0,1687568400
0.03,2,Jun 24 2023 04: +0,1687575600
0.03,3,Jun 24 2023 05: +0,1687579200
0.03,1,Jun 24 2023 06: +0,1687582800
0.03,2,Jun 24 2023 07: +0,1687586400
0.03,4,Jun 24 2023 08: +0,1687590000
0.03,7,Jun 24 2023 09: +0,1687593600
0.03,12,Jun 24 2023 10: +0,1687597200
0.03,3,Jun 24 2023 11: +0,1687600800
0.03,8,Jun 24 2023 12: +0,1687604400
0.03,2,Jun 24 2023 13: +0,1687608000
0.03,6,Jun 24 2023 14: +0,1687611600
0.03,5,Jun 24 2023 15: +0,1687615200
0.03,4,Jun 24 2023 16: +0,1687618800
0.03,2,Jun 24 2023 17: +0,1687622400
0.03,5,Jun 24 2023 18: +0,1687626000
0.03,4,Jun 24 2023 19: +0,1687629600
0.03,7,Jun 24 2023 20: +0,1687633200
0.03,3,Jun 24 2023 21: +0,1687636800
0.03,2,Jun 24 2023 22: +0,1687640400
0.03,1,Jun 24 2023 23: +0,1687644000
0.03,12,Jun 25 2023 00: +0,1687647600
0.03,3,Jun 25 2023 01: +0,1687651200
0.03,1,Jun 25 2023 03: +0,1687658400
0.03,1,Jun 25 2023 04: +0,1687662000
0.03,1,Jun 25 2023 05: +0,1687665600
0.03,4,Jun 25 2023 06: +0,1687669200
0.03,1,Jun 25 2023 08: +0,1687676400
0.03,12,Jun 25 2023 09: +0,1687680000
0.03,7,Jun 25 2023 10: +0,1687683600
0.03,4,Jun 25 2023 11: +0,1687687200
0.03,3,Jun 25 2023 12: +0,1687690800
0.03,3,Jun 25 2023 13: +0,1687694400
0.03,3,Jun 25 2023 14: +0,1687698000
0.03,7,Jun 25 2023 15: +0,1687701600
0.03,6,Jun 25 2023 16: +0,1687705200
0.03,9,Jun 25 2023 17: +0,1687708800
0.03,3,Jun 25 2023 18: +0,1687712400
0.03,3,Jun 25 2023 19: +0,1687716000
0.03,4,Jun 25 2023 20: +0,1687719600
0.03,6,Jun 25 2023 21: +0,1687723200
0.03,1,Jun 25 2023 22: +0,1687726800
0.03,3,Jun 26 2023 00: +0,1687734000
0.03,3,Jun 26 2023 01: +0,1687737600
0.03,1,Jun 26 2023 02: +0,1687741200
0.03,2,Jun 26 2023 03: +0,1687744800
0.03,5,Jun 26 2023 04: +0,1687748400
0.03,2,Jun 26 2023 05: +0,1687752000
0.03,1,Jun 26 2023 06: +0,1687755600
0.03,1,Jun 26 2023 07: +0,1687759200
0.03,1,Jun 26 2023 09: +0,1687766400
0.03,1,Jun 26 2023 10: +0,1687770000
0.03,1,Jun 26 2023 11: +0,1687773600
0.03,11,Jun 26 2023 12: +0,1687777200
0.03,1,Jun 26 2023 13: +0,1687780800
0.03,4,Jun 26 2023 14: +0,1687784400
0.03,8,Jun 26 2023 15: +0,1687788000
0.03,3,Jun 26 2023 16: +0,1687791600
0.03,13,Jun 26 2023 17: +0,1687795200
0.03,9,Jun 26 2023 18: +0,1687798800
0.03,10,Jun 26 2023 19: +0,1687802400
0.03,4,Jun 26 2023 20: +0,1687806000
0.03,7,Jun 26 2023 21: +0,1687809600
0.03,3,Jun 26 2023 22: +0,1687813200
0.03,5,Jun 26 2023 23: +0,1687816800
0.03,2,Jun 27 2023 02: +0,1687827600
0.03,2,Jun 27 2023 03: +0,1687831200
0.03,1,Jun 27 2023 04: +0,1687834800
0.03,133,Jun 27 2023 06: +0,1687842000
0.03,2,Jun 27 2023 07: +0,1687845600
0.03,3,Jun 27 2023 08: +0,1687849200
0.03,3,Jun 27 2023 10: +0,1687856400
0.03,3,Jun 27 2023 12: +0,1687863600
0.03,1,Jun 27 2023 13: +0,1687867200
0.03,1,Jun 27 2023 15: +0,1687874400
0.03,2,Jun 27 2023 16: +0,1687878000
0.03,7,Jun 27 2023 17: +0,1687881600
0.03,3,Jun 27 2023 18: +0,1687885200
0.03,3,Jun 27 2023 19: +0,1687888800
0.03,2,Jun 27 2023 20: +0,1687892400
0.03,8,Jun 27 2023 21: +0,1687896000
0.03,2,Jun 27 2023 22: +0,1687899600
0.03,6,Jun 27 2023 23: +0,1687903200
0.03,2,Jun 28 2023 01: +0,1687910400
0.03,3,Jun 28 2023 04: +0,1687921200
0.03,1,Jun 28 2023 05: +0,1687924800
0.03,1,Jun 28 2023 06: +0,1687928400
0.03,3,Jun 28 2023 07: +0,1687932000
0.03,4,Jun 28 2023 08: +0,1687935600
0.03,4,Jun 28 2023 09: +0,1687939200
0.03,6,Jun 28 2023 10: +0,1687942800
0.03,1,Jun 28 2023 11: +0,1687946400
0.03,8,Jun 28 2023 12: +0,1687950000
0.03,17,Jun 28 2023 13: +0,1687953600
0.03,5,Jun 28 2023 14: +0,1687957200
0.03,9,Jun 28 2023 15: +0,1687960800
0.03,1,Jun 28 2023 16: +0,1687964400
0.03,8,Jun 28 2023 17: +0,1687968000
0.03,5,Jun 28 2023 18: +0,1687971600
0.03,2,Jun 28 2023 19: +0,1687975200
0.03,6,Jun 28 2023 20: +0,1687978800
0.03,10,Jun 28 2023 21: +0,1687982400
0.03,7,Jun 28 2023 22: +0,1687986000
0.03,7,Jun 28 2023 23: +0,1687989600
0.03,2,Jun 29 2023 00: +0,1687993200
0.03,4,Jun 29 2023 01: +0,1687996800
0.03,2,Jun 29 2023 02: +0,1688000400
0.03,1,Jun 29 2023 03: +0,1688004000
0.03,7,Jun 29 2023 05: +0,1688011200
0.03,2,Jun 29 2023 06: +0,1688014800
0.03,1,Jun 29 2023 07: +0,1688018400
0.03,18,Jun 29 2023 08: +0,1688022000
0.03,16,Jun 29 2023 09: +0,1688025600
0.03,6,Jun 29 2023 10: +0,1688029200
0.03,6,Jun 29 2023 12: +0,1688036400
0.03,5,Jun 29 2023 13: +0,1688040000
0.03,6,Jun 29 2023 14: +0,1688043600
0.03,5,Jun 29 2023 15: +0,1688047200
0.03,4,Jun 29 2023 16: +0,1688050800
0.03,3,Jun 29 2023 17: +0,1688054400
0.03,5,Jun 29 2023 18: +0,1688058000
0.03,7,Jun 29 2023 19: +0,1688061600
0.03,3,Jun 29 2023 20: +0,1688065200
0.03,8,Jun 29 2023 21: +0,1688068800
0.03,13,Jun 29 2023 22: +0,1688072400
0.03,6,Jun 29 2023 23: +0,1688076000
0.03,3,Jun 30 2023 00: +0,1688079600
0.03,2,Jun 30 2023 01: +0,1688083200
0.03,5,Jun 30 2023 02: +0,1688086800
0.03,5,Jun 30 2023 03: +0,1688090400
0.03,3,Jun 30 2023 04: +0,1688094000
0.03,4,Jun 30 2023 05: +0,1688097600
0.03,6,Jun 30 2023 06: +0,1688101200
0.03,9,Jun 30 2023 07: +0,1688104800
0.03,5,Jun 30 2023 08: +0,1688108400
0.03,3,Jun 30 2023 09: +0,1688112000
0.03,9,Jun 30 2023 10: +0,1688115600
0.03,4,Jun 30 2023 11: +0,1688119200
0.03,4,Jun 30 2023 12: +0,1688122800
0.03,24,Jun 30 2023 13: +0,1688126400
0.03,1,Jun 30 2023 14: +0,1688130000
0.03,7,Jun 30 2023 15: +0,1688133600
0.03,5,Jun 30 2023 16: +0,1688137200
0.03,6,Jun 30 2023 17: +0,1688140800
0.03,4,Jun 30 2023 18: +0,1688144400
0.03,3,Jun 30 2023 19: +0,1688148000
0.03,6,Jun 30 2023 20: +0,1688151600
0.03,9,Jun 30 2023 21: +0,1688155200
0.03,3,Jun 30 2023 22: +0,1688158800
0.03,3,Jun 30 2023 23: +0,1688162400
0.03,2,Jul 01 2023 00: +0,1688166000
0.03,1,Jul 01 2023 01: +0,1688169600
0.03,2,Jul 01 2023 02: +0,1688173200
0.03,5,Jul 01 2023 03: +0,1688176800
0.03,2,Jul 01 2023 04: +0,1688180400
0.03,2,Jul 01 2023 05: +0,1688184000
0.03,3,Jul 01 2023 06: +0,1688187600
0.03,7,Jul 01 2023 07: +0,1688191200
0.03,2,Jul 01 2023 08: +0,1688194800
0.03,5,Jul 01 2023 09: +0,1688198400
0.03,14,Jul 01 2023 10: +0,1688202000
0.03,5,Jul 01 2023 11: +0,1688205600
0.03,4,Jul 01 2023 12: +0,1688209200
0.03,3,Jul 01 2023 13: +0,1688212800
0.03,8,Jul 01 2023 14: +0,1688216400
0.03,7,Jul 01 2023 15: +0,1688220000
0.03,4,Jul 01 2023 16: +0,1688223600
0.03,7,Jul 01 2023 17: +0,1688227200
0.03,2,Jul 01 2023 18: +0,1688230800
0.03,5,Jul 01 2023 19: +0,1688234400
0.03,8,Jul 01 2023 20: +0,1688238000
0.03,6,Jul 01 2023 21: +0,1688241600
0.03,1,Jul 01 2023 22: +0,1688245200
0.03,2,Jul 01 2023 23: +0,1688248800
0.03,16,Jul 02 2023 00: +0,1688252400
0.03,2,Jul 02 2023 01: +0,1688256000
0.03,4,Jul 02 2023 02: +0,1688259600
0.03,2,Jul 02 2023 03: +0,1688263200
0.03,1,Jul 02 2023 04: +0,1688266800
0.03,5,Jul 02 2023 07: +0,1688277600
0.03,5,Jul 02 2023 08: +0,1688281200
0.03,3,Jul 02 2023 09: +0,1688284800
0.03,2,Jul 02 2023 10: +0,1688288400
0.03,1,Jul 02 2023 11: +0,1688292000
0.03,6,Jul 02 2023 12: +0,1688295600
0.03,3,Jul 02 2023 13: +0,1688299200
0.03,7,Jul 02 2023 14: +0,1688302800
0.03,5,Jul 02 2023 15: +0,1688306400
0.03,3,Jul 02 2023 16: +0,1688310000
0.03,5,Jul 02 2023 17: +0,1688313600
0.03,4,Jul 02 2023 18: +0,1688317200
0.03,4,Jul 02 2023 19: +0,1688320800
0.03,2,Jul 02 2023 20: +0,1688324400
0.03,6,Jul 02 2023 21: +0,1688328000
0.03,5,Jul 02 2023 22: +0,1688331600
0.03,3,Jul 02 2023 23: +0,1688335200
0.03,4,Jul 03 2023 01: +0,1688342400
0.03,2,Jul 03 2023 02: +0,1688346000
0.03,4,Jul 03 2023 03: +0,1688349600
0.03,1,Jul 03 2023 04: +0,1688353200
0.03,1,Jul 03 2023 05: +0,1688356800
0.03,4,Jul 03 2023 06: +0,1688360400
0.03,12,Jul 03 2023 07: +0,1688364000
0.03,4,Jul 03 2023 08: +0,1688367600
0.03,2,Jul 03 2023 09: +0,1688371200
0.03,6,Jul 03 2023 10: +0,1688374800
0.03,1,Jul 03 2023 11: +0,1688378400
0.03,2,Jul 03 2023 12: +0,1688382000
0.03,28,Jul 03 2023 13: +0,1688385600
0.03,13,Jul 03 2023 14: +0,1688389200
0.03,28,Jul 03 2023 15: +0,1688392800
0.03,2,Jul 03 2023 16: +0,1688396400
0.03,69,Jul 03 2023 17: +0,1688400000
0.03,69,Jul 03 2023 18: +0,1688403600
0.03,58,Jul 03 2023 19: +0,1688407200
0.03,24,Jul 03 2023 20: +0,1688410800
0.03,16,Jul 03 2023 21: +0,1688414400
0.03,17,Jul 03 2023 22: +0,1688418000
0.03,2,Jul 03 2023 23: +0,1688421600
0.03,3,Jul 04 2023 00: +0,1688425200
0.03,1,Jul 04 2023 01: +0,1688428800
0.03,1,Jul 04 2023 02: +0,1688432400
0.03,22,Jul 04 2023 03: +0,1688436000
0.03,1,Jul 04 2023 04: +0,1688439600
0.03,2,Jul 04 2023 05: +0,1688443200
0.03,13,Jul 04 2023 06: +0,1688446800
0.03,12,Jul 04 2023 07: +0,1688450400
0.03,11,Jul 04 2023 08: +0,1688454000
0.03,10,Jul 04 2023 09: +0,1688457600
0.03,14,Jul 04 2023 10: +0,1688461200
0.03,27,Jul 04 2023 11: +0,1688464800
0.03,38,Jul 04 2023 12: +0,1688468400
0.03,11,Jul 04 2023 13: +0,1688472000
0.03,8,Jul 04 2023 14: +0,1688475600
0.03,33,Jul 04 2023 15: +0,1688479200
0.03,95,Jul 04 2023 16: +0,1688482800
0.03,30,Jul 04 2023 17: +0,1688486400
0.03,21,Jul 04 2023 18: +0,1688490000
0.03,18,Jul 04 2023 19: +0,1688493600
0.03,10,Jul 04 2023 20: +0,1688497200
0.03,7,Jul 04 2023 21: +0,1688500800
0.03,60,Jul 04 2023 22: +0,1688504400
0.03,7,Jul 04 2023 23: +0,1688508000
0.03,1,Jul 05 2023 00: +0,1688511600
0.03,3,Jul 05 2023 01: +0,1688515200
0.03,1,Jul 05 2023 02: +0,1688518800
0.03,14,Jul 05 2023 03: +0,1688522400
0.03,16,Jul 05 2023 04: +0,1688526000
0.03,6,Jul 05 2023 05: +0,1688529600
0.03,7,Jul 05 2023 07: +0,1688536800
0.03,21,Jul 05 2023 08: +0,1688540400
0.03,3,Jul 05 2023 09: +0,1688544000
0.03,24,Jul 05 2023 10: +0,1688547600
0.03,14,Jul 05 2023 11: +0,1688551200
0.03,10,Jul 05 2023 12: +0,1688554800
0.03,14,Jul 05 2023 13: +0,1688558400
0.03,9,Jul 05 2023 14: +0,1688562000
0.03,24,Jul 05 2023 15: +0,1688565600
0.03,4,Jul 05 2023 16: +0,1688569200
0.03,70,Jul 05 2023 17: +0,1688572800
0.03,11,Jul 05 2023 18: +0,1688576400
0.03,28,Jul 05 2023 19: +0,1688580000
0.03,42,Jul 05 2023 20: +0,1688583600
0.03,16,Jul 05 2023 21: +0,1688587200
0.03,12,Jul 05 2023 22: +0,1688590800
0.03,23,Jul 05 2023 23: +0,1688594400
0.03,8,Jul 06 2023 00: +0,1688598000
0.03,102,Jul 06 2023 01: +0,1688601600
0.03,21,Jul 06 2023 02: +0,1688605200
0.03,9,Jul 06 2023 03: +0,1688608800
0.03,7,Jul 06 2023 05: +0,1688616000
0.03,3,Jul 06 2023 06: +0,1688619600
0.03,7,Jul 06 2023 07: +0,1688623200
0.03,10,Jul 06 2023 08: +0,1688626800
0.03,17,Jul 06 2023 09: +0,1688630400
0.03,28,Jul 06 2023 10: +0,1688634000
0.03,10,Jul 06 2023 11: +0,1688637600
0.03,10,Jul 06 2023 12: +0,1688641200
0.03,6,Jul 06 2023 13: +0,1688644800
0.03,9,Jul 06 2023 14: +0,1688648400
0.03,13,Jul 06 2023 15: +0,1688652000
0.03,13,Jul 06 2023 16: +0,1688655600
0.03,9,Jul 06 2023 17: +0,1688659200
0.03,20,Jul 06 2023 18: +0,1688662800
0.03,12,Jul 06 2023 19: +0,1688666400
0.03,19,Jul 06 2023 20: +0,1688670000
0.03,21,Jul 06 2023 21: +0,1688673600
0.03,13,Jul 06 2023 22: +0,1688677200
0.03,54,Jul 06 2023 23: +0,1688680800
0.03,1,Jul 07 2023 00: +0,1688684400
0.03,3,Jul 07 2023 01: +0,1688688000
0.03,6,Jul 07 2023 02: +0,1688691600
0.03,8,Jul 07 2023 03: +0,1688695200
0.03,10,Jul 07 2023 04: +0,1688698800
0.03,7,Jul 07 2023 05: +0,1688702400
0.03,4,Jul 07 2023 06: +0,1688706000
0.03,4,Jul 07 2023 07: +0,1688709600
0.03,8,Jul 07 2023 08: +0,1688713200
0.03,21,Jul 07 2023 09: +0,1688716800
0.03,19,Jul 07 2023 10: +0,1688720400
0.03,5,Jul 07 2023 11: +0,1688724000
0.03,16,Jul 07 2023 12: +0,1688727600
0.03,10,Jul 07 2023 13: +0,1688731200
0.03,32,Jul 07 2023 14: +0,1688734800
0.03,4,Jul 07 2023 15: +0,1688738400
0.03,31,Jul 07 2023 16: +0,1688742000
0.03,70,Jul 07 2023 17: +0,1688745600
0.03,14,Jul 07 2023 18: +0,1688749200
0.03,23,Jul 07 2023 19: +0,1688752800
0.03,25,Jul 07 2023 20: +0,1688756400
0.03,27,Jul 07 2023 21: +0,1688760000
0.03,18,Jul 07 2023 22: +0,1688763600
0.03,12,Jul 07 2023 23: +0,1688767200
0.03,25,Jul 08 2023 00: +0,1688770800
0.03,2,Jul 08 2023 01: +0,1688774400
0.03,9,Jul 08 2023 02: +0,1688778000
0.03,6,Jul 08 2023 03: +0,1688781600
0.03,3,Jul 08 2023 04: +0,1688785200
0.03,3,Jul 08 2023 05: +0,1688788800
0.03,4,Jul 08 2023 06: +0,1688792400
0.03,5,Jul 08 2023 07: +0,1688796000
0.03,2,Jul 08 2023 08: +0,1688799600
0.03,5,Jul 08 2023 09: +0,1688803200
0.03,21,Jul 08 2023 10: +0,1688806800
0.03,13,Jul 08 2023 11: +0,1688810400
0.03,3,Jul 08 2023 12: +0,1688814000
0.03,6,Jul 08 2023 13: +0,1688817600
0.03,10,Jul 08 2023 14: +0,1688821200
0.03,8,Jul 08 2023 15: +0,1688824800
0.03,16,Jul 08 2023 16: +0,1688828400
0.03,3,Jul 08 2023 17: +0,1688832000
0.03,13,Jul 08 2023 18: +0,1688835600
0.03,6,Jul 08 2023 19: +0,1688839200
0.03,13,Jul 08 2023 20: +0,1688842800
0.03,15,Jul 08 2023 21: +0,1688846400
0.03,4,Jul 08 2023 22: +0,1688850000
0.03,5,Jul 08 2023 23: +0,1688853600
0.03,5,Jul 09 2023 00: +0,1688857200
0.03,9,Jul 09 2023 01: +0,1688860800
0.03,1,Jul 09 2023 02: +0,1688864400
0.03,5,Jul 09 2023 03: +0,1688868000
0.03,5,Jul 09 2023 04: +0,1688871600
0.03,2,Jul 09 2023 05: +0,1688875200
0.03,14,Jul 09 2023 06: +0,1688878800
0.03,9,Jul 09 2023 07: +0,1688882400
0.03,3,Jul 09 2023 08: +0,1688886000
0.03,8,Jul 09 2023 09: +0,1688889600
0.03,16,Jul 09 2023 10: +0,1688893200
0.03,13,Jul 09 2023 11: +0,1688896800
0.03,8,Jul 09 2023 12: +0,1688900400
0.03,3,Jul 09 2023 13: +0,1688904000
0.03,12,Jul 09 2023 14: +0,1688907600
0.03,38,Jul 09 2023 15: +0,1688911200
0.03,8,Jul 09 2023 16: +0,1688914800
0.03,14,Jul 09 2023 17: +0,1688918400
0.03,13,Jul 09 2023 18: +0,1688922000
0.03,11,Jul 09 2023 19: +0,1688925600
0.03,15,Jul 09 2023 20: +0,1688929200
0.03,6,Jul 09 2023 21: +0,1688932800
0.03,10,Jul 09 2023 22: +0,1688936400
0.03,16,Jul 09 2023 23: +0,1688940000
0.03,8,Jul 10 2023 00: +0,1688943600
0.03,4,Jul 10 2023 01: +0,1688947200
0.03,7,Jul 10 2023 02: +0,1688950800
0.03,2,Jul 10 2023 03: +0,1688954400
0.03,6,Jul 10 2023 05: +0,1688961600
0.03,7,Jul 10 2023 06: +0,1688965200
0.03,6,Jul 10 2023 07: +0,1688968800
0.03,4,Jul 10 2023 08: +0,1688972400
0.03,14,Jul 10 2023 09: +0,1688976000
0.03,7,Jul 10 2023 10: +0,1688979600
0.03,8,Jul 10 2023 11: +0,1688983200
0.03,7,Jul 10 2023 12: +0,1688986800
0.03,7,Jul 10 2023 13: +0,1688990400
0.03,65,Jul 10 2023 14: +0,1688994000
0.03,12,Jul 10 2023 15: +0,1688997600
0.03,8,Jul 10 2023 16: +0,1689001200
0.03,14,Jul 10 2023 17: +0,1689004800
0.03,15,Jul 10 2023 18: +0,1689008400
0.03,18,Jul 10 2023 19: +0,1689012000
0.03,10,Jul 10 2023 20: +0,1689015600
0.03,9,Jul 10 2023 21: +0,1689019200
0.03,18,Jul 10 2023 22: +0,1689022800
0.03,6,Jul 10 2023 23: +0,1689026400
0.03,14,Jul 11 2023 00: +0,1689030000
0.03,5,Jul 11 2023 01: +0,1689033600
0.03,4,Jul 11 2023 02: +0,1689037200
0.03,2,Jul 11 2023 03: +0,1689040800
0.03,1,Jul 11 2023 04: +0,1689044400
0.03,2,Jul 11 2023 05: +0,1689048000
0.03,2,Jul 11 2023 06: +0,1689051600
0.03,3,Jul 11 2023 09: +0,1689062400
0.03,2,Jul 11 2023 10: +0,1689066000
0.03,3,Jul 11 2023 11: +0,1689069600
0.03,6,Jul 11 2023 12: +0,1689073200
0.03,7,Jul 11 2023 13: +0,1689076800
0.03,14,Jul 11 2023 14: +0,1689080400
0.03,5,Jul 11 2023 15: +0,1689084000
0.03,6,Jul 11 2023 16: +0,1689087600
0.03,5,Jul 11 2023 17: +0,1689091200
0.03,12,Jul 11 2023 18: +0,1689094800
0.03,4,Jul 11 2023 19: +0,1689098400
0.03,3,Jul 11 2023 20: +0,1689102000
0.03,4,Jul 11 2023 21: +0,1689105600
0.03,7,Jul 11 2023 22: +0,1689109200
0.03,4,Jul 11 2023 23: +0,1689112800
0.03,5,Jul 12 2023 00: +0,1689116400
0.03,3,Jul 12 2023 02: +0,1689123600
0.03,2,Jul 12 2023 03: +0,1689127200
0.03,4,Jul 12 2023 04: +0,1689130800
0.03,3,Jul 12 2023 05: +0,1689134400
0.03,2,Jul 12 2023 06: +0,1689138000
0.03,3,Jul 12 2023 08: +0,1689145200
0.03,6,Jul 12 2023 09: +0,1689148800
0.03,8,Jul 12 2023 10: +0,1689152400
0.03,3,Jul 12 2023 11: +0,1689156000
0.03,4,Jul 12 2023 12: +0,1689159600
0.03,6,Jul 12 2023 13: +0,1689163200
0.03,6,Jul 12 2023 14: +0,1689166800
0.03,7,Jul 12 2023 15: +0,1689170400
0.03,12,Jul 12 2023 16: +0,1689174000
0.03,3,Jul 12 2023 17: +0,1689177600
0.03,6,Jul 12 2023 18: +0,1689181200
0.03,13,Jul 12 2023 19: +0,1689184800
0.03,6,Jul 12 2023 20: +0,1689188400
0.03,1,Jul 12 2023 21: +0,1689192000
0.03,8,Jul 12 2023 22: +0,1689195600
0.03,2,Jul 12 2023 23: +0,1689199200
0.03,2,Jul 13 2023 00: +0,1689202800
0.03,6,Jul 13 2023 01: +0,1689206400
0.03,3,Jul 13 2023 02: +0,1689210000
0.03,3,Jul 13 2023 03: +0,1689213600
0.03,3,Jul 13 2023 04: +0,1689217200
0.03,5,Jul 13 2023 05: +0,1689220800
0.03,2,Jul 13 2023 07: +0,1689228000
0.03,1,Jul 13 2023 08: +0,1689231600
0.03,5,Jul 13 2023 09: +0,1689235200
0.03,4,Jul 13 2023 10: +0,1689238800
0.03,4,Jul 13 2023 11: +0,1689242400
0.03,5,Jul 13 2023 12: +0,1689246000
0.03,5,Jul 13 2023 13: +0,1689249600
0.03,4,Jul 13 2023 14: +0,1689253200
0.03,6,Jul 13 2023 15: +0,1689256800
0.03,8,Jul 13 2023 16: +0,1689260400
0.03,8,Jul 13 2023 17: +0,1689264000
0.03,10,Jul 13 2023 18: +0,1689267600
0.03,10,Jul 13 2023 19: +0,1689271200
0.03,24,Jul 13 2023 20: +0,1689274800
0.03,15,Jul 13 2023 21: +0,1689278400
0.03,15,Jul 13 2023 22: +0,1689282000
0.03,1,Jul 13 2023 23: +0,1689285600
0.03,2,Jul 14 2023 00: +0,1689289200
0.03,1,Jul 14 2023 01: +0,1689292800
0.03,7,Jul 14 2023 02: +0,1689296400
0.03,1,Jul 14 2023 03: +0,1689300000
0.03,2,Jul 14 2023 04: +0,1689303600
0.03,4,Jul 14 2023 05: +0,1689307200
0.03,1,Jul 14 2023 06: +0,1689310800
0.03,7,Jul 14 2023 07: +0,1689314400
0.03,10,Jul 14 2023 08: +0,1689318000
0.03,14,Jul 14 2023 09: +0,1689321600
0.03,2,Jul 14 2023 10: +0,1689325200
0.03,6,Jul 14 2023 11: +0,1689328800
0.03,3,Jul 14 2023 12: +0,1689332400
0.03,5,Jul 14 2023 13: +0,1689336000
0.03,18,Jul 14 2023 14: +0,1689339600
0.03,8,Jul 14 2023 15: +0,1689343200
0.03,2,Jul 14 2023 17: +0,1689350400
0.03,5,Jul 14 2023 18: +0,1689354000
0.03,6,Jul 14 2023 19: +0,1689357600
0.03,7,Jul 14 2023 20: +0,1689361200
0.03,5,Jul 14 2023 21: +0,1689364800
0.03,2,Jul 14 2023 22: +0,1689368400
0.03,2,Jul 14 2023 23: +0,1689372000
0.03,2,Jul 15 2023 00: +0,1689375600
0.03,2,Jul 15 2023 01: +0,1689379200
0.03,2,Jul 15 2023 02: +0,1689382800
0.03,1,Jul 15 2023 03: +0,1689386400
0.03,2,Jul 15 2023 04: +0,1689390000
0.03,2,Jul 15 2023 05: +0,1689393600
0.03,5,Jul 15 2023 06: +0,1689397200
0.03,1,Jul 15 2023 08: +0,1689404400
0.03,21,Jul 15 2023 09: +0,1689408000
0.03,12,Jul 15 2023 10: +0,1689411600
0.03,4,Jul 15 2023 11: +0,1689415200
0.03,17,Jul 15 2023 12: +0,1689418800
0.03,2,Jul 15 2023 13: +0,1689422400
0.03,3,Jul 15 2023 14: +0,1689426000
0.03,5,Jul 15 2023 15: +0,1689429600
0.03,38,Jul 15 2023 16: +0,1689433200
0.03,4,Jul 15 2023 17: +0,1689436800
0.03,2,Jul 15 2023 18: +0,1689440400
0.03,5,Jul 15 2023 19: +0,1689444000
0.03,9,Jul 15 2023 20: +0,1689447600
0.03,4,Jul 15 2023 21: +0,1689451200
0.03,7,Jul 15 2023 22: +0,1689454800
0.03,2,Jul 15 2023 23: +0,1689458400
0.03,2,Jul 16 2023 00: +0,1689462000
0.03,2,Jul 16 2023 01: +0,1689465600
0.03,1,Jul 16 2023 02: +0,1689469200
0.03,2,Jul 16 2023 03: +0,1689472800
0.03,1,Jul 16 2023 04: +0,1689476400
0.03,1,Jul 16 2023 05: +0,1689480000
0.03,1,Jul 16 2023 06: +0,1689483600
0.03,11,Jul 16 2023 08: +0,1689490800
0.03,7,Jul 16 2023 09: +0,1689494400
0.03,9,Jul 16 2023 10: +0,1689498000
0.03,3,Jul 16 2023 11: +0,1689501600
0.03,7,Jul 16 2023 12: +0,1689505200
0.03,6,Jul 16 2023 13: +0,1689508800
0.03,2,Jul 16 2023 14: +0,1689512400
0.03,3,Jul 16 2023 15: +0,1689516000
0.03,24,Jul 16 2023 16: +0,1689519600
0.03,5,Jul 16 2023 17: +0,1689523200
0.03,4,Jul 16 2023 18: +0,1689526800
0.03,6,Jul 16 2023 19: +0,1689530400
0.03,13,Jul 16 2023 20: +0,1689534000
0.03,15,Jul 16 2023 21: +0,1689537600
0.03,2,Jul 16 2023 22: +0,1689541200
0.03,1,Jul 16 2023 23: +0,1689544800
0.03,1,Jul 17 2023 00: +0,1689548400
0.03,1,Jul 17 2023 01: +0,1689552000
0.03,6,Jul 17 2023 04: +0,1689562800
0.03,3,Jul 17 2023 05: +0,1689566400
0.03,3,Jul 17 2023 06: +0,1689570000
0.03,13,Jul 17 2023 07: +0,1689573600
0.03,14,Jul 17 2023 08: +0,1689577200
0.03,5,Jul 17 2023 09: +0,1689580800
0.03,11,Jul 17 2023 10: +0,1689584400
0.03,19,Jul 17 2023 11: +0,1689588000
0.03,2,Jul 17 2023 12: +0,1689591600
0.03,2,Jul 17 2023 13: +0,1689595200
0.03,49,Jul 17 2023 14: +0,1689598800
0.03,3,Jul 17 2023 15: +0,1689602400
0.03,3,Jul 17 2023 16: +0,1689606000
0.03,1,Jul 17 2023 17: +0,1689609600
0.03,5,Jul 17 2023 18: +0,1689613200
0.03,5,Jul 17 2023 19: +0,1689616800
0.03,4,Jul 17 2023 20: +0,1689620400
0.03,17,Jul 17 2023 21: +0,1689624000
0.03,4,Jul 17 2023 22: +0,1689627600
0.03,1,Jul 18 2023 00: +0,1689634800
0.03,8,Jul 18 2023 01: +0,1689638400
0.03,1,Jul 18 2023 03: +0,1689645600
0.03,106,Jul 18 2023 04: +0,1689649200
0.03,3,Jul 18 2023 06: +0,1689656400
0.03,6,Jul 18 2023 07: +0,1689660000
0.03,1,Jul 18 2023 09: +0,1689667200
0.03,1,Jul 18 2023 10: +0,1689670800
0.03,1,Jul 18 2023 11: +0,1689674400
0.03,2,Jul 18 2023 12: +0,1689678000
0.03,3,Jul 18 2023 13: +0,1689681600
0.03,3,Jul 18 2023 14: +0,1689685200
0.03,111,Jul 18 2023 15: +0,1689688800
0.03,3,Jul 18 2023 16: +0,1689692400
0.03,2,Jul 18 2023 17: +0,1689696000
0.03,3,Jul 18 2023 18: +0,1689699600
0.03,1,Jul 18 2023 19: +0,1689703200
0.03,2,Jul 18 2023 20: +0,1689706800
0.03,3,Jul 18 2023 21: +0,1689710400
0.03,2,Jul 18 2023 22: +0,1689714000
0.03,1,Jul 18 2023 23: +0,1689717600
0.03,1,Jul 19 2023 00: +0,1689721200
0.03,1,Jul 19 2023 01: +0,1689724800
0.03,4,Jul 19 2023 02: +0,1689728400
0.03,7,Jul 19 2023 03: +0,1689732000
0.03,5,Jul 19 2023 05: +0,1689739200
0.03,1,Jul 19 2023 06: +0,1689742800
0.03,3,Jul 19 2023 07: +0,1689746400
0.03,4,Jul 19 2023 08: +0,1689750000
0.03,5,Jul 19 2023 10: +0,1689757200
0.03,3,Jul 19 2023 11: +0,1689760800
0.03,2,Jul 19 2023 12: +0,1689764400
0.03,9,Jul 19 2023 13: +0,1689768000
0.03,11,Jul 19 2023 14: +0,1689771600
0.03,5,Jul 19 2023 15: +0,1689775200
0.03,3,Jul 19 2023 16: +0,1689778800
0.03,5,Jul 19 2023 17: +0,1689782400
0.03,40,Jul 19 2023 18: +0,1689786000
0.03,8,Jul 19 2023 19: +0,1689789600
0.03,7,Jul 19 2023 20: +0,1689793200
0.03,2,Jul 19 2023 21: +0,1689796800
0.03,4,Jul 19 2023 22: +0,1689800400
0.03,2,Jul 19 2023 23: +0,1689804000
0.03,7,Jul 20 2023 00: +0,1689807600
0.03,1,Jul 20 2023 02: +0,1689814800
0.03,2,Jul 20 2023 04: +0,1689822000
0.03,8,Jul 20 2023 06: +0,1689829200
0.03,1,Jul 20 2023 07: +0,1689832800
0.03,6,Jul 20 2023 09: +0,1689840000
0.03,8,Jul 20 2023 10: +0,1689843600
0.03,1,Jul 20 2023 11: +0,1689847200
0.03,1,Jul 20 2023 12: +0,1689850800
0.03,3,Jul 20 2023 13: +0,1689854400
0.03,3,Jul 20 2023 14: +0,1689858000
0.03,5,Jul 20 2023 15: +0,1689861600
0.03,3,Jul 20 2023 16: +0,1689865200
0.03,4,Jul 20 2023 17: +0,1689868800
0.03,2,Jul 20 2023 18: +0,1689872400
0.03,5,Jul 20 2023 19: +0,1689876000
0.03,6,Jul 20 2023 20: +0,1689879600
0.03,3,Jul 20 2023 21: +0,1689883200
0.03,3,Jul 20 2023 22: +0,1689886800
0.03,5,Jul 20 2023 23: +0,1689890400
0.03,19,Jul 21 2023 00: +0,1689894000
0.03,3,Jul 21 2023 01: +0,1689897600
0.03,4,Jul 21 2023 02: +0,1689901200
0.03,2,Jul 21 2023 04: +0,1689908400
0.03,4,Jul 21 2023 05: +0,1689912000
0.03,7,Jul 21 2023 06: +0,1689915600
0.03,3,Jul 21 2023 07: +0,1689919200
0.03,1,Jul 21 2023 08: +0,1689922800
0.03,8,Jul 21 2023 09: +0,1689926400
0.03,1,Jul 21 2023 10: +0,1689930000
0.03,3,Jul 21 2023 11: +0,1689933600
0.03,26,Jul 21 2023 12: +0,1689937200
0.03,2,Jul 21 2023 13: +0,1689940800
0.03,11,Jul 21 2023 15: +0,1689948000
0.03,4,Jul 21 2023 16: +0,1689951600
0.03,5,Jul 21 2023 17: +0,1689955200
0.03,3,Jul 21 2023 18: +0,1689958800
0.03,9,Jul 21 2023 19: +0,1689962400
0.03,2,Jul 21 2023 20: +0,1689966000
0.03,5,Jul 21 2023 21: +0,1689969600
0.03,10,Jul 21 2023 22: +0,1689973200
0.03,4,Jul 21 2023 23: +0,1689976800
0.03,4,Jul 22 2023 00: +0,1689980400
0.03,2,Jul 22 2023 01: +0,1689984000
0.03,2,Jul 22 2023 02: +0,1689987600
0.03,6,Jul 22 2023 03: +0,1689991200
0.03,2,Jul 22 2023 04: +0,1689994800
0.03,1,Jul 22 2023 06: +0,1690002000
0.03,3,Jul 22 2023 07: +0,1690005600
0.03,2,Jul 22 2023 08: +0,1690009200
0.03,5,Jul 22 2023 09: +0,1690012800
0.03,3,Jul 22 2023 10: +0,1690016400
0.03,29,Jul 22 2023 11: +0,1690020000
0.03,7,Jul 22 2023 12: +0,1690023600
0.03,1,Jul 22 2023 13: +0,1690027200
0.03,4,Jul 22 2023 14: +0,1690030800
0.03,2,Jul 22 2023 15: +0,1690034400
0.03,2,Jul 22 2023 16: +0,1690038000
0.03,2,Jul 22 2023 17: +0,1690041600
0.03,4,Jul 22 2023 18: +0,1690045200
0.03,4,Jul 22 2023 19: +0,1690048800
0.03,5,Jul 22 2023 20: +0,1690052400
0.03,5,Jul 22 2023 21: +0,1690056000
0.03,4,Jul 22 2023 22: +0,1690059600
0.03,5,Jul 22 2023 23: +0,1690063200
0.03,1,Jul 23 2023 00: +0,1690066800
0.03,1,Jul 23 2023 01: +0,1690070400
0.03,3,Jul 23 2023 02: +0,1690074000
0.03,3,Jul 23 2023 04: +0,1690081200
0.03,1,Jul 23 2023 05: +0,1690084800
0.03,1,Jul 23 2023 06: +0,1690088400
0.03,3,Jul 23 2023 07: +0,1690092000
0.03,2,Jul 23 2023 08: +0,1690095600
0.03,2,Jul 23 2023 09: +0,1690099200
0.03,1,Jul 23 2023 10: +0,1690102800
0.03,6,Jul 23 2023 11: +0,1690106400
0.03,9,Jul 23 2023 12: +0,1690110000
0.03,5,Jul 23 2023 13: +0,1690113600
0.03,2,Jul 23 2023 14: +0,1690117200
0.03,1,Jul 23 2023 16: +0,1690124400
0.03,6,Jul 23 2023 17: +0,1690128000
0.03,4,Jul 23 2023 18: +0,1690131600
0.03,7,Jul 23 2023 19: +0,1690135200
0.03,4,Jul 23 2023 20: +0,1690138800
0.03,10,Jul 23 2023 21: +0,1690142400
0.03,1,Jul 23 2023 22: +0,1690146000
0.03,12,Jul 23 2023 23: +0,1690149600
0.03,3,Jul 24 2023 00: +0,1690153200
0.03,1,Jul 24 2023 02: +0,1690160400
0.03,1,Jul 24 2023 04: +0,1690167600
0.03,1,Jul 24 2023 05: +0,1690171200
0.03,2,Jul 24 2023 07: +0,1690178400
0.03,4,Jul 24 2023 09: +0,1690185600
0.03,3,Jul 24 2023 10: +0,1690189200
0.03,1,Jul 24 2023 11: +0,1690192800
0.03,3,Jul 24 2023 12: +0,1690196400
0.03,2,Jul 24 2023 13: +0,1690200000
0.03,3,Jul 24 2023 14: +0,1690203600
0.03,2,Jul 24 2023 15: +0,1690207200
0.03,8,Jul 24 2023 16: +0,1690210800
0.03,4,Jul 24 2023 17: +0,1690214400
0.03,1,Jul 24 2023 18: +0,1690218000
0.03,2,Jul 24 2023 19: +0,1690221600
0.03,3,Jul 24 2023 20: +0,1690225200
0.03,8,Jul 24 2023 21: +0,1690228800
0.03,11,Jul 24 2023 22: +0,1690232400
0.03,3,Jul 24 2023 23: +0,1690236000
0.03,3,Jul 25 2023 00: +0,1690239600
0.03,1,Jul 25 2023 01: +0,1690243200
0.03,1,Jul 25 2023 02: +0,1690246800
0.03,1,Jul 25 2023 03: +0,1690250400
0.03,3,Jul 25 2023 05: +0,1690257600
0.03,1,Jul 25 2023 06: +0,1690261200
0.03,1,Jul 25 2023 07: +0,1690264800
0.03,1,Jul 25 2023 08: +0,1690268400
0.03,3,Jul 25 2023 09: +0,1690272000
0.03,2,Jul 25 2023 10: +0,1690275600
0.03,8,Jul 25 2023 11: +0,1690279200
0.03,2,Jul 25 2023 12: +0,1690282800
0.03,1,Jul 25 2023 13: +0,1690286400
0.03,5,Jul 25 2023 14: +0,1690290000
0.03,2,Jul 25 2023 15: +0,1690293600
0.03,3,Jul 25 2023 16: +0,1690297200
0.03,14,Jul 25 2023 17: +0,1690300800
0.03,21,Jul 25 2023 18: +0,1690304400
0.03,2,Jul 25 2023 20: +0,1690311600
0.03,5,Jul 25 2023 21: +0,1690315200
0.03,4,Jul 25 2023 22: +0,1690318800
0.03,2,Jul 25 2023 23: +0,1690322400
0.03,4,Jul 26 2023 00: +0,1690326000
0.03,1,Jul 26 2023 01: +0,1690329600
0.03,2,Jul 26 2023 02: +0,1690333200
0.03,4,Jul 26 2023 03: +0,1690336800
0.03,4,Jul 26 2023 04: +0,1690340400
0.03,1,Jul 26 2023 05: +0,1690344000
0.03,4,Jul 26 2023 06: +0,1690347600
0.03,2,Jul 26 2023 07: +0,1690351200
0.03,4,Jul 26 2023 08: +0,1690354800
0.03,2,Jul 26 2023 09: +0,1690358400
0.03,4,Jul 26 2023 10: +0,1690362000
0.03,12,Jul 26 2023 11: +0,1690365600
0.03,17,Jul 26 2023 12: +0,1690369200
0.03,6,Jul 26 2023 13: +0,1690372800
0.03,10,Jul 26 2023 14: +0,1690376400
0.03,7,Jul 26 2023 15: +0,1690380000
0.03,6,Jul 26 2023 16: +0,1690383600
0.03,4,Jul 26 2023 17: +0,1690387200
0.03,12,Jul 26 2023 18: +0,1690390800
0.03,2,Jul 26 2023 19: +0,1690394400
0.03,8,Jul 26 2023 20: +0,1690398000
0.03,5,Jul 26 2023 21: +0,1690401600
0.03,9,Jul 26 2023 22: +0,1690405200
0.03,2,Jul 26 2023 23: +0,1690408800
0.03,5,Jul 27 2023 00: +0,1690412400
0.03,2,Jul 27 2023 01: +0,1690416000
0.03,71,Jul 27 2023 02: +0,1690419600
0.03,1,Jul 27 2023 03: +0,1690423200
0.03,2,Jul 27 2023 04: +0,1690426800
0.03,1,Jul 27 2023 05: +0,1690430400
0.03,1,Jul 27 2023 06: +0,1690434000
0.03,3,Jul 27 2023 07: +0,1690437600
0.03,2,Jul 27 2023 08: +0,1690441200
0.03,4,Jul 27 2023 09: +0,1690444800
0.03,5,Jul 27 2023 10: +0,1690448400
0.03,2,Jul 27 2023 11: +0,1690452000
0.03,5,Jul 27 2023 12: +0,1690455600
0.03,11,Jul 27 2023 13: +0,1690459200
0.03,3,Jul 27 2023 14: +0,1690462800
0.03,3,Jul 27 2023 15: +0,1690466400
0.03,4,Jul 27 2023 16: +0,1690470000
0.03,2,Jul 27 2023 17: +0,1690473600
0.03,2,Jul 27 2023 18: +0,1690477200
0.03,5,Jul 27 2023 19: +0,1690480800
0.03,6,Jul 27 2023 20: +0,1690484400
0.03,8,Jul 27 2023 21: +0,1690488000
0.03,4,Jul 27 2023 22: +0,1690491600
0.03,4,Jul 27 2023 23: +0,1690495200
0.03,2,Jul 28 2023 00: +0,1690498800
0.03,1,Jul 28 2023 01: +0,1690502400
0.03,1,Jul 28 2023 02: +0,1690506000
0.03,2,Jul 28 2023 03: +0,1690509600
0.03,2,Jul 28 2023 05: +0,1690516800
0.03,4,Jul 28 2023 06: +0,1690520400
0.03,10,Jul 28 2023 07: +0,1690524000
0.03,1,Jul 28 2023 08: +0,1690527600
0.03,2,Jul 28 2023 09: +0,1690531200
0.03,1,Jul 28 2023 10: +0,1690534800
0.03,6,Jul 28 2023 11: +0,1690538400
0.03,3,Jul 28 2023 12: +0,1690542000
0.03,1,Jul 28 2023 13: +0,1690545600
0.03,4,Jul 28 2023 14: +0,1690549200
0.03,4,Jul 28 2023 16: +0,1690556400
0.03,4,Jul 28 2023 17: +0,1690560000
0.03,6,Jul 28 2023 18: +0,1690563600
0.03,25,Jul 28 2023 19: +0,1690567200
0.03,11,Jul 28 2023 20: +0,1690570800
0.03,3,Jul 28 2023 21: +0,1690574400
0.03,5,Jul 28 2023 22: +0,1690578000
0.03,6,Jul 28 2023 23: +0,1690581600
0.03,1,Jul 29 2023 00: +0,1690585200
0.03,1,Jul 29 2023 01: +0,1690588800
0.03,1,Jul 29 2023 02: +0,1690592400
0.03,3,Jul 29 2023 03: +0,1690596000
0.03,3,Jul 29 2023 04: +0,1690599600
0.03,1,Jul 29 2023 05: +0,1690603200
0.03,4,Jul 29 2023 06: +0,1690606800
0.03,2,Jul 29 2023 07: +0,1690610400
0.03,7,Jul 29 2023 08: +0,1690614000
0.03,4,Jul 29 2023 09: +0,1690617600
0.03,3,Jul 29 2023 10: +0,1690621200
0.03,7,Jul 29 2023 11: +0,1690624800
0.03,4,Jul 29 2023 12: +0,1690628400
0.03,2,Jul 29 2023 13: +0,1690632000
0.03,3,Jul 29 2023 14: +0,1690635600
0.03,4,Jul 29 2023 15: +0,1690639200
0.03,5,Jul 29 2023 16: +0,1690642800
0.03,1,Jul 29 2023 17: +0,1690646400
0.03,6,Jul 29 2023 18: +0,1690650000
0.03,7,Jul 29 2023 19: +0,1690653600
0.03,12,Jul 29 2023 20: +0,1690657200
0.03,2,Jul 29 2023 21: +0,1690660800
0.03,8,Jul 29 2023 22: +0,1690664400
0.03,7,Jul 29 2023 23: +0,1690668000
0.03,2,Jul 30 2023 00: +0,1690671600
0.03,2,Jul 30 2023 01: +0,1690675200
0.03,1,Jul 30 2023 02: +0,1690678800
0.03,1,Jul 30 2023 03: +0,1690682400
0.03,1,Jul 30 2023 04: +0,1690686000
0.03,4,Jul 30 2023 06: +0,1690693200
0.03,1,Jul 30 2023 07: +0,1690696800
0.03,1,Jul 30 2023 08: +0,1690700400
0.03,4,Jul 30 2023 09: +0,1690704000
0.03,5,Jul 30 2023 10: +0,1690707600
0.03,3,Jul 30 2023 11: +0,1690711200
0.03,4,Jul 30 2023 12: +0,1690714800
0.03,15,Jul 30 2023 13: +0,1690718400
0.03,3,Jul 30 2023 14: +0,1690722000
0.03,5,Jul 30 2023 15: +0,1690725600
0.03,2,Jul 30 2023 16: +0,1690729200
0.03,16,Jul 30 2023 17: +0,1690732800
0.03,3,Jul 30 2023 18: +0,1690736400
0.03,4,Jul 30 2023 19: +0,1690740000
0.03,4,Jul 30 2023 20: +0,1690743600
0.03,1,Jul 30 2023 21: +0,1690747200
0.03,4,Jul 30 2023 22: +0,1690750800
0.03,23,Jul 30 2023 23: +0,1690754400
0.03,1,Jul 31 2023 00: +0,1690758000
0.03,1,Jul 31 2023 02: +0,1690765200
0.03,3,Jul 31 2023 03: +0,1690768800
0.03,5,Jul 31 2023 06: +0,1690779600
0.03,2,Jul 31 2023 07: +0,1690783200
0.03,1,Jul 31 2023 08: +0,1690786800
0.03,5,Jul 31 2023 09: +0,1690790400
0.03,20,Jul 31 2023 10: +0,1690794000
0.03,5,Jul 31 2023 11: +0,1690797600
0.03,6,Jul 31 2023 12: +0,1690801200
0.03,1,Jul 31 2023 13: +0,1690804800
0.03,8,Jul 31 2023 14: +0,1690808400
0.03,9,Jul 31 2023 15: +0,1690812000
0.03,9,Jul 31 2023 16: +0,1690815600
0.03,1,Jul 31 2023 17: +0,1690819200
0.03,3,Jul 31 2023 19: +0,1690826400
0.03,3,Jul 31 2023 20: +0,1690830000
0.03,3,Jul 31 2023 21: +0,1690833600
0.03,6,Jul 31 2023 22: +0,1690837200
0.03,1,Aug 01 2023 01: +0,1690848000
0.03,9,Aug 01 2023 02: +0,1690851600
0.03,2,Aug 01 2023 03: +0,1690855200
0.03,1,Aug 01 2023 04: +0,1690858800
0.03,3,Aug 01 2023 05: +0,1690862400
0.03,1,Aug 01 2023 06: +0,1690866000
0.03,1,Aug 01 2023 07: +0,1690869600
0.03,2,Aug 01 2023 08: +0,1690873200
0.03,3,Aug 01 2023 09: +0,1690876800
0.03,4,Aug 01 2023 10: +0,1690880400
0.03,3,Aug 01 2023 11: +0,1690884000
0.03,4,Aug 01 2023 12: +0,1690887600
0.03,8,Aug 01 2023 13: +0,1690891200
0.03,3,Aug 01 2023 14: +0,1690894800
0.03,5,Aug 01 2023 15: +0,1690898400
0.03,7,Aug 01 2023 16: +0,1690902000
0.03,2,Aug 01 2023 18: +0,1690909200
0.03,1,Aug 01 2023 19: +0,1690912800
0.03,4,Aug 01 2023 20: +0,1690916400
0.03,7,Aug 01 2023 21: +0,1690920000
0.03,6,Aug 01 2023 22: +0,1690923600
0.03,6,Aug 01 2023 23: +0,1690927200
0.03,4,Aug 02 2023 00: +0,1690930800
0.03,2,Aug 02 2023 01: +0,1690934400
0.03,1,Aug 02 2023 02: +0,1690938000
0.03,1,Aug 02 2023 03: +0,1690941600
0.03,1,Aug 02 2023 05: +0,1690948800
0.03,1,Aug 02 2023 06: +0,1690952400
0.03,2,Aug 02 2023 07: +0,1690956000
0.03,50,Aug 02 2023 08: +0,1690959600
0.03,1,Aug 02 2023 09: +0,1690963200
0.03,3,Aug 02 2023 10: +0,1690966800
0.03,3,Aug 02 2023 11: +0,1690970400
0.03,3,Aug 02 2023 12: +0,1690974000
0.03,3,Aug 02 2023 13: +0,1690977600
0.03,3,Aug 02 2023 14: +0,1690981200
0.03,3,Aug 02 2023 15: +0,1690984800
0.03,2,Aug 02 2023 16: +0,1690988400
0.03,22,Aug 02 2023 17: +0,1690992000
0.03,3,Aug 02 2023 18: +0,1690995600
0.03,2,Aug 02 2023 19: +0,1690999200
0.03,3,Aug 02 2023 20: +0,1691002800
0.03,4,Aug 02 2023 21: +0,1691006400
0.03,7,Aug 02 2023 22: +0,1691010000
0.03,3,Aug 02 2023 23: +0,1691013600
0.03,3,Aug 03 2023 00: +0,1691017200
0.03,2,Aug 03 2023 01: +0,1691020800
0.03,5,Aug 03 2023 02: +0,1691024400
0.03,3,Aug 03 2023 03: +0,1691028000
0.03,1,Aug 03 2023 05: +0,1691035200
0.03,3,Aug 03 2023 06: +0,1691038800
0.03,10,Aug 03 2023 08: +0,1691046000
0.03,3,Aug 03 2023 10: +0,1691053200
0.03,2,Aug 03 2023 12: +0,1691060400
0.03,4,Aug 03 2023 13: +0,1691064000
0.03,1,Aug 03 2023 14: +0,1691067600
0.03,6,Aug 03 2023 15: +0,1691071200
0.03,5,Aug 03 2023 16: +0,1691074800
0.03,3,Aug 03 2023 17: +0,1691078400
0.03,1,Aug 03 2023 18: +0,1691082000
0.03,7,Aug 03 2023 19: +0,1691085600
0.03,36,Aug 03 2023 20: +0,1691089200
0.03,6,Aug 03 2023 21: +0,1691092800
0.03,3,Aug 03 2023 22: +0,1691096400
0.03,2,Aug 03 2023 23: +0,1691100000
0.03,1,Aug 04 2023 00: +0,1691103600
0.03,1,Aug 04 2023 01: +0,1691107200
0.03,2,Aug 04 2023 02: +0,1691110800
0.03,2,Aug 04 2023 03: +0,1691114400
0.03,1,Aug 04 2023 04: +0,1691118000
0.03,1,Aug 04 2023 05: +0,1691121600
0.03,3,Aug 04 2023 06: +0,1691125200
0.03,28,Aug 04 2023 08: +0,1691132400
0.03,2,Aug 04 2023 09: +0,1691136000
0.03,103,Aug 04 2023 10: +0,1691139600
0.03,3,Aug 04 2023 11: +0,1691143200
0.03,6,Aug 04 2023 12: +0,1691146800
0.03,3,Aug 04 2023 13: +0,1691150400
0.03,6,Aug 04 2023 14: +0,1691154000
0.03,4,Aug 04 2023 15: +0,1691157600
0.03,4,Aug 04 2023 16: +0,1691161200
0.03,3,Aug 04 2023 17: +0,1691164800
0.03,2,Aug 04 2023 18: +0,1691168400
0.03,4,Aug 04 2023 19: +0,1691172000
0.03,2,Aug 04 2023 21: +0,1691179200
0.03,15,Aug 04 2023 22: +0,1691182800
0.03,3,Aug 04 2023 23: +0,1691186400
0.03,4,Aug 05 2023 00: +0,1691190000
0.03,1,Aug 05 2023 01: +0,1691193600
0.03,4,Aug 05 2023 02: +0,1691197200
0.03,1,Aug 05 2023 03: +0,1691200800
0.03,1,Aug 05 2023 04: +0,1691204400
0.03,1,Aug 05 2023 05: +0,1691208000
0.03,1,Aug 05 2023 07: +0,1691215200
0.03,5,Aug 05 2023 08: +0,1691218800
0.03,6,Aug 05 2023 09: +0,1691222400
0.03,2,Aug 05 2023 10: +0,1691226000
0.03,3,Aug 05 2023 12: +0,1691233200
0.03,4,Aug 05 2023 13: +0,1691236800
0.03,4,Aug 05 2023 14: +0,1691240400
0.03,4,Aug 05 2023 15: +0,1691244000
0.03,25,Aug 05 2023 16: +0,1691247600
0.03,3,Aug 05 2023 17: +0,1691251200
0.03,2,Aug 05 2023 18: +0,1691254800
0.03,4,Aug 05 2023 19: +0,1691258400
0.03,12,Aug 05 2023 20: +0,1691262000
0.03,4,Aug 05 2023 21: +0,1691265600
0.03,2,Aug 05 2023 22: +0,1691269200
0.03,3,Aug 05 2023 23: +0,1691272800
0.03,7,Aug 06 2023 00: +0,1691276400
0.03,2,Aug 06 2023 02: +0,1691283600
0.03,1,Aug 06 2023 03: +0,1691287200
0.03,20,Aug 06 2023 04: +0,1691290800
0.03,1,Aug 06 2023 08: +0,1691305200
0.03,4,Aug 06 2023 09: +0,1691308800
0.03,4,Aug 06 2023 10: +0,1691312400
0.03,6,Aug 06 2023 11: +0,1691316000
0.03,5,Aug 06 2023 12: +0,1691319600
0.03,5,Aug 06 2023 13: +0,1691323200
0.03,5,Aug 06 2023 14: +0,1691326800
0.03,8,Aug 06 2023 15: +0,1691330400
0.03,6,Aug 06 2023 16: +0,1691334000
0.03,5,Aug 06 2023 17: +0,1691337600
0.03,4,Aug 06 2023 18: +0,1691341200
0.03,5,Aug 06 2023 19: +0,1691344800
0.03,2,Aug 06 2023 20: +0,1691348400
0.03,7,Aug 06 2023 21: +0,1691352000
0.03,8,Aug 06 2023 22: +0,1691355600
0.03,5,Aug 06 2023 23: +0,1691359200
0.03,2,Aug 07 2023 00: +0,1691362800
0.03,3,Aug 07 2023 01: +0,1691366400
0.03,8,Aug 07 2023 02: +0,1691370000
0.03,2,Aug 07 2023 03: +0,1691373600
0.03,4,Aug 07 2023 04: +0,1691377200
0.03,1,Aug 07 2023 05: +0,1691380800
0.03,1,Aug 07 2023 06: +0,1691384400
0.03,6,Aug 07 2023 07: +0,1691388000
0.03,6,Aug 07 2023 08: +0,1691391600
0.03,1,Aug 07 2023 09: +0,1691395200
0.03,2,Aug 07 2023 10: +0,1691398800
0.03,1,Aug 07 2023 11: +0,1691402400
0.03,3,Aug 07 2023 12: +0,1691406000
0.03,30,Aug 07 2023 13: +0,1691409600
0.03,5,Aug 07 2023 14: +0,1691413200
0.03,5,Aug 07 2023 15: +0,1691416800
0.03,2,Aug 07 2023 16: +0,1691420400
0.03,2,Aug 07 2023 17: +0,1691424000
0.03,11,Aug 07 2023 18: +0,1691427600
0.03,14,Aug 07 2023 19: +0,1691431200
0.03,13,Aug 07 2023 20: +0,1691434800
0.03,24,Aug 07 2023 21: +0,1691438400
0.03,3,Aug 07 2023 22: +0,1691442000
0.03,1,Aug 07 2023 23: +0,1691445600
0.03,3,Aug 08 2023 00: +0,1691449200
0.03,2,Aug 08 2023 01: +0,1691452800
0.03,1,Aug 08 2023 02: +0,1691456400
0.03,1,Aug 08 2023 03: +0,1691460000
0.03,3,Aug 08 2023 04: +0,1691463600
0.03,1,Aug 08 2023 05: +0,1691467200
0.03,2,Aug 08 2023 06: +0,1691470800
0.03,2,Aug 08 2023 08: +0,1691478000
0.03,2,Aug 08 2023 09: +0,1691481600
0.03,5,Aug 08 2023 10: +0,1691485200
0.03,7,Aug 08 2023 11: +0,1691488800
0.03,5,Aug 08 2023 12: +0,1691492400
0.03,1,Aug 08 2023 13: +0,1691496000
0.03,4,Aug 08 2023 14: +0,1691499600
0.03,2,Aug 08 2023 15: +0,1691503200
0.03,13,Aug 08 2023 16: +0,1691506800
0.03,1,Aug 08 2023 17: +0,1691510400
0.03,4,Aug 08 2023 18: +0,1691514000
0.03,3,Aug 08 2023 19: +0,1691517600
0.03,4,Aug 08 2023 20: +0,1691521200
0.03,6,Aug 08 2023 21: +0,1691524800
0.03,2,Aug 08 2023 22: +0,1691528400
0.03,4,Aug 08 2023 23: +0,1691532000
0.03,1,Aug 09 2023 00: +0,1691535600
0.03,3,Aug 09 2023 01: +0,1691539200
0.03,1,Aug 09 2023 02: +0,1691542800
0.03,2,Aug 09 2023 03: +0,1691546400
0.03,4,Aug 09 2023 04: +0,1691550000
0.03,1,Aug 09 2023 06: +0,1691557200
0.03,1,Aug 09 2023 07: +0,1691560800
0.03,1,Aug 09 2023 08: +0,1691564400
0.03,23,Aug 09 2023 09: +0,1691568000
0.03,4,Aug 09 2023 10: +0,1691571600
0.03,8,Aug 09 2023 11: +0,1691575200
0.03,14,Aug 09 2023 12: +0,1691578800
0.03,4,Aug 09 2023 13: +0,1691582400
0.03,20,Aug 09 2023 14: +0,1691586000
0.03,5,Aug 09 2023 15: +0,1691589600
0.03,7,Aug 09 2023 16: +0,1691593200
0.03,2,Aug 09 2023 17: +0,1691596800
0.03,19,Aug 09 2023 18: +0,1691600400
0.03,5,Aug 09 2023 19: +0,1691604000
0.03,1,Aug 09 2023 20: +0,1691607600
0.03,8,Aug 09 2023 21: +0,1691611200
0.03,5,Aug 09 2023 22: +0,1691614800
0.03,25,Aug 09 2023 23: +0,1691618400
0.03,3,Aug 10 2023 00: +0,1691622000
0.03,9,Aug 10 2023 01: +0,1691625600
0.03,7,Aug 10 2023 02: +0,1691629200
0.03,6,Aug 10 2023 03: +0,1691632800
0.03,3,Aug 10 2023 04: +0,1691636400
0.03,3,Aug 10 2023 06: +0,1691643600
0.03,2,Aug 10 2023 07: +0,1691647200
0.03,27,Aug 10 2023 08: +0,1691650800
0.03,6,Aug 10 2023 09: +0,1691654400
0.03,4,Aug 10 2023 10: +0,1691658000
0.03,5,Aug 10 2023 11: +0,1691661600
0.03,13,Aug 10 2023 12: +0,1691665200
0.03,1,Aug 10 2023 13: +0,1691668800
0.03,2,Aug 10 2023 14: +0,1691672400
0.03,10,Aug 10 2023 15: +0,1691676000
0.03,6,Aug 10 2023 16: +0,1691679600
0.03,6,Aug 10 2023 17: +0,1691683200
0.03,16,Aug 10 2023 18: +0,1691686800
0.03,5,Aug 10 2023 19: +0,1691690400
0.03,5,Aug 10 2023 20: +0,1691694000
0.03,8,Aug 10 2023 21: +0,1691697600
0.03,7,Aug 10 2023 22: +0,1691701200
0.03,4,Aug 10 2023 23: +0,1691704800
0.03,5,Aug 11 2023 00: +0,1691708400
0.03,6,Aug 11 2023 01: +0,1691712000
0.03,1,Aug 11 2023 02: +0,1691715600
0.03,3,Aug 11 2023 03: +0,1691719200
0.03,5,Aug 11 2023 04: +0,1691722800
0.03,1,Aug 11 2023 06: +0,1691730000
0.03,3,Aug 11 2023 07: +0,1691733600
0.03,2,Aug 11 2023 08: +0,1691737200
0.03,5,Aug 11 2023 09: +0,1691740800
0.03,3,Aug 11 2023 10: +0,1691744400
0.03,11,Aug 11 2023 11: +0,1691748000
0.03,3,Aug 11 2023 12: +0,1691751600
0.03,4,Aug 11 2023 13: +0,1691755200
0.03,4,Aug 11 2023 14: +0,1691758800
0.03,3,Aug 11 2023 15: +0,1691762400
0.03,5,Aug 11 2023 16: +0,1691766000
0.03,1,Aug 11 2023 17: +0,1691769600
0.03,1,Aug 11 2023 18: +0,1691773200
0.03,2,Aug 11 2023 19: +0,1691776800
0.03,3,Aug 11 2023 20: +0,1691780400
0.03,5,Aug 11 2023 21: +0,1691784000
0.03,8,Aug 11 2023 22: +0,1691787600
0.03,27,Aug 11 2023 23: +0,1691791200
0.03,1,Aug 12 2023 00: +0,1691794800
0.03,4,Aug 12 2023 01: +0,1691798400
0.03,2,Aug 12 2023 02: +0,1691802000
0.03,1,Aug 12 2023 03: +0,1691805600
0.03,3,Aug 12 2023 04: +0,1691809200
0.03,1,Aug 12 2023 05: +0,1691812800
0.03,1,Aug 12 2023 06: +0,1691816400
0.03,3,Aug 12 2023 07: +0,1691820000
0.03,3,Aug 12 2023 08: +0,1691823600
0.03,4,Aug 12 2023 09: +0,1691827200
0.03,4,Aug 12 2023 10: +0,1691830800
0.03,4,Aug 12 2023 11: +0,1691834400
0.03,11,Aug 12 2023 12: +0,1691838000
0.03,2,Aug 12 2023 13: +0,1691841600
0.03,1,Aug 12 2023 14: +0,1691845200
0.03,1,Aug 12 2023 15: +0,1691848800
0.03,5,Aug 12 2023 16: +0,1691852400
0.03,8,Aug 12 2023 17: +0,1691856000
0.03,2,Aug 12 2023 18: +0,1691859600
0.03,7,Aug 12 2023 19: +0,1691863200
0.03,3,Aug 12 2023 20: +0,1691866800
0.03,47,Aug 12 2023 21: +0,1691870400
0.03,3,Aug 12 2023 22: +0,1691874000
0.03,1,Aug 12 2023 23: +0,1691877600
0.03,5,Aug 13 2023 00: +0,1691881200
0.03,2,Aug 13 2023 04: +0,1691895600
0.03,4,Aug 13 2023 05: +0,1691899200
0.03,1,Aug 13 2023 06: +0,1691902800
0.03,8,Aug 13 2023 07: +0,1691906400
0.03,4,Aug 13 2023 08: +0,1691910000
0.03,4,Aug 13 2023 09: +0,1691913600
0.03,4,Aug 13 2023 10: +0,1691917200
0.03,1,Aug 13 2023 11: +0,1691920800
0.03,5,Aug 13 2023 12: +0,1691924400
0.03,7,Aug 13 2023 13: +0,1691928000
0.03,14,Aug 13 2023 14: +0,1691931600
0.03,5,Aug 13 2023 15: +0,1691935200
0.03,6,Aug 13 2023 16: +0,1691938800
0.03,27,Aug 13 2023 17: +0,1691942400
0.03,7,Aug 13 2023 18: +0,1691946000
0.03,3,Aug 13 2023 19: +0,1691949600
0.03,5,Aug 13 2023 20: +0,1691953200
0.03,15,Aug 13 2023 21: +0,1691956800
0.03,5,Aug 13 2023 22: +0,1691960400
0.03,2,Aug 13 2023 23: +0,1691964000
0.03,2,Aug 14 2023 00: +0,1691967600
0.03,1,Aug 14 2023 01: +0,1691971200
0.03,1,Aug 14 2023 02: +0,1691974800
0.03,4,Aug 14 2023 03: +0,1691978400
0.03,1,Aug 14 2023 06: +0,1691989200
0.03,4,Aug 14 2023 07: +0,1691992800
0.03,5,Aug 14 2023 08: +0,1691996400
0.03,3,Aug 14 2023 09: +0,1692000000
0.03,1,Aug 14 2023 10: +0,1692003600
0.03,1,Aug 14 2023 11: +0,1692007200
0.03,4,Aug 14 2023 12: +0,1692010800
0.03,63,Aug 14 2023 14: +0,1692018000
0.03,4,Aug 14 2023 15: +0,1692021600
0.03,8,Aug 14 2023 16: +0,1692025200
0.03,3,Aug 14 2023 17: +0,1692028800
0.03,3,Aug 14 2023 18: +0,1692032400
0.03,5,Aug 14 2023 19: +0,1692036000
0.03,4,Aug 14 2023 20: +0,1692039600
0.03,6,Aug 14 2023 21: +0,1692043200
0.03,1,Aug 14 2023 22: +0,1692046800
0.03,4,Aug 14 2023 23: +0,1692050400
0.03,3,Aug 15 2023 00: +0,1692054000
0.03,3,Aug 15 2023 01: +0,1692057600
0.03,2,Aug 15 2023 02: +0,1692061200
0.03,3,Aug 15 2023 03: +0,1692064800
0.03,2,Aug 15 2023 04: +0,1692068400
0.03,3,Aug 15 2023 06: +0,1692075600
0.03,3,Aug 15 2023 07: +0,1692079200
0.03,53,Aug 15 2023 08: +0,1692082800
0.03,2,Aug 15 2023 09: +0,1692086400
0.03,4,Aug 15 2023 10: +0,1692090000
0.03,2,Aug 15 2023 11: +0,1692093600
0.03,1,Aug 15 2023 12: +0,1692097200
0.03,3,Aug 15 2023 13: +0,1692100800
0.03,5,Aug 15 2023 14: +0,1692104400
0.03,21,Aug 15 2023 15: +0,1692108000
0.03,1,Aug 15 2023 16: +0,1692111600
0.03,4,Aug 15 2023 17: +0,1692115200
0.03,22,Aug 15 2023 18: +0,1692118800
0.03,4,Aug 15 2023 19: +0,1692122400
0.03,2,Aug 15 2023 20: +0,1692126000
0.03,1,Aug 15 2023 21: +0,1692129600
0.03,5,Aug 15 2023 22: +0,1692133200
0.03,2,Aug 16 2023 03: +0,1692151200
0.03,1,Aug 16 2023 04: +0,1692154800
0.03,2,Aug 16 2023 06: +0,1692162000
0.03,12,Aug 16 2023 07: +0,1692165600
0.03,7,Aug 16 2023 08: +0,1692169200
0.03,2,Aug 16 2023 09: +0,1692172800
0.03,14,Aug 16 2023 10: +0,1692176400
0.03,26,Aug 16 2023 11: +0,1692180000
0.03,1,Aug 16 2023 12: +0,1692183600
0.03,4,Aug 16 2023 13: +0,1692187200
0.03,7,Aug 16 2023 14: +0,1692190800
0.03,5,Aug 16 2023 15: +0,1692194400
0.03,6,Aug 16 2023 16: +0,1692198000
0.03,9,Aug 16 2023 17: +0,1692201600
0.03,2,Aug 16 2023 18: +0,1692205200
0.03,20,Aug 16 2023 19: +0,1692208800
0.03,1,Aug 16 2023 20: +0,1692212400
0.03,2,Aug 16 2023 21: +0,1692216000
0.03,6,Aug 16 2023 23: +0,1692223200
0.03,1,Aug 17 2023 00: +0,1692226800
0.03,33,Aug 17 2023 01: +0,1692230400
0.03,1,Aug 17 2023 03: +0,1692237600
0.03,2,Aug 17 2023 04: +0,1692241200
0.03,4,Aug 17 2023 05: +0,1692244800
0.03,3,Aug 17 2023 06: +0,1692248400
0.03,3,Aug 17 2023 07: +0,1692252000
0.03,2,Aug 17 2023 08: +0,1692255600
0.03,18,Aug 17 2023 09: +0,1692259200
0.03,6,Aug 17 2023 10: +0,1692262800
0.03,13,Aug 17 2023 11: +0,1692266400
0.03,10,Aug 17 2023 12: +0,1692270000
0.03,19,Aug 17 2023 13: +0,1692273600
0.03,134,Aug 17 2023 14: +0,1692277200
0.03,4,Aug 17 2023 15: +0,1692280800
0.03,3,Aug 17 2023 16: +0,1692284400
0.03,3,Aug 17 2023 17: +0,1692288000
0.03,5,Aug 17 2023 18: +0,1692291600
0.03,3,Aug 17 2023 19: +0,1692295200
0.03,7,Aug 17 2023 20: +0,1692298800
0.03,19,Aug 17 2023 21: +0,1692302400
0.03,1,Aug 17 2023 22: +0,1692306000
0.03,1,Aug 18 2023 00: +0,1692313200
0.03,1,Aug 18 2023 02: +0,1692320400
0.03,2,Aug 18 2023 03: +0,1692324000
0.03,15,Aug 18 2023 04: +0,1692327600
0.03,2,Aug 18 2023 06: +0,1692334800
0.03,38,Aug 18 2023 07: +0,1692338400
0.03,1,Aug 18 2023 10: +0,1692349200
0.03,3,Aug 18 2023 11: +0,1692352800
0.03,1,Aug 18 2023 12: +0,1692356400
0.03,3,Aug 18 2023 13: +0,1692360000
0.03,5,Aug 18 2023 14: +0,1692363600
0.03,5,Aug 18 2023 15: +0,1692367200
0.03,1,Aug 18 2023 16: +0,1692370800
0.03,6,Aug 18 2023 17: +0,1692374400
0.03,3,Aug 18 2023 18: +0,1692378000
0.03,9,Aug 18 2023 19: +0,1692381600
0.03,17,Aug 18 2023 20: +0,1692385200
0.03,3,Aug 18 2023 21: +0,1692388800
0.03,2,Aug 18 2023 22: +0,1692392400
0.03,44,Aug 19 2023 00: +0,1692399600
0.03,3,Aug 19 2023 01: +0,1692403200
0.03,1,Aug 19 2023 02: +0,1692406800
0.03,3,Aug 19 2023 03: +0,1692410400
0.03,3,Aug 19 2023 05: +0,1692417600
0.03,2,Aug 19 2023 08: +0,1692428400
0.03,34,Aug 19 2023 09: +0,1692432000
0.03,6,Aug 19 2023 10: +0,1692435600
0.03,1,Aug 19 2023 11: +0,1692439200
0.03,2,Aug 19 2023 12: +0,1692442800
0.03,2,Aug 19 2023 13: +0,1692446400
0.03,42,Aug 19 2023 15: +0,1692453600
0.03,33,Aug 19 2023 16: +0,1692457200
0.03,5,Aug 19 2023 17: +0,1692460800
0.03,2,Aug 19 2023 18: +0,1692464400
0.03,1,Aug 19 2023 19: +0,1692468000
0.03,3,Aug 19 2023 20: +0,1692471600
0.03,4,Aug 19 2023 21: +0,1692475200
0.03,4,Aug 19 2023 22: +0,1692478800
0.03,2,Aug 19 2023 23: +0,1692482400
0.03,1,Aug 20 2023 00: +0,1692486000
0.03,4,Aug 20 2023 02: +0,1692493200
0.03,2,Aug 20 2023 03: +0,1692496800
0.03,1,Aug 20 2023 04: +0,1692500400
0.03,2,Aug 20 2023 05: +0,1692504000
0.03,4,Aug 20 2023 07: +0,1692511200
0.03,2,Aug 20 2023 08: +0,1692514800
0.03,2,Aug 20 2023 09: +0,1692518400
0.03,6,Aug 20 2023 10: +0,1692522000
0.03,9,Aug 20 2023 11: +0,1692525600
0.03,8,Aug 20 2023 12: +0,1692529200
0.03,7,Aug 20 2023 13: +0,1692532800
0.03,3,Aug 20 2023 14: +0,1692536400
0.03,24,Aug 20 2023 15: +0,1692540000
0.03,1,Aug 20 2023 16: +0,1692543600
0.03,3,Aug 20 2023 17: +0,1692547200
0.03,6,Aug 20 2023 18: +0,1692550800
0.03,16,Aug 20 2023 19: +0,1692554400
0.03,60,Aug 20 2023 20: +0,1692558000
0.03,4,Aug 20 2023 21: +0,1692561600
0.03,3,Aug 20 2023 22: +0,1692565200
0.03,1,Aug 20 2023 23: +0,1692568800
0.03,1,Aug 21 2023 01: +0,1692576000
0.03,5,Aug 21 2023 03: +0,1692583200
0.03,1,Aug 21 2023 04: +0,1692586800
0.03,14,Aug 21 2023 06: +0,1692594000
0.03,2,Aug 21 2023 07: +0,1692597600
0.03,6,Aug 21 2023 08: +0,1692601200
0.03,7,Aug 21 2023 09: +0,1692604800
0.03,2,Aug 21 2023 10: +0,1692608400
0.03,7,Aug 21 2023 11: +0,1692612000
0.03,3,Aug 21 2023 12: +0,1692615600
0.03,6,Aug 21 2023 13: +0,1692619200
0.03,4,Aug 21 2023 14: +0,1692622800
0.03,6,Aug 21 2023 15: +0,1692626400
0.03,1,Aug 21 2023 16: +0,1692630000
0.03,7,Aug 21 2023 17: +0,1692633600
0.03,10,Aug 21 2023 18: +0,1692637200
0.03,6,Aug 21 2023 19: +0,1692640800
0.03,9,Aug 21 2023 20: +0,1692644400
0.03,7,Aug 21 2023 21: +0,1692648000
0.03,8,Aug 21 2023 22: +0,1692651600
0.03,5,Aug 21 2023 23: +0,1692655200
0.03,5,Aug 22 2023 00: +0,1692658800
0.03,1,Aug 22 2023 01: +0,1692662400
0.03,2,Aug 22 2023 02: +0,1692666000
0.03,2,Aug 22 2023 03: +0,1692669600
0.03,3,Aug 22 2023 04: +0,1692673200
0.03,1,Aug 22 2023 05: +0,1692676800
0.03,28,Aug 22 2023 06: +0,1692680400
0.03,1,Aug 22 2023 08: +0,1692687600
0.03,1,Aug 22 2023 09: +0,1692691200
0.03,13,Aug 22 2023 10: +0,1692694800
0.03,1,Aug 22 2023 11: +0,1692698400
0.03,1,Aug 22 2023 12: +0,1692702000
0.03,3,Aug 22 2023 13: +0,1692705600
0.03,1,Aug 22 2023 14: +0,1692709200
0.03,3,Aug 22 2023 15: +0,1692712800
0.03,6,Aug 22 2023 16: +0,1692716400
0.03,3,Aug 22 2023 17: +0,1692720000
0.03,2,Aug 22 2023 18: +0,1692723600
0.03,2,Aug 22 2023 19: +0,1692727200
0.03,11,Aug 22 2023 20: +0,1692730800
0.03,5,Aug 22 2023 21: +0,1692734400
0.03,1,Aug 22 2023 22: +0,1692738000
0.03,3,Aug 22 2023 23: +0,1692741600
0.03,2,Aug 23 2023 00: +0,1692745200
0.03,1,Aug 23 2023 01: +0,1692748800
0.03,2,Aug 23 2023 02: +0,1692752400
0.03,2,Aug 23 2023 03: +0,1692756000
0.03,5,Aug 23 2023 04: +0,1692759600
0.03,4,Aug 23 2023 07: +0,1692770400
0.03,4,Aug 23 2023 09: +0,1692777600
0.03,1,Aug 23 2023 10: +0,1692781200
0.03,2,Aug 23 2023 11: +0,1692784800
0.03,6,Aug 23 2023 12: +0,1692788400
0.03,3,Aug 23 2023 13: +0,1692792000
0.03,7,Aug 23 2023 14: +0,1692795600
0.03,4,Aug 23 2023 15: +0,1692799200
0.03,4,Aug 23 2023 16: +0,1692802800
0.03,19,Aug 23 2023 17: +0,1692806400
0.03,2,Aug 23 2023 18: +0,1692810000
0.03,8,Aug 23 2023 19: +0,1692813600
0.03,6,Aug 23 2023 20: +0,1692817200
0.03,3,Aug 23 2023 21: +0,1692820800
0.03,4,Aug 23 2023 22: +0,1692824400
0.03,11,Aug 23 2023 23: +0,1692828000
0.03,5,Aug 24 2023 00: +0,1692831600
0.03,1,Aug 24 2023 01: +0,1692835200
0.03,9,Aug 24 2023 02: +0,1692838800
0.03,6,Aug 24 2023 03: +0,1692842400
0.03,2,Aug 24 2023 04: +0,1692846000
0.03,2,Aug 24 2023 05: +0,1692849600
0.03,1,Aug 24 2023 06: +0,1692853200
0.03,3,Aug 24 2023 07: +0,1692856800
0.03,4,Aug 24 2023 08: +0,1692860400
0.03,5,Aug 24 2023 09: +0,1692864000
0.03,4,Aug 24 2023 10: +0,1692867600
0.03,10,Aug 24 2023 11: +0,1692871200
0.03,4,Aug 24 2023 12: +0,1692874800
0.03,107,Aug 24 2023 14: +0,1692882000
0.03,2,Aug 24 2023 15: +0,1692885600
0.03,4,Aug 24 2023 16: +0,1692889200
0.03,13,Aug 24 2023 17: +0,1692892800
0.03,17,Aug 24 2023 18: +0,1692896400
0.03,4,Aug 24 2023 19: +0,1692900000
0.03,4,Aug 24 2023 20: +0,1692903600
0.03,5,Aug 24 2023 21: +0,1692907200
0.03,3,Aug 24 2023 22: +0,1692910800
0.03,1,Aug 24 2023 23: +0,1692914400
0.03,7,Aug 25 2023 01: +0,1692921600
0.03,1,Aug 25 2023 02: +0,1692925200
0.03,2,Aug 25 2023 03: +0,1692928800
0.03,1,Aug 25 2023 04: +0,1692932400
0.03,5,Aug 25 2023 05: +0,1692936000
0.03,3,Aug 25 2023 06: +0,1692939600
0.03,7,Aug 25 2023 07: +0,1692943200
0.03,2,Aug 25 2023 08: +0,1692946800
0.03,4,Aug 25 2023 09: +0,1692950400
0.03,1,Aug 25 2023 10: +0,1692954000
0.03,2,Aug 25 2023 11: +0,1692957600
0.03,5,Aug 25 2023 12: +0,1692961200
0.03,13,Aug 25 2023 13: +0,1692964800
0.03,1,Aug 25 2023 14: +0,1692968400
0.03,4,Aug 25 2023 15: +0,1692972000
0.03,5,Aug 25 2023 16: +0,1692975600
0.03,1,Aug 25 2023 17: +0,1692979200
0.03,4,Aug 25 2023 18: +0,1692982800
0.03,3,Aug 25 2023 19: +0,1692986400
0.03,7,Aug 25 2023 20: +0,1692990000
0.03,4,Aug 25 2023 21: +0,1692993600
0.03,2,Aug 25 2023 22: +0,1692997200
0.03,1,Aug 25 2023 23: +0,1693000800
0.03,8,Aug 26 2023 00: +0,1693004400
0.03,81,Aug 26 2023 01: +0,1693008000
0.03,1,Aug 26 2023 03: +0,1693015200
0.03,1,Aug 26 2023 04: +0,1693018800
0.03,2,Aug 26 2023 05: +0,1693022400
0.03,3,Aug 26 2023 06: +0,1693026000
0.03,1,Aug 26 2023 07: +0,1693029600
0.03,8,Aug 26 2023 08: +0,1693033200
0.03,5,Aug 26 2023 09: +0,1693036800
0.03,1,Aug 26 2023 10: +0,1693040400
0.03,5,Aug 26 2023 11: +0,1693044000
0.03,4,Aug 26 2023 12: +0,1693047600
0.03,26,Aug 26 2023 13: +0,1693051200
0.03,4,Aug 26 2023 14: +0,1693054800
0.03,8,Aug 26 2023 15: +0,1693058400
0.03,9,Aug 26 2023 16: +0,1693062000
0.03,26,Aug 26 2023 17: +0,1693065600
0.03,4,Aug 26 2023 18: +0,1693069200
0.03,4,Aug 26 2023 19: +0,1693072800
0.03,2,Aug 26 2023 20: +0,1693076400
0.03,1,Aug 26 2023 21: +0,1693080000
0.03,3,Aug 26 2023 22: +0,1693083600
0.03,4,Aug 26 2023 23: +0,1693087200
0.03,4,Aug 27 2023 00: +0,1693090800
0.03,1,Aug 27 2023 01: +0,1693094400
0.03,2,Aug 27 2023 03: +0,1693101600
0.03,3,Aug 27 2023 06: +0,1693112400
0.03,3,Aug 27 2023 07: +0,1693116000
0.03,1,Aug 27 2023 09: +0,1693123200
0.03,26,Aug 27 2023 10: +0,1693126800
0.03,4,Aug 27 2023 11: +0,1693130400
0.03,5,Aug 27 2023 12: +0,1693134000
0.03,3,Aug 27 2023 13: +0,1693137600
0.03,11,Aug 27 2023 14: +0,1693141200
0.03,9,Aug 27 2023 15: +0,1693144800
0.03,10,Aug 27 2023 16: +0,1693148400
0.03,2,Aug 27 2023 17: +0,1693152000
0.03,2,Aug 27 2023 18: +0,1693155600
0.03,4,Aug 27 2023 19: +0,1693159200
0.03,2,Aug 27 2023 20: +0,1693162800
0.03,4,Aug 27 2023 21: +0,1693166400
0.03,5,Aug 27 2023 22: +0,1693170000
0.03,29,Aug 27 2023 23: +0,1693173600
0.03,3,Aug 28 2023 01: +0,1693180800
0.03,4,Aug 28 2023 02: +0,1693184400
0.03,2,Aug 28 2023 03: +0,1693188000
0.03,8,Aug 28 2023 04: +0,1693191600
0.03,2,Aug 28 2023 05: +0,1693195200
0.03,1,Aug 28 2023 06: +0,1693198800
0.03,2,Aug 28 2023 07: +0,1693202400
0.03,64,Aug 28 2023 08: +0,1693206000
0.03,5,Aug 28 2023 09: +0,1693209600
0.03,1,Aug 28 2023 10: +0,1693213200
0.03,6,Aug 28 2023 11: +0,1693216800
0.03,3,Aug 28 2023 12: +0,1693220400
0.03,5,Aug 28 2023 13: +0,1693224000
0.03,4,Aug 28 2023 14: +0,1693227600
0.03,3,Aug 28 2023 15: +0,1693231200
0.03,4,Aug 28 2023 16: +0,1693234800
0.03,6,Aug 28 2023 17: +0,1693238400
0.03,9,Aug 28 2023 18: +0,1693242000
0.03,6,Aug 28 2023 19: +0,1693245600
0.03,3,Aug 28 2023 20: +0,1693249200
0.03,4,Aug 28 2023 21: +0,1693252800
0.03,9,Aug 28 2023 22: +0,1693256400
0.03,2,Aug 28 2023 23: +0,1693260000
0.03,6,Aug 29 2023 00: +0,1693263600
0.03,1,Aug 29 2023 01: +0,1693267200
0.03,14,Aug 29 2023 02: +0,1693270800
0.03,1,Aug 29 2023 03: +0,1693274400
0.03,5,Aug 29 2023 05: +0,1693281600
0.03,6,Aug 29 2023 06: +0,1693285200
0.03,7,Aug 29 2023 07: +0,1693288800
0.03,7,Aug 29 2023 08: +0,1693292400
0.03,5,Aug 29 2023 09: +0,1693296000
0.03,6,Aug 29 2023 10: +0,1693299600
0.03,3,Aug 29 2023 11: +0,1693303200
0.03,7,Aug 29 2023 12: +0,1693306800
0.03,22,Aug 29 2023 13: +0,1693310400
0.03,1,Aug 29 2023 14: +0,1693314000
0.03,5,Aug 29 2023 15: +0,1693317600
0.03,2,Aug 29 2023 16: +0,1693321200
0.03,2,Aug 29 2023 17: +0,1693324800
0.03,2,Aug 29 2023 18: +0,1693328400
0.03,7,Aug 29 2023 19: +0,1693332000
0.03,20,Aug 29 2023 20: +0,1693335600
0.03,5,Aug 29 2023 21: +0,1693339200
0.03,4,Aug 29 2023 23: +0,1693346400
0.03,26,Aug 30 2023 00: +0,1693350000
0.03,2,Aug 30 2023 01: +0,1693353600
0.03,1,Aug 30 2023 02: +0,1693357200
0.03,2,Aug 30 2023 03: +0,1693360800
0.03,4,Aug 30 2023 04: +0,1693364400
0.03,1,Aug 30 2023 05: +0,1693368000
0.03,7,Aug 30 2023 06: +0,1693371600
0.03,2,Aug 30 2023 07: +0,1693375200
0.03,15,Aug 30 2023 08: +0,1693378800
0.03,5,Aug 30 2023 09: +0,1693382400
0.03,10,Aug 30 2023 10: +0,1693386000
0.03,8,Aug 30 2023 11: +0,1693389600
0.03,6,Aug 30 2023 12: +0,1693393200
0.03,7,Aug 30 2023 13: +0,1693396800
0.03,4,Aug 30 2023 14: +0,1693400400
0.03,7,Aug 30 2023 15: +0,1693404000
0.03,5,Aug 30 2023 16: +0,1693407600
0.03,5,Aug 30 2023 17: +0,1693411200
0.03,29,Aug 30 2023 18: +0,1693414800
0.03,4,Aug 30 2023 19: +0,1693418400
0.03,4,Aug 30 2023 20: +0,1693422000
0.03,2,Aug 30 2023 21: +0,1693425600
0.03,6,Aug 30 2023 22: +0,1693429200
0.03,5,Aug 30 2023 23: +0,1693432800
0.03,3,Aug 31 2023 00: +0,1693436400
0.03,3,Aug 31 2023 01: +0,1693440000
0.03,2,Aug 31 2023 02: +0,1693443600
0.03,1,Aug 31 2023 03: +0,1693447200
0.03,1,Aug 31 2023 04: +0,1693450800
0.03,22,Aug 31 2023 05: +0,1693454400
0.03,8,Aug 31 2023 06: +0,1693458000
0.03,11,Aug 31 2023 07: +0,1693461600
0.03,1,Aug 31 2023 08: +0,1693465200
0.03,5,Aug 31 2023 09: +0,1693468800
0.03,2,Aug 31 2023 10: +0,1693472400
0.03,9,Aug 31 2023 11: +0,1693476000
0.03,1,Aug 31 2023 12: +0,1693479600
0.03,2,Aug 31 2023 13: +0,1693483200
0.03,3,Aug 31 2023 14: +0,1693486800
0.03,1,Aug 31 2023 15: +0,1693490400
0.03,7,Aug 31 2023 16: +0,1693494000
0.03,9,Aug 31 2023 17: +0,1693497600
0.03,5,Aug 31 2023 18: +0,1693501200
0.03,3,Aug 31 2023 19: +0,1693504800
0.03,2,Aug 31 2023 20: +0,1693508400
0.03,2,Aug 31 2023 21: +0,1693512000
0.03,4,Aug 31 2023 22: +0,1693515600
0.03,3,Aug 31 2023 23: +0,1693519200
0.03,4,Sep 01 2023 00: +0,1693522800
0.03,2,Sep 01 2023 01: +0,1693526400
0.03,1,Sep 01 2023 02: +0,1693530000
0.03,3,Sep 01 2023 03: +0,1693533600
0.03,3,Sep 01 2023 04: +0,1693537200
0.03,1,Sep 01 2023 06: +0,1693544400
0.03,3,Sep 01 2023 07: +0,1693548000
0.03,3,Sep 01 2023 08: +0,1693551600
0.03,6,Sep 01 2023 09: +0,1693555200
0.03,26,Sep 01 2023 10: +0,1693558800
0.03,3,Sep 01 2023 11: +0,1693562400
0.03,6,Sep 01 2023 12: +0,1693566000
0.03,1,Sep 01 2023 13: +0,1693569600
0.03,5,Sep 01 2023 18: +0,1693587600
0.03,4,Sep 01 2023 19: +0,1693591200
0.03,7,Sep 01 2023 20: +0,1693594800
0.03,5,Sep 01 2023 21: +0,1693598400
0.03,5,Sep 01 2023 22: +0,1693602000
0.03,2,Sep 01 2023 23: +0,1693605600
0.03,4,Sep 02 2023 00: +0,1693609200
0.03,4,Sep 02 2023 01: +0,1693612800
0.03,2,Sep 02 2023 02: +0,1693616400
0.03,2,Sep 02 2023 03: +0,1693620000
0.03,21,Sep 02 2023 04: +0,1693623600
0.03,3,Sep 02 2023 05: +0,1693627200
0.03,1,Sep 02 2023 06: +0,1693630800
0.03,3,Sep 02 2023 07: +0,1693634400
0.03,1,Sep 02 2023 08: +0,1693638000
0.03,2,Sep 02 2023 09: +0,1693641600
0.03,4,Sep 02 2023 10: +0,1693645200
0.03,4,Sep 02 2023 11: +0,1693648800
0.03,13,Sep 02 2023 12: +0,1693652400
0.03,1,Sep 02 2023 13: +0,1693656000
0.03,2,Sep 02 2023 19: +0,1693677600
0.03,5,Sep 02 2023 20: +0,1693681200
0.03,4,Sep 02 2023 21: +0,1693684800
0.03,1,Sep 02 2023 22: +0,1693688400
0.03,1,Sep 02 2023 23: +0,1693692000
0.03,10,Sep 03 2023 00: +0,1693695600
0.03,4,Sep 03 2023 01: +0,1693699200
0.03,2,Sep 03 2023 02: +0,1693702800
0.03,3,Sep 03 2023 03: +0,1693706400
0.03,4,Sep 03 2023 04: +0,1693710000
0.03,1,Sep 03 2023 05: +0,1693713600
0.03,2,Sep 03 2023 06: +0,1693717200
0.03,3,Sep 03 2023 07: +0,1693720800
0.03,2,Sep 03 2023 08: +0,1693724400
0.03,1,Sep 03 2023 09: +0,1693728000
0.03,9,Sep 03 2023 10: +0,1693731600
0.03,3,Sep 03 2023 11: +0,1693735200
0.03,6,Sep 03 2023 12: +0,1693738800
0.03,2,Sep 03 2023 13: +0,1693742400
0.03,1,Sep 03 2023 16: +0,1693753200
0.03,10,Sep 03 2023 17: +0,1693756800
0.03,19,Sep 03 2023 18: +0,1693760400
0.03,12,Sep 03 2023 19: +0,1693764000
0.03,6,Sep 03 2023 20: +0,1693767600
0.03,6,Sep 03 2023 21: +0,1693771200
0.03,4,Sep 03 2023 22: +0,1693774800
0.03,2,Sep 03 2023 23: +0,1693778400
0.03,1,Sep 04 2023 00: +0,1693782000
0.03,4,Sep 04 2023 01: +0,1693785600
0.03,19,Sep 04 2023 02: +0,1693789200
0.03,8,Sep 04 2023 03: +0,1693792800
0.03,2,Sep 04 2023 04: +0,1693796400
0.03,1,Sep 04 2023 05: +0,1693800000
0.03,2,Sep 04 2023 06: +0,1693803600
0.03,5,Sep 04 2023 07: +0,1693807200
0.03,5,Sep 04 2023 08: +0,1693810800
0.03,5,Sep 04 2023 09: +0,1693814400
0.03,7,Sep 04 2023 10: +0,1693818000
0.03,6,Sep 04 2023 11: +0,1693821600
0.03,4,Sep 04 2023 12: +0,1693825200
0.03,4,Sep 04 2023 13: +0,1693828800
0.03,6,Sep 04 2023 14: +0,1693832400
0.03,2,Sep 04 2023 15: +0,1693836000
0.03,2,Sep 04 2023 16: +0,1693839600
0.03,8,Sep 04 2023 17: +0,1693843200
0.03,7,Sep 04 2023 18: +0,1693846800
0.03,2,Sep 04 2023 19: +0,1693850400
0.03,7,Sep 04 2023 20: +0,1693854000
0.03,5,Sep 04 2023 21: +0,1693857600
0.03,8,Sep 04 2023 22: +0,1693861200
0.03,1,Sep 04 2023 23: +0,1693864800
0.03,1,Sep 05 2023 00: +0,1693868400
0.03,3,Sep 05 2023 01: +0,1693872000
0.03,3,Sep 05 2023 02: +0,1693875600
0.03,5,Sep 05 2023 03: +0,1693879200
0.03,4,Sep 05 2023 04: +0,1693882800
0.03,2,Sep 05 2023 05: +0,1693886400
0.03,4,Sep 05 2023 06: +0,1693890000
0.03,6,Sep 05 2023 07: +0,1693893600
0.03,1,Sep 05 2023 08: +0,1693897200
0.03,5,Sep 05 2023 09: +0,1693900800
0.03,1,Sep 05 2023 10: +0,1693904400
0.03,7,Sep 05 2023 11: +0,1693908000
0.03,3,Sep 05 2023 12: +0,1693911600
0.03,3,Sep 05 2023 13: +0,1693915200
0.03,2,Sep 05 2023 14: +0,1693918800
0.03,1,Sep 05 2023 15: +0,1693922400
0.03,6,Sep 05 2023 16: +0,1693926000
0.03,3,Sep 05 2023 17: +0,1693929600
0.03,3,Sep 05 2023 18: +0,1693933200
0.03,3,Sep 05 2023 19: +0,1693936800
0.03,64,Sep 05 2023 20: +0,1693940400
0.03,1,Sep 05 2023 22: +0,1693947600
0.03,8,Sep 05 2023 23: +0,1693951200
0.03,8,Sep 06 2023 00: +0,1693954800
0.03,5,Sep 06 2023 01: +0,1693958400
0.03,2,Sep 06 2023 02: +0,1693962000
0.03,2,Sep 06 2023 03: +0,1693965600
0.03,3,Sep 06 2023 04: +0,1693969200
0.03,63,Sep 06 2023 05: +0,1693972800
0.03,1,Sep 06 2023 06: +0,1693976400
0.03,3,Sep 06 2023 07: +0,1693980000
0.03,4,Sep 06 2023 08: +0,1693983600
0.03,1,Sep 06 2023 09: +0,1693987200
0.03,60,Sep 06 2023 10: +0,1693990800
0.03,1,Sep 06 2023 11: +0,1693994400
0.03,2,Sep 06 2023 12: +0,1693998000
0.03,3,Sep 06 2023 13: +0,1694001600
0.03,17,Sep 06 2023 14: +0,1694005200
0.03,2,Sep 06 2023 15: +0,1694008800
0.03,5,Sep 06 2023 16: +0,1694012400
0.03,4,Sep 06 2023 17: +0,1694016000
0.03,7,Sep 06 2023 18: +0,1694019600
0.03,6,Sep 06 2023 19: +0,1694023200
0.03,6,Sep 06 2023 20: +0,1694026800
0.03,6,Sep 06 2023 21: +0,1694030400
0.03,2,Sep 06 2023 22: +0,1694034000
0.03,2,Sep 06 2023 23: +0,1694037600
0.03,2,Sep 07 2023 00: +0,1694041200
0.03,1,Sep 07 2023 03: +0,1694052000
0.03,2,Sep 07 2023 05: +0,1694059200
0.03,6,Sep 07 2023 06: +0,1694062800
0.03,9,Sep 07 2023 07: +0,1694066400
0.03,4,Sep 07 2023 08: +0,1694070000
0.03,9,Sep 07 2023 09: +0,1694073600
0.03,3,Sep 07 2023 10: +0,1694077200
0.03,12,Sep 07 2023 11: +0,1694080800
0.03,4,Sep 07 2023 12: +0,1694084400
0.03,5,Sep 07 2023 13: +0,1694088000
0.03,3,Sep 07 2023 14: +0,1694091600
0.03,4,Sep 07 2023 15: +0,1694095200
0.03,7,Sep 07 2023 16: +0,1694098800
0.03,6,Sep 07 2023 17: +0,1694102400
0.03,3,Sep 07 2023 18: +0,1694106000
0.03,5,Sep 07 2023 19: +0,1694109600
0.03,13,Sep 07 2023 20: +0,1694113200
0.03,7,Sep 07 2023 21: +0,1694116800
0.03,13,Sep 07 2023 22: +0,1694120400
0.03,2,Sep 07 2023 23: +0,1694124000
0.03,1,Sep 08 2023 00: +0,1694127600
0.03,4,Sep 08 2023 01: +0,1694131200
0.03,43,Sep 08 2023 02: +0,1694134800
0.03,3,Sep 08 2023 05: +0,1694145600
0.03,1,Sep 08 2023 06: +0,1694149200
0.03,4,Sep 08 2023 07: +0,1694152800
0.03,4,Sep 08 2023 08: +0,1694156400
0.03,6,Sep 08 2023 09: +0,1694160000
0.03,3,Sep 08 2023 11: +0,1694167200
0.03,11,Sep 08 2023 12: +0,1694170800
0.03,12,Sep 08 2023 13: +0,1694174400
0.03,5,Sep 08 2023 14: +0,1694178000
0.03,3,Sep 08 2023 15: +0,1694181600
0.03,4,Sep 08 2023 16: +0,1694185200
0.03,6,Sep 08 2023 17: +0,1694188800
0.03,4,Sep 08 2023 18: +0,1694192400
0.03,40,Sep 08 2023 19: +0,1694196000
0.03,6,Sep 08 2023 20: +0,1694199600
0.03,9,Sep 08 2023 21: +0,1694203200
0.03,4,Sep 08 2023 22: +0,1694206800
0.03,4,Sep 08 2023 23: +0,1694210400
0.03,4,Sep 09 2023 00: +0,1694214000
0.03,3,Sep 09 2023 03: +0,1694224800
0.03,4,Sep 09 2023 04: +0,1694228400
0.03,3,Sep 09 2023 05: +0,1694232000
0.03,1,Sep 09 2023 06: +0,1694235600
0.03,5,Sep 09 2023 07: +0,1694239200
0.03,6,Sep 09 2023 08: +0,1694242800
0.03,3,Sep 09 2023 09: +0,1694246400
0.03,10,Sep 09 2023 10: +0,1694250000
0.03,5,Sep 09 2023 11: +0,1694253600
0.03,3,Sep 09 2023 13: +0,1694260800
0.03,2,Sep 09 2023 14: +0,1694264400
0.03,8,Sep 09 2023 15: +0,1694268000
0.03,5,Sep 09 2023 16: +0,1694271600
0.03,2,Sep 09 2023 17: +0,1694275200
0.03,5,Sep 09 2023 18: +0,1694278800
0.03,15,Sep 09 2023 19: +0,1694282400
0.03,4,Sep 09 2023 20: +0,1694286000
0.03,9,Sep 09 2023 21: +0,1694289600
0.03,11,Sep 09 2023 22: +0,1694293200
0.03,3,Sep 09 2023 23: +0,1694296800
0.03,10,Sep 10 2023 00: +0,1694300400
0.03,1,Sep 10 2023 01: +0,1694304000
0.03,5,Sep 10 2023 02: +0,1694307600
0.03,7,Sep 10 2023 03: +0,1694311200
0.03,3,Sep 10 2023 04: +0,1694314800
0.03,2,Sep 10 2023 05: +0,1694318400
0.03,4,Sep 10 2023 06: +0,1694322000
0.03,6,Sep 10 2023 07: +0,1694325600
0.03,20,Sep 10 2023 08: +0,1694329200
0.03,2,Sep 10 2023 09: +0,1694332800
0.03,5,Sep 10 2023 10: +0,1694336400
0.03,7,Sep 10 2023 11: +0,1694340000
0.03,7,Sep 10 2023 12: +0,1694343600
0.03,3,Sep 10 2023 13: +0,1694347200
0.03,9,Sep 10 2023 14: +0,1694350800
0.03,5,Sep 10 2023 16: +0,1694358000
0.03,12,Sep 10 2023 17: +0,1694361600
0.03,11,Sep 10 2023 18: +0,1694365200
0.03,18,Sep 10 2023 19: +0,1694368800
0.03,6,Sep 10 2023 20: +0,1694372400
0.03,19,Sep 10 2023 21: +0,1694376000
0.03,5,Sep 10 2023 22: +0,1694379600
0.03,1,Sep 10 2023 23: +0,1694383200
0.03,6,Sep 11 2023 00: +0,1694386800
0.03,5,Sep 11 2023 02: +0,1694394000
0.03,2,Sep 11 2023 03: +0,1694397600
0.03,4,Sep 11 2023 05: +0,1694404800
0.03,5,Sep 11 2023 06: +0,1694408400
0.03,8,Sep 11 2023 07: +0,1694412000
0.03,2,Sep 11 2023 08: +0,1694415600
0.03,7,Sep 11 2023 09: +0,1694419200
0.03,3,Sep 11 2023 10: +0,1694422800
0.03,2,Sep 11 2023 11: +0,1694426400
0.03,3,Sep 11 2023 12: +0,1694430000
0.03,7,Sep 11 2023 13: +0,1694433600
0.03,7,Sep 11 2023 14: +0,1694437200
0.03,6,Sep 11 2023 15: +0,1694440800
0.03,3,Sep 11 2023 16: +0,1694444400
0.03,11,Sep 11 2023 17: +0,1694448000
0.03,6,Sep 11 2023 18: +0,1694451600
0.03,11,Sep 11 2023 19: +0,1694455200
0.03,5,Sep 11 2023 20: +0,1694458800
0.03,3,Sep 11 2023 21: +0,1694462400
0.03,9,Sep 11 2023 22: +0,1694466000
0.03,3,Sep 11 2023 23: +0,1694469600
0.03,5,Sep 12 2023 00: +0,1694473200
0.03,4,Sep 12 2023 01: +0,1694476800
0.03,3,Sep 12 2023 02: +0,1694480400
0.03,2,Sep 12 2023 03: +0,1694484000
0.03,5,Sep 12 2023 04: +0,1694487600
0.03,3,Sep 12 2023 05: +0,1694491200
0.03,2,Sep 12 2023 06: +0,1694494800
0.03,3,Sep 12 2023 07: +0,1694498400
0.03,4,Sep 12 2023 08: +0,1694502000
0.03,4,Sep 12 2023 09: +0,1694505600
0.03,6,Sep 12 2023 10: +0,1694509200
0.03,2,Sep 12 2023 11: +0,1694512800
0.03,8,Sep 12 2023 12: +0,1694516400
0.03,8,Sep 12 2023 13: +0,1694520000
0.03,4,Sep 12 2023 14: +0,1694523600
0.03,5,Sep 12 2023 15: +0,1694527200
0.03,5,Sep 12 2023 16: +0,1694530800
0.03,6,Sep 12 2023 17: +0,1694534400
0.03,6,Sep 12 2023 18: +0,1694538000
0.03,3,Sep 12 2023 20: +0,1694545200
0.03,6,Sep 12 2023 21: +0,1694548800
0.03,4,Sep 12 2023 22: +0,1694552400
0.03,5,Sep 12 2023 23: +0,1694556000
0.03,2,Sep 13 2023 00: +0,1694559600
0.03,1,Sep 13 2023 01: +0,1694563200
0.03,1,Sep 13 2023 02: +0,1694566800
0.03,5,Sep 13 2023 03: +0,1694570400
0.03,3,Sep 13 2023 04: +0,1694574000
0.03,3,Sep 13 2023 05: +0,1694577600
0.03,2,Sep 13 2023 06: +0,1694581200
0.03,4,Sep 13 2023 07: +0,1694584800
0.03,3,Sep 13 2023 08: +0,1694588400
0.03,4,Sep 13 2023 09: +0,1694592000
0.03,7,Sep 13 2023 10: +0,1694595600
0.03,6,Sep 13 2023 11: +0,1694599200
0.03,8,Sep 13 2023 12: +0,1694602800
0.03,12,Sep 13 2023 13: +0,1694606400
0.03,10,Sep 13 2023 14: +0,1694610000
0.03,8,Sep 13 2023 15: +0,1694613600
0.03,13,Sep 13 2023 16: +0,1694617200
0.03,6,Sep 13 2023 17: +0,1694620800
0.03,5,Sep 13 2023 18: +0,1694624400
0.03,6,Sep 13 2023 19: +0,1694628000
0.03,12,Sep 13 2023 20: +0,1694631600
0.03,5,Sep 13 2023 21: +0,1694635200
0.03,14,Sep 13 2023 22: +0,1694638800
0.03,4,Sep 13 2023 23: +0,1694642400
0.03,6,Sep 14 2023 00: +0,1694646000
0.03,13,Sep 14 2023 01: +0,1694649600
0.03,1,Sep 14 2023 02: +0,1694653200
0.03,2,Sep 14 2023 03: +0,1694656800
0.03,2,Sep 14 2023 04: +0,1694660400
0.03,7,Sep 14 2023 06: +0,1694667600
0.03,3,Sep 14 2023 07: +0,1694671200
0.03,3,Sep 14 2023 08: +0,1694674800
0.03,9,Sep 14 2023 09: +0,1694678400
0.03,4,Sep 14 2023 10: +0,1694682000
0.03,3,Sep 14 2023 11: +0,1694685600
0.03,5,Sep 14 2023 12: +0,1694689200
0.03,2,Sep 14 2023 13: +0,1694692800
0.03,11,Sep 14 2023 14: +0,1694696400
0.03,10,Sep 14 2023 15: +0,1694700000
0.03,8,Sep 14 2023 16: +0,1694703600
0.03,13,Sep 14 2023 17: +0,1694707200
0.03,6,Sep 14 2023 18: +0,1694710800
0.03,7,Sep 14 2023 19: +0,1694714400
0.03,6,Sep 14 2023 20: +0,1694718000
0.03,2,Sep 14 2023 21: +0,1694721600
0.03,3,Sep 14 2023 22: +0,1694725200
0.03,3,Sep 14 2023 23: +0,1694728800
0.03,1,Sep 15 2023 00: +0,1694732400
0.03,1,Sep 15 2023 01: +0,1694736000
0.03,3,Sep 15 2023 02: +0,1694739600
0.03,1,Sep 15 2023 04: +0,1694746800
0.03,3,Sep 15 2023 05: +0,1694750400
0.03,3,Sep 15 2023 06: +0,1694754000
0.03,29,Sep 15 2023 08: +0,1694761200
0.03,5,Sep 15 2023 09: +0,1694764800
0.03,3,Sep 15 2023 10: +0,1694768400
0.03,8,Sep 15 2023 11: +0,1694772000
0.03,2,Sep 15 2023 12: +0,1694775600
0.03,25,Sep 15 2023 13: +0,1694779200
0.03,3,Sep 15 2023 14: +0,1694782800
0.03,5,Sep 15 2023 15: +0,1694786400
0.03,6,Sep 15 2023 16: +0,1694790000
0.03,16,Sep 15 2023 17: +0,1694793600
0.03,2,Sep 15 2023 18: +0,1694797200
0.03,11,Sep 15 2023 19: +0,1694800800
0.03,2,Sep 15 2023 20: +0,1694804400
0.03,2,Sep 15 2023 21: +0,1694808000
0.03,10,Sep 15 2023 22: +0,1694811600
0.03,5,Sep 15 2023 23: +0,1694815200
0.03,5,Sep 16 2023 00: +0,1694818800
0.03,5,Sep 16 2023 01: +0,1694822400
0.03,3,Sep 16 2023 02: +0,1694826000
0.03,3,Sep 16 2023 03: +0,1694829600
0.03,1,Sep 16 2023 04: +0,1694833200
0.03,4,Sep 16 2023 06: +0,1694840400
0.03,5,Sep 16 2023 07: +0,1694844000
0.03,2,Sep 16 2023 08: +0,1694847600
0.03,8,Sep 16 2023 09: +0,1694851200
0.03,7,Sep 16 2023 10: +0,1694854800
0.03,12,Sep 16 2023 11: +0,1694858400
0.03,13,Sep 16 2023 12: +0,1694862000
0.03,7,Sep 16 2023 13: +0,1694865600
0.03,2,Sep 16 2023 14: +0,1694869200
0.03,5,Sep 16 2023 15: +0,1694872800
0.03,18,Sep 16 2023 16: +0,1694876400
0.03,3,Sep 16 2023 17: +0,1694880000
0.03,27,Sep 16 2023 18: +0,1694883600
0.03,8,Sep 16 2023 19: +0,1694887200
0.03,14,Sep 16 2023 20: +0,1694890800
0.03,6,Sep 16 2023 21: +0,1694894400
0.03,4,Sep 16 2023 22: +0,1694898000
0.03,7,Sep 16 2023 23: +0,1694901600
0.03,3,Sep 17 2023 00: +0,1694905200
0.03,5,Sep 17 2023 01: +0,1694908800
0.03,4,Sep 17 2023 02: +0,1694912400
0.03,6,Sep 17 2023 04: +0,1694919600
0.03,7,Sep 17 2023 05: +0,1694923200
0.03,1,Sep 17 2023 06: +0,1694926800
0.03,3,Sep 17 2023 07: +0,1694930400
0.03,6,Sep 17 2023 08: +0,1694934000
0.03,6,Sep 17 2023 09: +0,1694937600
0.03,11,Sep 17 2023 10: +0,1694941200
0.03,13,Sep 17 2023 11: +0,1694944800
0.03,3,Sep 17 2023 12: +0,1694948400
0.03,5,Sep 17 2023 13: +0,1694952000
0.03,5,Sep 17 2023 14: +0,1694955600
0.03,2,Sep 17 2023 15: +0,1694959200
0.03,7,Sep 17 2023 16: +0,1694962800
0.03,6,Sep 17 2023 17: +0,1694966400
0.03,2,Sep 17 2023 18: +0,1694970000
0.03,7,Sep 17 2023 19: +0,1694973600
0.03,4,Sep 17 2023 20: +0,1694977200
0.03,7,Sep 17 2023 21: +0,1694980800
0.03,3,Sep 17 2023 22: +0,1694984400
0.03,1,Sep 17 2023 23: +0,1694988000
0.03,1,Sep 18 2023 00: +0,1694991600
0.03,2,Sep 18 2023 02: +0,1694998800
0.03,6,Sep 18 2023 03: +0,1695002400
0.03,3,Sep 18 2023 04: +0,1695006000
0.03,3,Sep 18 2023 05: +0,1695009600
0.03,7,Sep 18 2023 06: +0,1695013200
0.03,4,Sep 18 2023 07: +0,1695016800
0.03,6,Sep 18 2023 08: +0,1695020400
0.03,5,Sep 18 2023 09: +0,1695024000
0.03,7,Sep 18 2023 10: +0,1695027600
0.03,11,Sep 18 2023 11: +0,1695031200
0.03,7,Sep 18 2023 12: +0,1695034800
0.03,3,Sep 18 2023 13: +0,1695038400
0.03,8,Sep 18 2023 14: +0,1695042000
0.03,9,Sep 18 2023 15: +0,1695045600
0.03,7,Sep 18 2023 16: +0,1695049200
0.03,3,Sep 18 2023 17: +0,1695052800
0.03,5,Sep 18 2023 18: +0,1695056400
0.03,10,Sep 18 2023 19: +0,1695060000
0.03,8,Sep 18 2023 20: +0,1695063600
0.03,4,Sep 18 2023 21: +0,1695067200
0.03,2,Sep 18 2023 22: +0,1695070800
0.03,3,Sep 18 2023 23: +0,1695074400
0.03,2,Sep 19 2023 00: +0,1695078000
0.03,1,Sep 19 2023 01: +0,1695081600
0.03,3,Sep 19 2023 02: +0,1695085200
0.03,4,Sep 19 2023 04: +0,1695092400
0.03,1,Sep 19 2023 05: +0,1695096000
0.03,1,Sep 19 2023 06: +0,1695099600
0.03,3,Sep 19 2023 07: +0,1695103200
0.03,8,Sep 19 2023 08: +0,1695106800
0.03,2,Sep 19 2023 09: +0,1695110400
0.03,2,Sep 19 2023 10: +0,1695114000
0.03,23,Sep 19 2023 11: +0,1695117600
0.03,6,Sep 19 2023 12: +0,1695121200
0.03,8,Sep 19 2023 13: +0,1695124800
0.03,2,Sep 19 2023 14: +0,1695128400
0.03,6,Sep 19 2023 15: +0,1695132000
0.03,2,Sep 19 2023 16: +0,1695135600
0.03,6,Sep 19 2023 17: +0,1695139200
0.03,13,Sep 19 2023 18: +0,1695142800
0.03,10,Sep 19 2023 19: +0,1695146400
0.03,7,Sep 19 2023 20: +0,1695150000
0.03,5,Sep 19 2023 21: +0,1695153600
0.03,1,Sep 19 2023 22: +0,1695157200
0.03,7,Sep 19 2023 23: +0,1695160800
0.03,1,Sep 20 2023 00: +0,1695164400
0.03,1,Sep 20 2023 01: +0,1695168000
0.03,3,Sep 20 2023 02: +0,1695171600
0.03,3,Sep 20 2023 03: +0,1695175200
0.03,3,Sep 20 2023 04: +0,1695178800
0.03,1,Sep 20 2023 05: +0,1695182400
0.03,5,Sep 20 2023 06: +0,1695186000
0.03,9,Sep 20 2023 07: +0,1695189600
0.03,18,Sep 20 2023 08: +0,1695193200
0.03,4,Sep 20 2023 09: +0,1695196800
0.03,3,Sep 20 2023 10: +0,1695200400
0.03,8,Sep 20 2023 11: +0,1695204000
0.03,5,Sep 20 2023 12: +0,1695207600
0.03,2,Sep 20 2023 13: +0,1695211200
0.03,16,Sep 20 2023 14: +0,1695214800
0.03,6,Sep 20 2023 15: +0,1695218400
0.03,5,Sep 20 2023 16: +0,1695222000
0.03,4,Sep 20 2023 17: +0,1695225600
0.03,3,Sep 20 2023 18: +0,1695229200
0.03,3,Sep 20 2023 19: +0,1695232800
0.03,2,Sep 20 2023 20: +0,1695236400
0.03,4,Sep 20 2023 21: +0,1695240000
0.03,2,Sep 20 2023 22: +0,1695243600
0.03,102,Sep 20 2023 23: +0,1695247200
0.03,2,Sep 21 2023 02: +0,1695258000
0.03,1,Sep 21 2023 03: +0,1695261600
0.03,1,Sep 21 2023 04: +0,1695265200
0.03,2,Sep 21 2023 05: +0,1695268800
0.03,2,Sep 21 2023 06: +0,1695272400
0.03,2,Sep 21 2023 07: +0,1695276000
0.03,4,Sep 21 2023 08: +0,1695279600
0.03,9,Sep 21 2023 09: +0,1695283200
0.03,4,Sep 21 2023 10: +0,1695286800
0.03,2,Sep 21 2023 11: +0,1695290400
0.03,9,Sep 21 2023 12: +0,1695294000
0.03,3,Sep 21 2023 13: +0,1695297600
0.03,4,Sep 21 2023 14: +0,1695301200
0.03,13,Sep 21 2023 15: +0,1695304800
0.03,8,Sep 21 2023 16: +0,1695308400
0.03,9,Sep 21 2023 17: +0,1695312000
0.03,12,Sep 21 2023 18: +0,1695315600
0.03,8,Sep 21 2023 19: +0,1695319200
0.03,2,Sep 21 2023 20: +0,1695322800
0.03,7,Sep 21 2023 21: +0,1695326400
0.03,2,Sep 21 2023 22: +0,1695330000
0.03,1,Sep 22 2023 02: +0,1695344400
0.03,1,Sep 22 2023 03: +0,1695348000
0.03,2,Sep 22 2023 04: +0,1695351600
0.03,10,Sep 22 2023 05: +0,1695355200
0.03,2,Sep 22 2023 06: +0,1695358800
0.03,1,Sep 22 2023 07: +0,1695362400
0.03,2,Sep 22 2023 08: +0,1695366000
0.03,2,Sep 22 2023 10: +0,1695373200
0.03,2,Sep 22 2023 11: +0,1695376800
0.03,4,Sep 22 2023 12: +0,1695380400
0.03,3,Sep 22 2023 13: +0,1695384000
0.03,2,Sep 22 2023 14: +0,1695387600
0.03,3,Sep 22 2023 15: +0,1695391200
0.03,5,Sep 22 2023 16: +0,1695394800
0.03,3,Sep 22 2023 17: +0,1695398400
0.03,4,Sep 22 2023 18: +0,1695402000
0.03,8,Sep 22 2023 19: +0,1695405600
0.03,2,Sep 22 2023 20: +0,1695409200
0.03,7,Sep 22 2023 21: +0,1695412800
0.03,4,Sep 22 2023 22: +0,1695416400
0.03,9,Sep 22 2023 23: +0,1695420000
0.03,2,Sep 23 2023 00: +0,1695423600
0.03,2,Sep 23 2023 01: +0,1695427200
0.03,3,Sep 23 2023 02: +0,1695430800
0.03,3,Sep 23 2023 03: +0,1695434400
0.03,1,Sep 23 2023 04: +0,1695438000
0.03,2,Sep 23 2023 05: +0,1695441600
0.03,5,Sep 23 2023 06: +0,1695445200
0.03,1,Sep 23 2023 07: +0,1695448800
0.03,6,Sep 23 2023 08: +0,1695452400
0.03,4,Sep 23 2023 09: +0,1695456000
0.03,1,Sep 23 2023 10: +0,1695459600
0.03,4,Sep 23 2023 11: +0,1695463200
0.03,1,Sep 23 2023 12: +0,1695466800
0.03,3,Sep 23 2023 13: +0,1695470400
0.03,9,Sep 23 2023 14: +0,1695474000
0.03,5,Sep 23 2023 15: +0,1695477600
0.03,6,Sep 23 2023 16: +0,1695481200
0.03,6,Sep 23 2023 17: +0,1695484800
0.03,6,Sep 23 2023 18: +0,1695488400
0.03,4,Sep 23 2023 19: +0,1695492000
0.03,1,Sep 23 2023 20: +0,1695495600
0.03,13,Sep 23 2023 21: +0,1695499200
0.03,3,Sep 23 2023 22: +0,1695502800
0.03,3,Sep 23 2023 23: +0,1695506400
0.03,14,Sep 24 2023 00: +0,1695510000
0.03,1,Sep 24 2023 01: +0,1695513600
0.03,1,Sep 24 2023 02: +0,1695517200
0.03,10,Sep 24 2023 03: +0,1695520800
0.03,1,Sep 24 2023 04: +0,1695524400
0.03,1,Sep 24 2023 05: +0,1695528000
0.03,2,Sep 24 2023 06: +0,1695531600
0.03,6,Sep 24 2023 07: +0,1695535200
0.03,17,Sep 24 2023 08: +0,1695538800
0.03,22,Sep 24 2023 09: +0,1695542400
0.03,3,Sep 24 2023 10: +0,1695546000
0.03,2,Sep 24 2023 11: +0,1695549600
0.03,4,Sep 24 2023 12: +0,1695553200
0.03,5,Sep 24 2023 13: +0,1695556800
0.03,5,Sep 24 2023 14: +0,1695560400
0.03,33,Sep 24 2023 15: +0,1695564000
0.03,3,Sep 24 2023 16: +0,1695567600
0.03,7,Sep 24 2023 17: +0,1695571200
0.03,58,Sep 24 2023 18: +0,1695574800
0.03,102,Sep 24 2023 19: +0,1695578400
0.03,7,Sep 24 2023 20: +0,1695582000
0.03,1,Sep 24 2023 21: +0,1695585600
0.03,3,Sep 24 2023 23: +0,1695592800
0.03,10,Sep 25 2023 00: +0,1695596400
0.03,20,Sep 25 2023 03: +0,1695607200
0.03,2,Sep 25 2023 04: +0,1695610800
0.03,1,Sep 25 2023 05: +0,1695614400
0.03,2,Sep 25 2023 06: +0,1695618000
0.03,2,Sep 25 2023 07: +0,1695621600
0.03,3,Sep 25 2023 08: +0,1695625200
0.03,7,Sep 25 2023 09: +0,1695628800
0.03,13,Sep 25 2023 10: +0,1695632400
0.03,1,Sep 25 2023 11: +0,1695636000
0.03,2,Sep 25 2023 12: +0,1695639600
0.03,13,Sep 25 2023 13: +0,1695643200
0.03,7,Sep 25 2023 14: +0,1695646800
0.03,6,Sep 25 2023 15: +0,1695650400
0.03,7,Sep 25 2023 16: +0,1695654000
0.03,7,Sep 25 2023 17: +0,1695657600
0.03,5,Sep 25 2023 18: +0,1695661200
0.03,4,Sep 25 2023 19: +0,1695664800
0.03,55,Sep 25 2023 20: +0,1695668400
0.03,8,Sep 25 2023 21: +0,1695672000
0.03,3,Sep 25 2023 22: +0,1695675600
0.03,6,Sep 25 2023 23: +0,1695679200
0.03,6,Sep 26 2023 00: +0,1695682800
0.03,2,Sep 26 2023 01: +0,1695686400
0.03,5,Sep 26 2023 02: +0,1695690000
0.03,1,Sep 26 2023 03: +0,1695693600
0.03,1,Sep 26 2023 04: +0,1695697200
0.03,2,Sep 26 2023 05: +0,1695700800
0.03,1,Sep 26 2023 06: +0,1695704400
0.03,4,Sep 26 2023 07: +0,1695708000
0.03,5,Sep 26 2023 08: +0,1695711600
0.03,5,Sep 26 2023 09: +0,1695715200
0.03,9,Sep 26 2023 11: +0,1695722400
0.03,6,Sep 26 2023 12: +0,1695726000
0.03,7,Sep 26 2023 13: +0,1695729600
0.03,2,Sep 26 2023 14: +0,1695733200
0.03,3,Sep 26 2023 15: +0,1695736800
0.03,2,Sep 26 2023 16: +0,1695740400
0.03,1,Sep 26 2023 17: +0,1695744000
0.03,3,Sep 26 2023 18: +0,1695747600
0.03,10,Sep 26 2023 19: +0,1695751200
0.03,2,Sep 26 2023 20: +0,1695754800
0.03,4,Sep 26 2023 21: +0,1695758400
0.03,6,Sep 26 2023 22: +0,1695762000
0.03,1,Sep 26 2023 23: +0,1695765600
0.03,5,Sep 27 2023 00: +0,1695769200
0.03,2,Sep 27 2023 01: +0,1695772800
0.03,2,Sep 27 2023 02: +0,1695776400
0.03,6,Sep 27 2023 03: +0,1695780000
0.03,17,Sep 27 2023 04: +0,1695783600
0.03,1,Sep 27 2023 05: +0,1695787200
0.03,1,Sep 27 2023 06: +0,1695790800
0.03,3,Sep 27 2023 07: +0,1695794400
0.03,7,Sep 27 2023 08: +0,1695798000
0.03,3,Sep 27 2023 09: +0,1695801600
0.03,6,Sep 27 2023 10: +0,1695805200
0.03,1,Sep 27 2023 12: +0,1695812400
0.03,36,Sep 27 2023 13: +0,1695816000
0.03,2,Sep 27 2023 14: +0,1695819600
0.03,3,Sep 27 2023 15: +0,1695823200
0.03,17,Sep 27 2023 16: +0,1695826800
0.03,29,Sep 27 2023 17: +0,1695830400
0.03,10,Sep 27 2023 18: +0,1695834000
0.03,1,Sep 27 2023 19: +0,1695837600
0.03,3,Sep 27 2023 20: +0,1695841200
0.03,1,Sep 27 2023 21: +0,1695844800
0.03,9,Sep 27 2023 22: +0,1695848400
0.03,15,Sep 27 2023 23: +0,1695852000
0.03,55,Sep 28 2023 00: +0,1695855600
0.03,9,Sep 28 2023 01: +0,1695859200
0.03,7,Sep 28 2023 02: +0,1695862800
0.03,4,Sep 28 2023 03: +0,1695866400
0.03,1,Sep 28 2023 04: +0,1695870000
0.03,2,Sep 28 2023 05: +0,1695873600
0.03,2,Sep 28 2023 06: +0,1695877200
0.03,36,Sep 28 2023 07: +0,1695880800
0.03,4,Sep 28 2023 08: +0,1695884400
0.03,8,Sep 28 2023 09: +0,1695888000
0.03,4,Sep 28 2023 10: +0,1695891600
0.03,6,Sep 28 2023 11: +0,1695895200
0.03,14,Sep 28 2023 12: +0,1695898800
0.03,6,Sep 28 2023 13: +0,1695902400
0.03,1,Sep 28 2023 14: +0,1695906000
0.03,1,Sep 28 2023 15: +0,1695909600
0.03,1,Sep 28 2023 16: +0,1695913200
0.03,2,Sep 28 2023 18: +0,1695920400
0.03,3,Sep 28 2023 19: +0,1695924000
0.03,3,Sep 28 2023 20: +0,1695927600
0.03,15,Sep 28 2023 21: +0,1695931200
0.03,2,Sep 28 2023 22: +0,1695934800
0.03,2,Sep 28 2023 23: +0,1695938400
0.03,2,Sep 29 2023 00: +0,1695942000
0.03,2,Sep 29 2023 01: +0,1695945600
0.03,6,Sep 29 2023 02: +0,1695949200
0.03,3,Sep 29 2023 03: +0,1695952800
0.03,4,Sep 29 2023 04: +0,1695956400
0.03,3,Sep 29 2023 05: +0,1695960000
0.03,18,Sep 29 2023 06: +0,1695963600
0.03,3,Sep 29 2023 07: +0,1695967200
0.03,15,Sep 29 2023 08: +0,1695970800
0.03,2,Sep 29 2023 09: +0,1695974400
0.03,10,Sep 29 2023 10: +0,1695978000
0.03,5,Sep 29 2023 11: +0,1695981600
0.03,4,Sep 29 2023 12: +0,1695985200
0.03,5,Sep 29 2023 13: +0,1695988800
0.03,12,Sep 29 2023 14: +0,1695992400
0.03,11,Sep 29 2023 15: +0,1695996000
0.03,7,Sep 29 2023 16: +0,1695999600
0.03,1,Sep 29 2023 17: +0,1696003200
0.03,3,Sep 29 2023 18: +0,1696006800
0.03,5,Sep 29 2023 19: +0,1696010400
0.03,1,Sep 29 2023 20: +0,1696014000
0.03,5,Sep 29 2023 21: +0,1696017600
0.03,3,Sep 29 2023 22: +0,1696021200
0.03,5,Sep 29 2023 23: +0,1696024800
0.03,4,Sep 30 2023 00: +0,1696028400
0.03,2,Sep 30 2023 01: +0,1696032000
0.03,4,Sep 30 2023 02: +0,1696035600
0.03,2,Sep 30 2023 03: +0,1696039200
0.03,11,Sep 30 2023 04: +0,1696042800
0.03,5,Sep 30 2023 05: +0,1696046400
0.03,4,Sep 30 2023 06: +0,1696050000
0.03,2,Sep 30 2023 07: +0,1696053600
0.03,2,Sep 30 2023 08: +0,1696057200
0.03,4,Sep 30 2023 09: +0,1696060800
0.03,3,Sep 30 2023 10: +0,1696064400
0.03,3,Sep 30 2023 12: +0,1696071600
0.03,5,Sep 30 2023 13: +0,1696075200
0.03,17,Sep 30 2023 14: +0,1696078800
0.03,4,Sep 30 2023 15: +0,1696082400
0.03,5,Sep 30 2023 16: +0,1696086000
0.03,4,Sep 30 2023 17: +0,1696089600
0.03,2,Sep 30 2023 18: +0,1696093200
0.03,1,Sep 30 2023 19: +0,1696096800
0.03,4,Sep 30 2023 20: +0,1696100400
0.03,10,Sep 30 2023 21: +0,1696104000
0.03,6,Sep 30 2023 22: +0,1696107600
0.03,31,Sep 30 2023 23: +0,1696111200
0.03,13,Oct 01 2023 00: +0,1696114800
0.03,1,Oct 01 2023 01: +0,1696118400
0.03,1,Oct 01 2023 03: +0,1696125600
0.03,2,Oct 01 2023 04: +0,1696129200
0.03,6,Oct 01 2023 05: +0,1696132800
0.03,1,Oct 01 2023 06: +0,1696136400
0.03,6,Oct 01 2023 07: +0,1696140000
0.03,1,Oct 01 2023 08: +0,1696143600
0.03,8,Oct 01 2023 09: +0,1696147200
0.03,2,Oct 01 2023 11: +0,1696154400
0.03,1,Oct 01 2023 12: +0,1696158000
0.03,5,Oct 01 2023 13: +0,1696161600
0.03,9,Oct 01 2023 14: +0,1696165200
0.03,2,Oct 01 2023 15: +0,1696168800
0.03,7,Oct 01 2023 16: +0,1696172400
0.03,7,Oct 01 2023 17: +0,1696176000
0.03,17,Oct 01 2023 18: +0,1696179600
0.03,6,Oct 01 2023 19: +0,1696183200
0.03,9,Oct 01 2023 20: +0,1696186800
0.03,3,Oct 01 2023 21: +0,1696190400
0.03,1,Oct 01 2023 22: +0,1696194000
0.03,4,Oct 02 2023 03: +0,1696212000
0.03,1,Oct 02 2023 04: +0,1696215600
0.03,100,Oct 02 2023 06: +0,1696222800
0.03,6,Oct 02 2023 07: +0,1696226400
0.03,2,Oct 02 2023 08: +0,1696230000
0.03,1,Oct 02 2023 10: +0,1696237200
0.03,1,Oct 02 2023 11: +0,1696240800
0.03,5,Oct 02 2023 12: +0,1696244400
0.03,2,Oct 02 2023 13: +0,1696248000
0.03,2,Oct 02 2023 15: +0,1696255200
0.03,4,Oct 02 2023 16: +0,1696258800
0.03,17,Oct 02 2023 17: +0,1696262400
0.03,2,Oct 02 2023 18: +0,1696266000
0.03,9,Oct 02 2023 19: +0,1696269600
0.03,60,Oct 02 2023 21: +0,1696276800
0.03,1,Oct 02 2023 22: +0,1696280400
0.03,2,Oct 02 2023 23: +0,1696284000
0.03,1,Oct 03 2023 00: +0,1696287600
0.03,3,Oct 03 2023 01: +0,1696291200
0.03,5,Oct 03 2023 03: +0,1696298400
0.03,11,Oct 03 2023 05: +0,1696305600
0.03,1,Oct 03 2023 07: +0,1696312800
0.03,3,Oct 03 2023 09: +0,1696320000
0.03,1,Oct 03 2023 10: +0,1696323600
0.03,3,Oct 03 2023 11: +0,1696327200
0.03,1,Oct 03 2023 12: +0,1696330800
0.03,2,Oct 03 2023 13: +0,1696334400
0.03,1,Oct 03 2023 14: +0,1696338000
0.03,1,Oct 03 2023 15: +0,1696341600
0.03,3,Oct 03 2023 16: +0,1696345200
0.03,4,Oct 03 2023 17: +0,1696348800
0.03,3,Oct 03 2023 18: +0,1696352400
0.03,1,Oct 03 2023 19: +0,1696356000
0.03,3,Oct 03 2023 20: +0,1696359600
0.03,2,Oct 03 2023 21: +0,1696363200
0.03,2,Oct 03 2023 22: +0,1696366800
0.03,3,Oct 03 2023 23: +0,1696370400
0.03,2,Oct 04 2023 00: +0,1696374000
0.03,2,Oct 04 2023 02: +0,1696381200
0.03,1,Oct 04 2023 03: +0,1696384800
0.03,1,Oct 04 2023 04: +0,1696388400
0.03,3,Oct 04 2023 07: +0,1696399200
0.03,4,Oct 04 2023 09: +0,1696406400
0.03,2,Oct 04 2023 10: +0,1696410000
0.03,4,Oct 04 2023 11: +0,1696413600
0.03,3,Oct 04 2023 12: +0,1696417200
0.03,4,Oct 04 2023 13: +0,1696420800
0.03,13,Oct 04 2023 14: +0,1696424400
0.03,6,Oct 04 2023 15: +0,1696428000
0.03,10,Oct 04 2023 16: +0,1696431600
0.03,4,Oct 04 2023 17: +0,1696435200
0.03,9,Oct 04 2023 18: +0,1696438800
0.03,6,Oct 04 2023 19: +0,1696442400
0.03,4,Oct 04 2023 20: +0,1696446000
0.03,2,Oct 04 2023 21: +0,1696449600
0.03,7,Oct 04 2023 22: +0,1696453200
0.03,22,Oct 04 2023 23: +0,1696456800
0.03,2,Oct 05 2023 01: +0,1696464000
0.03,4,Oct 05 2023 02: +0,1696467600
0.03,11,Oct 05 2023 03: +0,1696471200
0.03,1,Oct 05 2023 04: +0,1696474800
0.03,6,Oct 05 2023 05: +0,1696478400
0.03,4,Oct 05 2023 06: +0,1696482000
0.03,1,Oct 05 2023 07: +0,1696485600
0.03,3,Oct 05 2023 08: +0,1696489200
0.03,8,Oct 05 2023 09: +0,1696492800
0.03,8,Oct 05 2023 10: +0,1696496400
0.03,3,Oct 05 2023 11: +0,1696500000
0.03,5,Oct 05 2023 12: +0,1696503600
0.03,1,Oct 05 2023 14: +0,1696510800
0.03,8,Oct 05 2023 15: +0,1696514400
0.03,26,Oct 05 2023 16: +0,1696518000
0.03,2,Oct 05 2023 17: +0,1696521600
0.03,5,Oct 05 2023 18: +0,1696525200
0.03,4,Oct 05 2023 19: +0,1696528800
0.03,3,Oct 05 2023 20: +0,1696532400
0.03,1,Oct 05 2023 21: +0,1696536000
0.03,13,Oct 05 2023 22: +0,1696539600
0.03,3,Oct 06 2023 00: +0,1696546800
0.03,3,Oct 06 2023 01: +0,1696550400
0.03,2,Oct 06 2023 03: +0,1696557600
0.03,1,Oct 06 2023 05: +0,1696564800
0.03,4,Oct 06 2023 06: +0,1696568400
0.03,1,Oct 06 2023 07: +0,1696572000
0.03,1,Oct 06 2023 08: +0,1696575600
0.03,2,Oct 06 2023 09: +0,1696579200
0.03,2,Oct 06 2023 10: +0,1696582800
0.03,6,Oct 06 2023 11: +0,1696586400
0.03,3,Oct 06 2023 12: +0,1696590000
0.03,6,Oct 06 2023 13: +0,1696593600
0.03,5,Oct 06 2023 14: +0,1696597200
0.03,8,Oct 06 2023 15: +0,1696600800
0.03,5,Oct 06 2023 16: +0,1696604400
0.03,24,Oct 06 2023 17: +0,1696608000
0.03,36,Oct 06 2023 18: +0,1696611600
0.03,11,Oct 06 2023 19: +0,1696615200
0.03,3,Oct 06 2023 20: +0,1696618800
0.03,2,Oct 06 2023 22: +0,1696626000
0.03,3,Oct 06 2023 23: +0,1696629600
0.03,7,Oct 07 2023 00: +0,1696633200
0.03,1,Oct 07 2023 02: +0,1696640400
0.03,1,Oct 07 2023 03: +0,1696644000
0.03,2,Oct 07 2023 06: +0,1696654800
0.03,2,Oct 07 2023 07: +0,1696658400
0.03,1,Oct 07 2023 08: +0,1696662000
0.03,3,Oct 07 2023 09: +0,1696665600
0.03,2,Oct 07 2023 10: +0,1696669200
0.03,3,Oct 07 2023 11: +0,1696672800
0.03,2,Oct 07 2023 12: +0,1696676400
0.03,2,Oct 07 2023 13: +0,1696680000
0.03,3,Oct 07 2023 14: +0,1696683600
0.03,4,Oct 07 2023 15: +0,1696687200
0.03,9,Oct 07 2023 16: +0,1696690800
0.03,3,Oct 07 2023 17: +0,1696694400
0.03,16,Oct 07 2023 18: +0,1696698000
0.03,2,Oct 07 2023 19: +0,1696701600
0.03,1,Oct 07 2023 20: +0,1696705200
0.03,1,Oct 07 2023 23: +0,1696716000
0.03,2,Oct 08 2023 00: +0,1696719600
0.03,1,Oct 08 2023 01: +0,1696723200
0.03,2,Oct 08 2023 03: +0,1696730400
0.03,1,Oct 08 2023 06: +0,1696741200
0.03,1,Oct 08 2023 07: +0,1696744800
0.03,1,Oct 08 2023 08: +0,1696748400
0.03,2,Oct 08 2023 09: +0,1696752000
0.03,8,Oct 08 2023 10: +0,1696755600
0.03,2,Oct 08 2023 12: +0,1696762800
0.03,2,Oct 08 2023 13: +0,1696766400
0.03,5,Oct 08 2023 14: +0,1696770000
0.03,206,Oct 08 2023 15: +0,1696773600
0.03,3,Oct 08 2023 17: +0,1696780800
0.03,2,Oct 08 2023 18: +0,1696784400
0.03,2,Oct 08 2023 19: +0,1696788000
0.03,3,Oct 08 2023 20: +0,1696791600
0.03,4,Oct 08 2023 21: +0,1696795200
0.03,1,Oct 08 2023 22: +0,1696798800
0.03,1,Oct 09 2023 00: +0,1696806000
0.03,1,Oct 09 2023 01: +0,1696809600
0.03,2,Oct 09 2023 03: +0,1696816800
0.03,5,Oct 09 2023 05: +0,1696824000
0.03,2,Oct 09 2023 06: +0,1696827600
0.03,2,Oct 09 2023 07: +0,1696831200
0.03,1,Oct 09 2023 08: +0,1696834800
0.03,2,Oct 09 2023 09: +0,1696838400
0.03,2,Oct 09 2023 10: +0,1696842000
0.03,2,Oct 09 2023 11: +0,1696845600
0.03,1,Oct 09 2023 12: +0,1696849200
0.03,5,Oct 09 2023 13: +0,1696852800
0.03,5,Oct 09 2023 14: +0,1696856400
0.03,3,Oct 09 2023 15: +0,1696860000
0.03,2,Oct 09 2023 16: +0,1696863600
0.03,2,Oct 09 2023 17: +0,1696867200
0.03,34,Oct 09 2023 18: +0,1696870800
0.03,2,Oct 09 2023 19: +0,1696874400
0.03,2,Oct 09 2023 20: +0,1696878000
0.03,1,Oct 09 2023 21: +0,1696881600
0.03,1,Oct 09 2023 22: +0,1696885200
0.03,1,Oct 09 2023 23: +0,1696888800
0.03,1,Oct 10 2023 01: +0,1696896000
0.03,1,Oct 10 2023 05: +0,1696910400
0.03,6,Oct 10 2023 06: +0,1696914000
0.03,1,Oct 10 2023 10: +0,1696928400
0.03,1,Oct 10 2023 12: +0,1696935600
0.03,3,Oct 10 2023 13: +0,1696939200
0.03,15,Oct 10 2023 14: +0,1696942800
0.03,3,Oct 10 2023 15: +0,1696946400
0.03,4,Oct 10 2023 16: +0,1696950000
0.03,3,Oct 10 2023 17: +0,1696953600
0.03,3,Oct 10 2023 18: +0,1696957200
0.03,1,Oct 10 2023 19: +0,1696960800
0.03,2,Oct 10 2023 20: +0,1696964400
0.03,2,Oct 10 2023 21: +0,1696968000
0.03,6,Oct 10 2023 22: +0,1696971600
0.03,3,Oct 10 2023 23: +0,1696975200
0.03,2,Oct 11 2023 00: +0,1696978800
0.03,1,Oct 11 2023 04: +0,1696993200
0.03,2,Oct 11 2023 07: +0,1697004000
0.03,1,Oct 11 2023 09: +0,1697011200
0.03,2,Oct 11 2023 10: +0,1697014800
0.03,2,Oct 11 2023 11: +0,1697018400
0.03,11,Oct 11 2023 12: +0,1697022000
0.03,3,Oct 11 2023 13: +0,1697025600
0.03,6,Oct 11 2023 14: +0,1697029200
0.03,6,Oct 11 2023 15: +0,1697032800
0.03,14,Oct 11 2023 16: +0,1697036400
0.03,3,Oct 11 2023 17: +0,1697040000
0.03,6,Oct 11 2023 18: +0,1697043600
0.03,3,Oct 11 2023 19: +0,1697047200
0.03,17,Oct 11 2023 20: +0,1697050800
0.03,5,Oct 11 2023 21: +0,1697054400
0.03,10,Oct 11 2023 22: +0,1697058000
0.03,4,Oct 11 2023 23: +0,1697061600
0.03,1,Oct 12 2023 00: +0,1697065200
0.03,1,Oct 12 2023 01: +0,1697068800
0.03,7,Oct 12 2023 02: +0,1697072400
0.03,3,Oct 12 2023 03: +0,1697076000
0.03,1,Oct 12 2023 06: +0,1697086800
0.03,4,Oct 12 2023 07: +0,1697090400
0.03,3,Oct 12 2023 08: +0,1697094000
0.03,4,Oct 12 2023 10: +0,1697101200
0.03,2,Oct 12 2023 11: +0,1697104800
0.03,4,Oct 12 2023 12: +0,1697108400
0.03,2,Oct 12 2023 14: +0,1697115600
0.03,9,Oct 12 2023 15: +0,1697119200
0.03,3,Oct 12 2023 16: +0,1697122800
0.03,13,Oct 12 2023 17: +0,1697126400
0.03,1,Oct 12 2023 18: +0,1697130000
0.03,1,Oct 12 2023 19: +0,1697133600
0.03,1,Oct 12 2023 20: +0,1697137200
0.03,3,Oct 12 2023 21: +0,1697140800
0.03,4,Oct 12 2023 22: +0,1697144400
0.03,3,Oct 13 2023 00: +0,1697151600
0.03,3,Oct 13 2023 01: +0,1697155200
0.03,3,Oct 13 2023 03: +0,1697162400
0.03,5,Oct 13 2023 04: +0,1697166000
0.03,2,Oct 13 2023 05: +0,1697169600
0.03,3,Oct 13 2023 06: +0,1697173200
0.03,5,Oct 13 2023 08: +0,1697180400
0.03,2,Oct 13 2023 09: +0,1697184000
0.03,4,Oct 13 2023 10: +0,1697187600
0.03,2,Oct 13 2023 11: +0,1697191200
0.03,6,Oct 13 2023 12: +0,1697194800
0.03,1,Oct 13 2023 14: +0,1697202000
0.03,13,Oct 13 2023 15: +0,1697205600
0.03,3,Oct 13 2023 16: +0,1697209200
0.03,47,Oct 13 2023 17: +0,1697212800
0.03,3,Oct 13 2023 18: +0,1697216400
0.03,2,Oct 13 2023 20: +0,1697223600
0.03,29,Oct 13 2023 21: +0,1697227200
0.03,11,Oct 13 2023 22: +0,1697230800
0.03,4,Oct 13 2023 23: +0,1697234400
0.03,5,Oct 14 2023 00: +0,1697238000
0.03,1,Oct 14 2023 01: +0,1697241600
0.03,2,Oct 14 2023 02: +0,1697245200
0.03,1,Oct 14 2023 03: +0,1697248800
0.03,2,Oct 14 2023 04: +0,1697252400
0.03,2,Oct 14 2023 05: +0,1697256000
0.03,1,Oct 14 2023 06: +0,1697259600
0.03,3,Oct 14 2023 07: +0,1697263200
0.03,1,Oct 14 2023 09: +0,1697270400
0.03,1,Oct 14 2023 11: +0,1697277600
0.03,27,Oct 14 2023 12: +0,1697281200
0.03,37,Oct 14 2023 13: +0,1697284800
0.03,110,Oct 14 2023 14: +0,1697288400
0.03,7,Oct 14 2023 16: +0,1697295600
0.03,2,Oct 14 2023 17: +0,1697299200
0.03,2,Oct 14 2023 18: +0,1697302800
0.03,1,Oct 14 2023 19: +0,1697306400
0.03,7,Oct 14 2023 20: +0,1697310000
0.03,4,Oct 14 2023 21: +0,1697313600
0.03,2,Oct 14 2023 22: +0,1697317200
0.03,1,Oct 14 2023 23: +0,1697320800
0.03,1,Oct 15 2023 01: +0,1697328000
0.03,2,Oct 15 2023 02: +0,1697331600
0.03,2,Oct 15 2023 05: +0,1697342400
0.03,5,Oct 15 2023 06: +0,1697346000
0.03,2,Oct 15 2023 07: +0,1697349600
0.03,1,Oct 15 2023 09: +0,1697356800
0.03,5,Oct 15 2023 10: +0,1697360400
0.03,2,Oct 15 2023 11: +0,1697364000
0.03,1,Oct 15 2023 12: +0,1697367600
0.03,1,Oct 15 2023 13: +0,1697371200
0.03,2,Oct 15 2023 14: +0,1697374800
0.03,1,Oct 15 2023 16: +0,1697382000
0.03,1,Oct 15 2023 17: +0,1697385600
0.03,6,Oct 15 2023 18: +0,1697389200
0.03,2,Oct 15 2023 19: +0,1697392800
0.03,3,Oct 15 2023 20: +0,1697396400
0.03,6,Oct 15 2023 21: +0,1697400000
0.03,12,Oct 15 2023 22: +0,1697403600
0.03,4,Oct 15 2023 23: +0,1697407200
0.03,3,Oct 16 2023 00: +0,1697410800
0.03,1,Oct 16 2023 01: +0,1697414400
0.03,2,Oct 16 2023 02: +0,1697418000
0.03,13,Oct 16 2023 03: +0,1697421600
0.03,2,Oct 16 2023 05: +0,1697428800
0.03,2,Oct 16 2023 07: +0,1697436000
0.03,1,Oct 16 2023 11: +0,1697450400
0.03,5,Oct 16 2023 12: +0,1697454000
0.03,2,Oct 16 2023 13: +0,1697457600
0.03,3,Oct 16 2023 14: +0,1697461200
0.03,9,Oct 16 2023 15: +0,1697464800
0.03,3,Oct 16 2023 16: +0,1697468400
0.03,1,Oct 16 2023 17: +0,1697472000
0.03,5,Oct 16 2023 18: +0,1697475600
0.03,5,Oct 16 2023 19: +0,1697479200
0.03,1,Oct 16 2023 20: +0,1697482800
0.03,25,Oct 16 2023 22: +0,1697490000
0.03,1,Oct 16 2023 23: +0,1697493600
0.03,1,Oct 17 2023 00: +0,1697497200
0.03,1,Oct 17 2023 01: +0,1697500800
0.03,1,Oct 17 2023 02: +0,1697504400
0.03,7,Oct 17 2023 04: +0,1697511600
0.03,2,Oct 17 2023 07: +0,1697522400
0.03,2,Oct 17 2023 09: +0,1697529600
0.03,4,Oct 17 2023 10: +0,1697533200
0.03,1,Oct 17 2023 11: +0,1697536800
0.03,2,Oct 17 2023 12: +0,1697540400
0.03,1,Oct 17 2023 13: +0,1697544000
0.03,1,Oct 17 2023 14: +0,1697547600
0.03,1,Oct 17 2023 15: +0,1697551200
0.03,6,Oct 17 2023 16: +0,1697554800
0.03,67,Oct 17 2023 17: +0,1697558400
0.03,2,Oct 17 2023 18: +0,1697562000
0.03,2,Oct 17 2023 19: +0,1697565600
0.03,2,Oct 17 2023 20: +0,1697569200
0.03,9,Oct 17 2023 21: +0,1697572800
0.03,22,Oct 17 2023 22: +0,1697576400
0.03,1,Oct 18 2023 02: +0,1697590800
0.03,4,Oct 18 2023 03: +0,1697594400
0.03,1,Oct 18 2023 04: +0,1697598000
0.03,2,Oct 18 2023 05: +0,1697601600
0.03,1,Oct 18 2023 06: +0,1697605200
0.03,2,Oct 18 2023 07: +0,1697608800
0.03,1,Oct 18 2023 08: +0,1697612400
0.03,14,Oct 18 2023 09: +0,1697616000
0.03,2,Oct 18 2023 11: +0,1697623200
0.03,1,Oct 18 2023 13: +0,1697630400
0.03,269,Oct 18 2023 14: +0,1697634000
0.03,4,Oct 18 2023 15: +0,1697637600
0.03,1,Oct 18 2023 16: +0,1697641200
0.03,1,Oct 18 2023 17: +0,1697644800
0.03,7,Oct 18 2023 18: +0,1697648400
0.03,1,Oct 18 2023 19: +0,1697652000
0.03,1,Oct 18 2023 20: +0,1697655600
0.03,2,Oct 18 2023 21: +0,1697659200
0.03,31,Oct 18 2023 22: +0,1697662800
0.03,1,Oct 19 2023 00: +0,1697670000
0.03,1,Oct 19 2023 01: +0,1697673600
0.03,1,Oct 19 2023 02: +0,1697677200
0.03,1,Oct 19 2023 03: +0,1697680800
0.03,1,Oct 19 2023 07: +0,1697695200
0.03,2,Oct 19 2023 13: +0,1697716800
0.03,10,Oct 19 2023 14: +0,1697720400
0.03,1,Oct 19 2023 15: +0,1697724000
0.03,3,Oct 19 2023 16: +0,1697727600
0.03,2,Oct 19 2023 17: +0,1697731200
0.03,3,Oct 19 2023 18: +0,1697734800
0.03,1,Oct 19 2023 19: +0,1697738400
0.03,1,Oct 19 2023 20: +0,1697742000
0.03,2,Oct 19 2023 21: +0,1697745600
0.03,1,Oct 19 2023 22: +0,1697749200
0.03,7,Oct 20 2023 04: +0,1697770800
0.03,1,Oct 20 2023 05: +0,1697774400
0.03,2,Oct 20 2023 06: +0,1697778000
0.03,1,Oct 20 2023 07: +0,1697781600
0.03,1,Oct 20 2023 09: +0,1697788800
0.03,2,Oct 20 2023 11: +0,1697796000
0.03,3,Oct 20 2023 12: +0,1697799600
0.03,3,Oct 20 2023 14: +0,1697806800
0.03,3,Oct 20 2023 15: +0,1697810400
0.03,1,Oct 20 2023 16: +0,1697814000
0.03,1,Oct 20 2023 17: +0,1697817600
0.03,6,Oct 20 2023 18: +0,1697821200
0.03,3,Oct 20 2023 20: +0,1697828400
0.03,4,Oct 20 2023 21: +0,1697832000
0.03,1,Oct 20 2023 22: +0,1697835600
0.03,3,Oct 20 2023 23: +0,1697839200
0.03,3,Oct 21 2023 00: +0,1697842800
0.03,3,Oct 21 2023 01: +0,1697846400
0.03,3,Oct 21 2023 02: +0,1697850000
0.03,1,Oct 21 2023 03: +0,1697853600
0.03,1,Oct 21 2023 06: +0,1697864400
0.03,13,Oct 21 2023 09: +0,1697875200
0.03,10,Oct 21 2023 10: +0,1697878800
0.03,4,Oct 21 2023 11: +0,1697882400
0.03,3,Oct 21 2023 14: +0,1697893200
0.03,1,Oct 21 2023 15: +0,1697896800
0.03,1,Oct 21 2023 16: +0,1697900400
0.03,1,Oct 21 2023 17: +0,1697904000
0.03,3,Oct 21 2023 18: +0,1697907600
0.03,12,Oct 21 2023 19: +0,1697911200
0.03,1,Oct 21 2023 20: +0,1697914800
0.03,2,Oct 21 2023 21: +0,1697918400
0.03,2,Oct 21 2023 22: +0,1697922000
0.03,1,Oct 21 2023 23: +0,1697925600
0.03,1,Oct 22 2023 03: +0,1697940000
0.03,1,Oct 22 2023 04: +0,1697943600
0.03,1,Oct 22 2023 07: +0,1697954400
0.03,1,Oct 22 2023 08: +0,1697958000
0.03,3,Oct 22 2023 09: +0,1697961600
0.03,17,Oct 22 2023 10: +0,1697965200
0.03,2,Oct 22 2023 11: +0,1697968800
0.03,1,Oct 22 2023 12: +0,1697972400
0.03,2,Oct 22 2023 13: +0,1697976000
0.03,2,Oct 22 2023 14: +0,1697979600
0.03,1,Oct 22 2023 15: +0,1697983200
0.03,1,Oct 22 2023 17: +0,1697990400
0.03,4,Oct 22 2023 18: +0,1697994000
0.03,1,Oct 22 2023 19: +0,1697997600
0.03,1,Oct 22 2023 20: +0,1698001200
0.03,1,Oct 22 2023 21: +0,1698004800
0.03,1,Oct 22 2023 22: +0,1698008400
0.03,5,Oct 22 2023 23: +0,1698012000
0.03,4,Oct 23 2023 00: +0,1698015600
0.03,3,Oct 23 2023 01: +0,1698019200
0.03,2,Oct 23 2023 02: +0,1698022800
0.03,1,Oct 23 2023 03: +0,1698026400
0.03,1,Oct 23 2023 04: +0,1698030000
0.03,2,Oct 23 2023 07: +0,1698040800
0.03,2,Oct 23 2023 08: +0,1698044400
0.03,2,Oct 23 2023 10: +0,1698051600
0.03,97,Oct 23 2023 11: +0,1698055200
0.03,1,Oct 23 2023 13: +0,1698062400
0.03,52,Oct 23 2023 14: +0,1698066000
0.03,1,Oct 23 2023 15: +0,1698069600
0.03,2,Oct 23 2023 17: +0,1698076800
0.03,2,Oct 23 2023 18: +0,1698080400
0.03,4,Oct 23 2023 20: +0,1698087600
0.03,6,Oct 23 2023 21: +0,1698091200
0.03,2,Oct 23 2023 23: +0,1698098400
0.03,1,Oct 24 2023 01: +0,1698105600
0.03,1,Oct 24 2023 04: +0,1698116400
0.03,100,Oct 24 2023 07: +0,1698127200
0.03,1,Oct 24 2023 10: +0,1698138000
0.03,1,Oct 24 2023 11: +0,1698141600
0.03,14,Oct 24 2023 12: +0,1698145200
0.03,10,Oct 24 2023 13: +0,1698148800
0.03,1,Oct 24 2023 14: +0,1698152400
0.03,2,Oct 24 2023 16: +0,1698159600
0.03,1,Oct 24 2023 17: +0,1698163200
0.03,5,Oct 24 2023 18: +0,1698166800
0.03,6,Oct 24 2023 19: +0,1698170400
0.03,5,Oct 24 2023 20: +0,1698174000
0.03,1,Oct 24 2023 21: +0,1698177600
0.03,2,Oct 24 2023 22: +0,1698181200
0.03,1,Oct 25 2023 03: +0,1698199200
0.03,4,Oct 25 2023 05: +0,1698206400
0.03,1,Oct 25 2023 06: +0,1698210000
0.03,1,Oct 25 2023 08: +0,1698217200
0.03,5,Oct 25 2023 09: +0,1698220800
0.03,15,Oct 25 2023 10: +0,1698224400
0.03,3,Oct 25 2023 11: +0,1698228000
0.03,13,Oct 25 2023 12: +0,1698231600
0.03,3,Oct 25 2023 14: +0,1698238800
0.03,3,Oct 25 2023 15: +0,1698242400
0.03,3,Oct 25 2023 16: +0,1698246000
0.03,1,Oct 25 2023 17: +0,1698249600
0.03,1,Oct 25 2023 18: +0,1698253200
0.03,4,Oct 25 2023 19: +0,1698256800
0.03,20,Oct 25 2023 20: +0,1698260400
0.03,4,Oct 25 2023 21: +0,1698264000
0.03,2,Oct 25 2023 22: +0,1698267600
0.03,1,Oct 26 2023 00: +0,1698274800
0.03,1,Oct 26 2023 03: +0,1698285600
0.03,2,Oct 26 2023 04: +0,1698289200
0.03,2,Oct 26 2023 05: +0,1698292800
0.03,1,Oct 26 2023 07: +0,1698300000
0.03,1,Oct 26 2023 08: +0,1698303600
0.03,1,Oct 26 2023 09: +0,1698307200
0.03,37,Oct 26 2023 10: +0,1698310800
0.03,3,Oct 26 2023 11: +0,1698314400
0.03,3,Oct 26 2023 12: +0,1698318000
0.03,1,Oct 26 2023 13: +0,1698321600
0.03,4,Oct 26 2023 14: +0,1698325200
0.03,2,Oct 26 2023 15: +0,1698328800
0.03,4,Oct 26 2023 16: +0,1698332400
0.03,3,Oct 26 2023 17: +0,1698336000
0.03,2,Oct 26 2023 19: +0,1698343200
0.03,3,Oct 26 2023 20: +0,1698346800
0.03,2,Oct 26 2023 23: +0,1698357600
0.03,4,Oct 27 2023 00: +0,1698361200
0.03,1,Oct 27 2023 01: +0,1698364800
0.03,12,Oct 27 2023 02: +0,1698368400
0.03,12,Oct 27 2023 03: +0,1698372000
0.03,2,Oct 27 2023 04: +0,1698375600
0.03,1,Oct 27 2023 07: +0,1698386400
0.03,23,Oct 27 2023 08: +0,1698390000
0.03,11,Oct 27 2023 10: +0,1698397200
0.03,100,Oct 27 2023 11: +0,1698400800
0.03,2,Oct 27 2023 12: +0,1698404400
0.03,2,Oct 27 2023 13: +0,1698408000
0.03,1,Oct 27 2023 14: +0,1698411600
0.03,6,Oct 27 2023 15: +0,1698415200
0.03,3,Oct 27 2023 16: +0,1698418800
0.03,1,Oct 27 2023 17: +0,1698422400
0.03,1,Oct 27 2023 18: +0,1698426000
0.03,2,Oct 27 2023 20: +0,1698433200
0.03,3,Oct 27 2023 21: +0,1698436800
0.03,1,Oct 27 2023 22: +0,1698440400
0.03,1,Oct 28 2023 03: +0,1698458400
0.03,2,Oct 28 2023 04: +0,1698462000
0.03,8,Oct 28 2023 05: +0,1698465600
0.03,3,Oct 28 2023 09: +0,1698480000
0.03,2,Oct 28 2023 10: +0,1698483600
0.03,1,Oct 28 2023 11: +0,1698487200
0.03,1,Oct 28 2023 13: +0,1698494400
0.03,1,Oct 28 2023 14: +0,1698498000
0.03,3,Oct 28 2023 15: +0,1698501600
0.03,1,Oct 28 2023 16: +0,1698505200
0.03,2,Oct 28 2023 17: +0,1698508800
0.03,1,Oct 28 2023 18: +0,1698512400
0.03,8,Oct 28 2023 19: +0,1698516000
0.03,2,Oct 28 2023 20: +0,1698519600
0.03,5,Oct 28 2023 21: +0,1698523200
0.03,7,Oct 28 2023 22: +0,1698526800
0.03,2,Oct 28 2023 23: +0,1698530400
0.03,2,Oct 29 2023 00: +0,1698534000
0.03,2,Oct 29 2023 01: +0,1698537600
0.03,1,Oct 29 2023 02: +0,1698544800
0.03,1,Oct 29 2023 05: +0,1698555600
0.03,1,Oct 29 2023 06: +0,1698559200
0.03,8,Oct 29 2023 08: +0,1698566400
0.03,1,Oct 29 2023 10: +0,1698573600
0.03,7,Oct 29 2023 11: +0,1698577200
0.03,6,Oct 29 2023 13: +0,1698584400
0.03,1,Oct 29 2023 14: +0,1698588000
0.03,11,Oct 29 2023 15: +0,1698591600
0.03,1,Oct 29 2023 16: +0,1698595200
0.03,2,Oct 29 2023 17: +0,1698598800
0.03,2,Oct 29 2023 18: +0,1698602400
0.03,1,Oct 29 2023 21: +0,1698613200
0.03,10,Oct 29 2023 22: +0,1698616800
0.03,1,Oct 30 2023 00: +0,1698624000
0.03,1,Oct 30 2023 06: +0,1698645600
0.03,1,Oct 30 2023 07: +0,1698649200
0.03,2,Oct 30 2023 10: +0,1698660000
0.03,1,Oct 30 2023 11: +0,1698663600
0.03,3,Oct 30 2023 12: +0,1698667200
0.03,1,Oct 30 2023 13: +0,1698670800
0.03,1,Oct 30 2023 14: +0,1698674400
0.03,3,Oct 30 2023 16: +0,1698681600
0.03,1,Oct 30 2023 17: +0,1698685200
0.03,4,Oct 30 2023 18: +0,1698688800
0.03,3,Oct 30 2023 19: +0,1698692400
0.03,1,Oct 30 2023 20: +0,1698696000
0.03,5,Oct 30 2023 21: +0,1698699600
0.03,3,Oct 30 2023 23: +0,1698706800
0.03,1,Oct 31 2023 00: +0,1698710400
0.03,2,Oct 31 2023 01: +0,1698714000
0.03,11,Oct 31 2023 02: +0,1698717600
0.03,2,Oct 31 2023 03: +0,1698721200
0.03,1,Oct 31 2023 05: +0,1698728400
0.03,3,Oct 31 2023 07: +0,1698735600
0.03,2,Oct 31 2023 08: +0,1698739200
0.03,7,Oct 31 2023 09: +0,1698742800
0.03,2,Oct 31 2023 10: +0,1698746400
0.03,2,Oct 31 2023 13: +0,1698757200
0.03,3,Oct 31 2023 14: +0,1698760800
0.03,2,Oct 31 2023 16: +0,1698768000
0.03,1,Oct 31 2023 17: +0,1698771600
0.03,14,Oct 31 2023 18: +0,1698775200
0.03,7,Oct 31 2023 19: +0,1698778800
0.03,7,Oct 31 2023 20: +0,1698782400
0.03,43,Oct 31 2023 21: +0,1698786000
0.03,1,Oct 31 2023 22: +0,1698789600
0.03,1,Oct 31 2023 23: +0,1698793200
0.03,4,Nov 01 2023 00: +0,1698796800
0.03,1,Nov 01 2023 03: +0,1698807600
0.03,1,Nov 01 2023 04: +0,1698811200
0.03,7,Nov 01 2023 05: +0,1698814800
0.03,1,Nov 01 2023 06: +0,1698818400
0.03,1,Nov 01 2023 07: +0,1698822000
0.03,2,Nov 01 2023 09: +0,1698829200
0.03,3,Nov 01 2023 10: +0,1698832800
0.03,2,Nov 01 2023 11: +0,1698836400
0.03,1,Nov 01 2023 12: +0,1698840000
0.03,1,Nov 01 2023 13: +0,1698843600
0.03,5,Nov 01 2023 14: +0,1698847200
0.03,3,Nov 01 2023 15: +0,1698850800
0.03,1,Nov 01 2023 16: +0,1698854400
0.03,3,Nov 01 2023 17: +0,1698858000
0.03,20,Nov 01 2023 18: +0,1698861600
0.03,7,Nov 01 2023 19: +0,1698865200
0.03,4,Nov 01 2023 21: +0,1698872400
0.03,1,Nov 01 2023 22: +0,1698876000
0.03,2,Nov 01 2023 23: +0,1698879600
0.03,1,Nov 02 2023 00: +0,1698883200
0.03,2,Nov 02 2023 01: +0,1698886800
0.03,2,Nov 02 2023 02: +0,1698890400
0.03,4,Nov 02 2023 03: +0,1698894000
0.03,1,Nov 02 2023 05: +0,1698901200
0.03,1,Nov 02 2023 08: +0,1698912000
0.03,31,Nov 02 2023 12: +0,1698926400
0.03,4,Nov 02 2023 13: +0,1698930000
0.03,1,Nov 02 2023 14: +0,1698933600
0.03,1,Nov 02 2023 15: +0,1698937200
0.03,1,Nov 02 2023 16: +0,1698940800
0.03,1,Nov 02 2023 17: +0,1698944400
0.03,1,Nov 02 2023 18: +0,1698948000
0.03,1,Nov 02 2023 19: +0,1698951600
0.03,2,Nov 02 2023 20: +0,1698955200
0.03,4,Nov 02 2023 21: +0,1698958800
0.03,10,Nov 02 2023 22: +0,1698962400
0.03,1,Nov 03 2023 01: +0,1698973200
0.03,1,Nov 03 2023 02: +0,1698976800
0.03,2,Nov 03 2023 06: +0,1698991200
0.03,2,Nov 03 2023 08: +0,1698998400
0.03,1,Nov 03 2023 12: +0,1699012800
0.03,2,Nov 03 2023 13: +0,1699016400
0.03,3,Nov 03 2023 14: +0,1699020000
0.03,1,Nov 03 2023 15: +0,1699023600
0.03,1,Nov 03 2023 16: +0,1699027200
0.03,2,Nov 03 2023 20: +0,1699041600
0.03,2,Nov 03 2023 21: +0,1699045200
0.03,3,Nov 03 2023 22: +0,1699048800
0.03,2,Nov 03 2023 23: +0,1699052400
0.03,1,Nov 04 2023 00: +0,1699056000
0.03,3,Nov 04 2023 06: +0,1699077600
0.03,1,Nov 04 2023 07: +0,1699081200
0.03,4,Nov 04 2023 08: +0,1699084800
0.03,1,Nov 04 2023 09: +0,1699088400
0.03,1,Nov 04 2023 10: +0,1699092000
0.03,17,Nov 04 2023 11: +0,1699095600
0.03,1,Nov 04 2023 13: +0,1699102800
0.03,8,Nov 04 2023 15: +0,1699110000
0.03,4,Nov 04 2023 16: +0,1699113600
0.03,1,Nov 04 2023 17: +0,1699117200
0.03,1,Nov 04 2023 18: +0,1699120800
0.03,3,Nov 04 2023 19: +0,1699124400
0.03,2,Nov 04 2023 22: +0,1699135200
0.03,1,Nov 04 2023 23: +0,1699138800
0.03,3,Nov 05 2023 00: +0,1699142400
0.03,2,Nov 05 2023 02: +0,1699149600
0.03,8,Nov 05 2023 03: +0,1699153200
0.03,5,Nov 05 2023 04: +0,1699156800
0.03,23,Nov 05 2023 05: +0,1699160400
0.03,1,Nov 05 2023 08: +0,1699171200
0.03,4,Nov 05 2023 11: +0,1699182000
0.03,4,Nov 05 2023 12: +0,1699185600
0.03,28,Nov 05 2023 13: +0,1699189200
0.03,21,Nov 05 2023 14: +0,1699192800
0.03,4,Nov 05 2023 15: +0,1699196400
0.03,2,Nov 05 2023 16: +0,1699200000
0.03,7,Nov 05 2023 17: +0,1699203600
0.03,2,Nov 05 2023 18: +0,1699207200
0.03,5,Nov 05 2023 19: +0,1699210800
0.03,4,Nov 05 2023 20: +0,1699214400
0.03,4,Nov 05 2023 21: +0,1699218000
0.03,5,Nov 05 2023 22: +0,1699221600
0.03,1,Nov 05 2023 23: +0,1699225200
0.03,9,Nov 06 2023 00: +0,1699228800
0.03,1,Nov 06 2023 02: +0,1699236000
0.03,1,Nov 06 2023 04: +0,1699243200
0.03,1,Nov 06 2023 06: +0,1699250400
0.03,1,Nov 06 2023 07: +0,1699254000
0.03,3,Nov 06 2023 12: +0,1699272000
0.03,4,Nov 06 2023 13: +0,1699275600
0.03,3,Nov 06 2023 15: +0,1699282800
0.03,4,Nov 06 2023 16: +0,1699286400
0.03,1,Nov 06 2023 17: +0,1699290000
0.03,2,Nov 06 2023 18: +0,1699293600
0.03,1,Nov 06 2023 19: +0,1699297200
0.03,33,Nov 06 2023 20: +0,1699300800
0.03,2,Nov 06 2023 21: +0,1699304400
0.03,2,Nov 06 2023 22: +0,1699308000
0.03,1,Nov 06 2023 23: +0,1699311600
0.03,2,Nov 07 2023 00: +0,1699315200
0.03,1,Nov 07 2023 03: +0,1699326000
0.03,2,Nov 07 2023 13: +0,1699362000
0.03,3,Nov 07 2023 14: +0,1699365600
0.03,1,Nov 07 2023 15: +0,1699369200
0.03,3,Nov 07 2023 16: +0,1699372800
0.03,8,Nov 07 2023 17: +0,1699376400
0.03,16,Nov 07 2023 18: +0,1699380000
0.03,2,Nov 07 2023 19: +0,1699383600
0.03,9,Nov 07 2023 20: +0,1699387200
0.03,6,Nov 07 2023 21: +0,1699390800
0.03,2,Nov 07 2023 22: +0,1699394400
0.03,2,Nov 07 2023 23: +0,1699398000
0.03,1,Nov 08 2023 00: +0,1699401600
0.03,4,Nov 08 2023 01: +0,1699405200
0.03,1,Nov 08 2023 03: +0,1699412400
0.03,26,Nov 08 2023 05: +0,1699419600
0.03,1,Nov 08 2023 06: +0,1699423200
0.03,1,Nov 08 2023 07: +0,1699426800
0.03,3,Nov 08 2023 09: +0,1699434000
0.03,1,Nov 08 2023 11: +0,1699441200
0.03,5,Nov 08 2023 12: +0,1699444800
0.03,5,Nov 08 2023 13: +0,1699448400
0.03,3,Nov 08 2023 14: +0,1699452000
0.03,19,Nov 08 2023 15: +0,1699455600
0.03,3,Nov 08 2023 16: +0,1699459200
0.03,20,Nov 08 2023 17: +0,1699462800
0.03,1,Nov 08 2023 18: +0,1699466400
0.03,2,Nov 08 2023 19: +0,1699470000
0.03,1,Nov 08 2023 20: +0,1699473600
0.03,3,Nov 08 2023 21: +0,1699477200
0.03,1,Nov 09 2023 00: +0,1699488000
0.03,1,Nov 09 2023 01: +0,1699491600
0.03,1,Nov 09 2023 07: +0,1699513200
0.03,1,Nov 09 2023 08: +0,1699516800
0.03,3,Nov 09 2023 09: +0,1699520400
0.03,2,Nov 09 2023 10: +0,1699524000
0.03,2,Nov 09 2023 11: +0,1699527600
0.03,6,Nov 09 2023 12: +0,1699531200
0.03,1,Nov 09 2023 13: +0,1699534800
0.03,8,Nov 09 2023 14: +0,1699538400
0.03,3,Nov 09 2023 15: +0,1699542000
0.03,14,Nov 09 2023 16: +0,1699545600
0.03,4,Nov 09 2023 20: +0,1699560000
0.03,1,Nov 09 2023 21: +0,1699563600
0.03,2,Nov 09 2023 22: +0,1699567200
0.03,3,Nov 09 2023 23: +0,1699570800
0.03,1,Nov 10 2023 00: +0,1699574400
0.03,2,Nov 10 2023 01: +0,1699578000
0.03,1,Nov 10 2023 04: +0,1699588800
0.03,3,Nov 10 2023 07: +0,1699599600
0.03,1,Nov 10 2023 10: +0,1699610400
0.03,4,Nov 10 2023 11: +0,1699614000
0.03,1,Nov 10 2023 13: +0,1699621200
0.03,1,Nov 10 2023 14: +0,1699624800
0.03,2,Nov 10 2023 15: +0,1699628400
0.03,1,Nov 10 2023 17: +0,1699635600
0.03,27,Nov 10 2023 18: +0,1699639200
0.03,1,Nov 10 2023 19: +0,1699642800
0.03,5,Nov 10 2023 21: +0,1699650000
0.03,1,Nov 10 2023 22: +0,1699653600
0.03,8,Nov 10 2023 23: +0,1699657200
0.03,1,Nov 11 2023 00: +0,1699660800
0.03,6,Nov 11 2023 01: +0,1699664400
0.03,1,Nov 11 2023 04: +0,1699675200
0.03,1,Nov 11 2023 05: +0,1699678800
0.03,3,Nov 11 2023 06: +0,1699682400
0.03,11,Nov 11 2023 07: +0,1699686000
0.03,1,Nov 11 2023 08: +0,1699689600
0.03,1,Nov 11 2023 09: +0,1699693200
0.03,5,Nov 11 2023 11: +0,1699700400
0.03,3,Nov 11 2023 12: +0,1699704000
0.03,5,Nov 11 2023 14: +0,1699711200
0.03,2,Nov 11 2023 15: +0,1699714800
0.03,3,Nov 11 2023 16: +0,1699718400
0.03,2,Nov 11 2023 17: +0,1699722000
0.03,1,Nov 11 2023 18: +0,1699725600
0.03,5,Nov 11 2023 19: +0,1699729200
0.03,1,Nov 11 2023 21: +0,1699736400
0.03,6,Nov 11 2023 22: +0,1699740000
0.03,2,Nov 11 2023 23: +0,1699743600
0.03,2,Nov 12 2023 00: +0,1699747200
0.03,3,Nov 12 2023 01: +0,1699750800
0.03,1,Nov 12 2023 03: +0,1699758000
0.03,1,Nov 12 2023 04: +0,1699761600
0.03,7,Nov 12 2023 06: +0,1699768800
0.03,2,Nov 12 2023 07: +0,1699772400
0.03,2,Nov 12 2023 08: +0,1699776000
0.03,2,Nov 12 2023 10: +0,1699783200
0.03,1,Nov 12 2023 11: +0,1699786800
0.03,3,Nov 12 2023 12: +0,1699790400
0.03,2,Nov 12 2023 13: +0,1699794000
0.03,3,Nov 12 2023 14: +0,1699797600
0.03,2,Nov 12 2023 15: +0,1699801200
0.03,4,Nov 12 2023 16: +0,1699804800
0.03,1,Nov 12 2023 17: +0,1699808400
0.03,2,Nov 12 2023 18: +0,1699812000
0.03,1,Nov 12 2023 19: +0,1699815600
0.03,2,Nov 12 2023 20: +0,1699819200
0.03,7,Nov 12 2023 21: +0,1699822800
0.03,25,Nov 12 2023 22: +0,1699826400
0.03,10,Nov 12 2023 23: +0,1699830000
0.03,7,Nov 13 2023 00: +0,1699833600
0.03,2,Nov 13 2023 02: +0,1699840800
0.03,1,Nov 13 2023 03: +0,1699844400
0.03,1,Nov 13 2023 04: +0,1699848000
0.03,4,Nov 13 2023 07: +0,1699858800
0.03,10,Nov 13 2023 09: +0,1699866000
0.03,6,Nov 13 2023 10: +0,1699869600
0.03,4,Nov 13 2023 11: +0,1699873200
0.03,3,Nov 13 2023 12: +0,1699876800
0.03,3,Nov 13 2023 13: +0,1699880400
0.03,16,Nov 13 2023 14: +0,1699884000
0.03,5,Nov 13 2023 15: +0,1699887600
0.03,5,Nov 13 2023 16: +0,1699891200
0.03,7,Nov 13 2023 17: +0,1699894800
0.03,3,Nov 13 2023 18: +0,1699898400
0.03,3,Nov 13 2023 19: +0,1699902000
0.03,3,Nov 13 2023 20: +0,1699905600
0.03,2,Nov 13 2023 21: +0,1699909200
0.03,5,Nov 13 2023 22: +0,1699912800
0.03,5,Nov 13 2023 23: +0,1699916400
0.03,4,Nov 14 2023 00: +0,1699920000
0.03,3,Nov 14 2023 02: +0,1699927200
0.03,1,Nov 14 2023 04: +0,1699934400
0.03,1,Nov 14 2023 06: +0,1699941600
0.03,2,Nov 14 2023 12: +0,1699963200
0.03,4,Nov 14 2023 13: +0,1699966800
0.03,23,Nov 14 2023 14: +0,1699970400
0.03,2,Nov 14 2023 15: +0,1699974000
0.03,2,Nov 14 2023 16: +0,1699977600
0.03,11,Nov 14 2023 17: +0,1699981200
0.03,6,Nov 14 2023 18: +0,1699984800
0.03,5,Nov 14 2023 19: +0,1699988400
0.03,1,Nov 14 2023 20: +0,1699992000
0.03,6,Nov 14 2023 21: +0,1699995600
0.03,11,Nov 14 2023 23: +0,1700002800
0.03,1,Nov 15 2023 00: +0,1700006400
0.03,1,Nov 15 2023 01: +0,1700010000
0.03,4,Nov 15 2023 02: +0,1700013600
0.03,2,Nov 15 2023 04: +0,1700020800
0.03,1,Nov 15 2023 05: +0,1700024400
0.03,2,Nov 15 2023 07: +0,1700031600
0.03,1,Nov 15 2023 10: +0,1700042400
0.03,2,Nov 15 2023 11: +0,1700046000
0.03,2,Nov 15 2023 12: +0,1700049600
0.03,25,Nov 15 2023 13: +0,1700053200
0.03,1,Nov 15 2023 15: +0,1700060400
0.03,3,Nov 15 2023 16: +0,1700064000
0.03,7,Nov 15 2023 17: +0,1700067600
0.03,1,Nov 15 2023 18: +0,1700071200
0.03,2,Nov 15 2023 19: +0,1700074800
0.03,3,Nov 15 2023 20: +0,1700078400
0.03,1,Nov 15 2023 22: +0,1700085600
0.03,3,Nov 15 2023 23: +0,1700089200
0.03,3,Nov 16 2023 00: +0,1700092800
0.03,2,Nov 16 2023 02: +0,1700100000
0.03,1,Nov 16 2023 03: +0,1700103600
0.03,12,Nov 16 2023 08: +0,1700121600
0.03,7,Nov 16 2023 11: +0,1700132400
0.03,1,Nov 16 2023 12: +0,1700136000
0.03,1,Nov 16 2023 13: +0,1700139600
0.03,1,Nov 16 2023 14: +0,1700143200
0.03,1,Nov 16 2023 15: +0,1700146800
0.03,2,Nov 16 2023 16: +0,1700150400
0.03,2,Nov 16 2023 17: +0,1700154000
0.03,53,Nov 16 2023 18: +0,1700157600
0.03,2,Nov 16 2023 19: +0,1700161200
0.03,1,Nov 16 2023 20: +0,1700164800
0.03,2,Nov 16 2023 21: +0,1700168400
0.03,5,Nov 16 2023 22: +0,1700172000
0.03,9,Nov 17 2023 01: +0,1700182800
0.03,1,Nov 17 2023 02: +0,1700186400
0.03,3,Nov 17 2023 03: +0,1700190000
0.03,1,Nov 17 2023 05: +0,1700197200
0.03,1,Nov 17 2023 06: +0,1700200800
0.03,17,Nov 17 2023 07: +0,1700204400
0.03,1,Nov 17 2023 08: +0,1700208000
0.03,2,Nov 17 2023 09: +0,1700211600
0.03,1,Nov 17 2023 11: +0,1700218800
0.03,1,Nov 17 2023 12: +0,1700222400
0.03,14,Nov 17 2023 13: +0,1700226000
0.03,11,Nov 17 2023 14: +0,1700229600
0.03,6,Nov 17 2023 17: +0,1700240400
0.03,4,Nov 17 2023 18: +0,1700244000
0.03,2,Nov 17 2023 19: +0,1700247600
0.03,2,Nov 17 2023 20: +0,1700251200
0.03,1,Nov 17 2023 21: +0,1700254800
0.03,1,Nov 17 2023 22: +0,1700258400
0.03,1,Nov 18 2023 00: +0,1700265600
0.03,3,Nov 18 2023 02: +0,1700272800
0.03,1,Nov 18 2023 03: +0,1700276400
0.03,1,Nov 18 2023 04: +0,1700280000
0.03,2,Nov 18 2023 05: +0,1700283600
0.03,1,Nov 18 2023 07: +0,1700290800
0.03,1,Nov 18 2023 10: +0,1700301600
0.03,1,Nov 18 2023 12: +0,1700308800
0.03,3,Nov 18 2023 13: +0,1700312400
0.03,1,Nov 18 2023 15: +0,1700319600
0.03,1,Nov 18 2023 17: +0,1700326800
0.03,1,Nov 18 2023 18: +0,1700330400
0.03,1,Nov 18 2023 19: +0,1700334000
0.03,2,Nov 18 2023 20: +0,1700337600
0.03,1,Nov 19 2023 00: +0,1700352000
0.03,1,Nov 19 2023 02: +0,1700359200
0.03,1,Nov 19 2023 03: +0,1700362800
0.03,3,Nov 19 2023 04: +0,1700366400
0.03,2,Nov 19 2023 05: +0,1700370000
0.03,19,Nov 19 2023 06: +0,1700373600
0.03,31,Nov 19 2023 07: +0,1700377200
0.03,3,Nov 19 2023 11: +0,1700391600
0.03,2,Nov 19 2023 12: +0,1700395200
0.03,1,Nov 19 2023 13: +0,1700398800
0.03,4,Nov 19 2023 14: +0,1700402400
0.03,2,Nov 19 2023 15: +0,1700406000
0.03,2,Nov 19 2023 16: +0,1700409600
0.03,5,Nov 19 2023 17: +0,1700413200
0.03,3,Nov 19 2023 19: +0,1700420400
0.03,5,Nov 19 2023 20: +0,1700424000
0.03,1,Nov 19 2023 21: +0,1700427600
0.03,19,Nov 19 2023 22: +0,1700431200
0.03,2,Nov 19 2023 23: +0,1700434800
0.03,1,Nov 20 2023 00: +0,1700438400
0.03,4,Nov 20 2023 01: +0,1700442000
0.03,1,Nov 20 2023 03: +0,1700449200
0.03,1,Nov 20 2023 04: +0,1700452800
0.03,1,Nov 20 2023 05: +0,1700456400
0.03,3,Nov 20 2023 06: +0,1700460000
0.03,1,Nov 20 2023 08: +0,1700467200
0.03,2,Nov 20 2023 09: +0,1700470800
0.03,2,Nov 20 2023 10: +0,1700474400
0.03,2,Nov 20 2023 11: +0,1700478000
0.03,2,Nov 20 2023 12: +0,1700481600
0.03,2,Nov 20 2023 13: +0,1700485200
0.03,3,Nov 20 2023 14: +0,1700488800
0.03,1,Nov 20 2023 15: +0,1700492400
0.03,3,Nov 20 2023 16: +0,1700496000
0.03,4,Nov 20 2023 18: +0,1700503200
0.03,3,Nov 20 2023 20: +0,1700510400
0.03,4,Nov 20 2023 21: +0,1700514000
0.03,3,Nov 20 2023 22: +0,1700517600
0.03,14,Nov 20 2023 23: +0,1700521200
0.03,1,Nov 21 2023 00: +0,1700524800
0.03,4,Nov 21 2023 01: +0,1700528400
0.03,4,Nov 21 2023 02: +0,1700532000
0.03,2,Nov 21 2023 03: +0,1700535600
0.03,1,Nov 21 2023 09: +0,1700557200
0.03,1,Nov 21 2023 14: +0,1700575200
0.03,1,Nov 21 2023 15: +0,1700578800
0.03,1,Nov 21 2023 16: +0,1700582400
0.03,1,Nov 21 2023 17: +0,1700586000
0.03,1,Nov 21 2023 19: +0,1700593200
0.03,7,Nov 21 2023 20: +0,1700596800
0.03,8,Nov 21 2023 21: +0,1700600400
0.03,2,Nov 21 2023 22: +0,1700604000
0.03,17,Nov 21 2023 23: +0,1700607600
0.03,1,Nov 22 2023 07: +0,1700636400
0.03,2,Nov 22 2023 08: +0,1700640000
0.03,7,Nov 22 2023 10: +0,1700647200
0.03,3,Nov 22 2023 11: +0,1700650800
0.03,5,Nov 22 2023 12: +0,1700654400
0.03,1,Nov 22 2023 15: +0,1700665200
0.03,1,Nov 22 2023 16: +0,1700668800
0.03,1,Nov 22 2023 18: +0,1700676000
0.03,3,Nov 22 2023 19: +0,1700679600
0.03,1,Nov 22 2023 20: +0,1700683200
0.03,1,Nov 22 2023 21: +0,1700686800
0.03,1,Nov 22 2023 22: +0,1700690400
0.03,1,Nov 23 2023 00: +0,1700697600
0.03,1,Nov 23 2023 03: +0,1700708400
0.03,1,Nov 23 2023 04: +0,1700712000
0.03,38,Nov 23 2023 06: +0,1700719200
0.03,2,Nov 23 2023 07: +0,1700722800
0.03,1,Nov 23 2023 09: +0,1700730000
0.03,1,Nov 23 2023 10: +0,1700733600
0.03,1,Nov 23 2023 11: +0,1700737200
0.03,1,Nov 23 2023 12: +0,1700740800
0.03,2,Nov 23 2023 13: +0,1700744400
0.03,2,Nov 23 2023 14: +0,1700748000
0.03,2,Nov 23 2023 15: +0,1700751600
0.03,4,Nov 23 2023 16: +0,1700755200
0.03,7,Nov 23 2023 17: +0,1700758800
0.03,3,Nov 23 2023 18: +0,1700762400
0.03,4,Nov 23 2023 19: +0,1700766000
0.03,1,Nov 23 2023 21: +0,1700773200
0.03,1,Nov 23 2023 22: +0,1700776800
0.03,4,Nov 23 2023 23: +0,1700780400
0.03,2,Nov 24 2023 00: +0,1700784000
0.03,1,Nov 24 2023 01: +0,1700787600
0.03,3,Nov 24 2023 05: +0,1700802000
0.03,3,Nov 24 2023 06: +0,1700805600
0.03,3,Nov 24 2023 08: +0,1700812800
0.03,1,Nov 24 2023 09: +0,1700816400
0.03,5,Nov 24 2023 10: +0,1700820000
0.03,1,Nov 24 2023 11: +0,1700823600
0.03,2,Nov 24 2023 12: +0,1700827200
0.03,10,Nov 24 2023 13: +0,1700830800
0.03,3,Nov 24 2023 14: +0,1700834400
0.03,5,Nov 24 2023 15: +0,1700838000
0.03,5,Nov 24 2023 16: +0,1700841600
0.03,1,Nov 24 2023 17: +0,1700845200
0.03,4,Nov 24 2023 18: +0,1700848800
0.03,2,Nov 24 2023 19: +0,1700852400
0.03,6,Nov 24 2023 20: +0,1700856000
0.03,1,Nov 24 2023 21: +0,1700859600
0.03,2,Nov 24 2023 22: +0,1700863200
0.03,5,Nov 24 2023 23: +0,1700866800
0.03,1,Nov 25 2023 02: +0,1700877600
0.03,2,Nov 25 2023 05: +0,1700888400
0.03,6,Nov 25 2023 07: +0,1700895600
0.03,1,Nov 25 2023 08: +0,1700899200
0.03,2,Nov 25 2023 09: +0,1700902800
0.03,5,Nov 25 2023 10: +0,1700906400
0.03,6,Nov 25 2023 11: +0,1700910000
0.03,2,Nov 25 2023 13: +0,1700917200
0.03,1,Nov 25 2023 14: +0,1700920800
0.03,1,Nov 25 2023 17: +0,1700931600
0.03,1,Nov 25 2023 18: +0,1700935200
0.03,1,Nov 25 2023 20: +0,1700942400
0.03,2,Nov 25 2023 21: +0,1700946000
0.03,1,Nov 25 2023 22: +0,1700949600
0.03,1,Nov 25 2023 23: +0,1700953200
0.03,1,Nov 26 2023 00: +0,1700956800
0.03,1,Nov 26 2023 01: +0,1700960400
0.03,15,Nov 26 2023 05: +0,1700974800
0.03,4,Nov 26 2023 06: +0,1700978400
0.03,3,Nov 26 2023 07: +0,1700982000
0.03,2,Nov 26 2023 08: +0,1700985600
0.03,1,Nov 26 2023 09: +0,1700989200
0.03,1,Nov 26 2023 10: +0,1700992800
0.03,1,Nov 26 2023 11: +0,1700996400
0.03,1,Nov 26 2023 12: +0,1701000000
0.03,11,Nov 26 2023 13: +0,1701003600
0.03,3,Nov 26 2023 14: +0,1701007200
0.03,1,Nov 26 2023 15: +0,1701010800
0.03,1,Nov 26 2023 16: +0,1701014400
0.03,41,Nov 26 2023 17: +0,1701018000
0.03,2,Nov 26 2023 18: +0,1701021600
0.03,3,Nov 26 2023 19: +0,1701025200
0.03,13,Nov 26 2023 20: +0,1701028800
0.03,36,Nov 26 2023 21: +0,1701032400
0.03,2,Nov 26 2023 22: +0,1701036000
0.03,4,Nov 27 2023 00: +0,1701043200
0.03,4,Nov 27 2023 01: +0,1701046800
0.03,2,Nov 27 2023 02: +0,1701050400
0.03,1,Nov 27 2023 03: +0,1701054000
0.03,3,Nov 27 2023 04: +0,1701057600
0.03,5,Nov 27 2023 05: +0,1701061200
0.03,1,Nov 27 2023 06: +0,1701064800
0.03,6,Nov 27 2023 08: +0,1701072000
0.03,13,Nov 27 2023 09: +0,1701075600
0.03,1,Nov 27 2023 10: +0,1701079200
0.03,1,Nov 27 2023 11: +0,1701082800
0.03,2,Nov 27 2023 12: +0,1701086400
0.03,12,Nov 27 2023 13: +0,1701090000
0.03,28,Nov 27 2023 14: +0,1701093600
0.03,5,Nov 27 2023 15: +0,1701097200
0.03,1,Nov 27 2023 16: +0,1701100800
0.03,5,Nov 27 2023 17: +0,1701104400
0.03,3,Nov 27 2023 18: +0,1701108000
0.03,8,Nov 27 2023 19: +0,1701111600
0.03,2,Nov 27 2023 20: +0,1701115200
0.03,2,Nov 27 2023 21: +0,1701118800
0.03,4,Nov 27 2023 22: +0,1701122400
0.03,12,Nov 27 2023 23: +0,1701126000
0.03,6,Nov 28 2023 00: +0,1701129600
0.03,3,Nov 28 2023 01: +0,1701133200
0.03,2,Nov 28 2023 02: +0,1701136800
0.03,1,Nov 28 2023 03: +0,1701140400
0.03,6,Nov 28 2023 06: +0,1701151200
0.03,8,Nov 28 2023 07: +0,1701154800
0.03,1,Nov 28 2023 08: +0,1701158400
0.03,5,Nov 28 2023 09: +0,1701162000
0.03,1,Nov 28 2023 12: +0,1701172800
0.03,21,Nov 28 2023 13: +0,1701176400
0.03,2,Nov 28 2023 15: +0,1701183600
0.03,4,Nov 28 2023 17: +0,1701190800
0.03,7,Nov 28 2023 19: +0,1701198000
0.03,1,Nov 28 2023 20: +0,1701201600
0.03,3,Nov 28 2023 22: +0,1701208800
0.03,2,Nov 28 2023 23: +0,1701212400
0.03,1,Nov 29 2023 00: +0,1701216000
0.03,1,Nov 29 2023 01: +0,1701219600
0.03,2,Nov 29 2023 03: +0,1701226800
0.03,2,Nov 29 2023 05: +0,1701234000
0.03,2,Nov 29 2023 06: +0,1701237600
0.03,2,Nov 29 2023 09: +0,1701248400
0.03,1,Nov 29 2023 10: +0,1701252000
0.03,5,Nov 29 2023 12: +0,1701259200
0.03,4,Nov 29 2023 13: +0,1701262800
0.03,8,Nov 29 2023 14: +0,1701266400
0.03,1,Nov 29 2023 15: +0,1701270000
0.03,8,Nov 29 2023 16: +0,1701273600
0.03,106,Nov 29 2023 17: +0,1701277200
0.03,6,Nov 29 2023 18: +0,1701280800
0.03,4,Nov 29 2023 19: +0,1701284400
0.03,5,Nov 29 2023 20: +0,1701288000
0.03,1,Nov 29 2023 21: +0,1701291600
0.03,1,Nov 29 2023 22: +0,1701295200
0.03,1,Nov 29 2023 23: +0,1701298800
0.03,1,Nov 30 2023 01: +0,1701306000
0.03,2,Nov 30 2023 03: +0,1701313200
0.03,3,Nov 30 2023 05: +0,1701320400
0.03,10,Nov 30 2023 06: +0,1701324000
0.03,3,Nov 30 2023 07: +0,1701327600
0.03,1,Nov 30 2023 08: +0,1701331200
0.03,4,Nov 30 2023 09: +0,1701334800
0.03,4,Nov 30 2023 10: +0,1701338400
0.03,1,Nov 30 2023 11: +0,1701342000
0.03,1,Nov 30 2023 12: +0,1701345600
0.03,1,Nov 30 2023 13: +0,1701349200
0.03,2,Nov 30 2023 14: +0,1701352800
0.03,1,Nov 30 2023 16: +0,1701360000
0.03,1,Nov 30 2023 17: +0,1701363600
0.03,12,Nov 30 2023 18: +0,1701367200
0.03,2,Nov 30 2023 19: +0,1701370800
0.03,5,Nov 30 2023 20: +0,1701374400
0.03,2,Nov 30 2023 21: +0,1701378000
0.03,2,Nov 30 2023 22: +0,1701381600
0.03,2,Nov 30 2023 23: +0,1701385200
0.03,2,Dec 01 2023 00: +0,1701388800
0.03,3,Dec 01 2023 02: +0,1701396000
0.03,1,Dec 01 2023 03: +0,1701399600
0.03,3,Dec 01 2023 04: +0,1701403200
0.03,4,Dec 01 2023 05: +0,1701406800
0.03,3,Dec 01 2023 06: +0,1701410400
0.03,1,Dec 01 2023 07: +0,1701414000
0.03,3,Dec 01 2023 08: +0,1701417600
0.03,1,Dec 01 2023 09: +0,1701421200
0.03,1,Dec 01 2023 10: +0,1701424800
0.03,7,Dec 01 2023 11: +0,1701428400
0.03,5,Dec 01 2023 12: +0,1701432000
0.03,6,Dec 01 2023 14: +0,1701439200
0.03,3,Dec 01 2023 15: +0,1701442800
0.03,1,Dec 01 2023 16: +0,1701446400
0.03,14,Dec 01 2023 18: +0,1701453600
0.03,2,Dec 01 2023 19: +0,1701457200
0.03,3,Dec 01 2023 22: +0,1701468000
0.03,1,Dec 02 2023 03: +0,1701486000
0.03,2,Dec 02 2023 04: +0,1701489600
0.03,3,Dec 02 2023 05: +0,1701493200
0.03,2,Dec 02 2023 06: +0,1701496800
0.03,1,Dec 02 2023 07: +0,1701500400
0.03,1,Dec 02 2023 09: +0,1701507600
0.03,2,Dec 02 2023 10: +0,1701511200
0.03,4,Dec 02 2023 11: +0,1701514800
0.03,6,Dec 02 2023 12: +0,1701518400
0.03,7,Dec 02 2023 13: +0,1701522000
0.03,2,Dec 02 2023 14: +0,1701525600
0.03,4,Dec 02 2023 15: +0,1701529200
0.03,3,Dec 02 2023 16: +0,1701532800
0.03,5,Dec 02 2023 17: +0,1701536400
0.03,13,Dec 02 2023 18: +0,1701540000
0.03,13,Dec 02 2023 19: +0,1701543600
0.03,1,Dec 02 2023 20: +0,1701547200
0.03,1,Dec 02 2023 21: +0,1701550800
0.03,2,Dec 03 2023 06: +0,1701583200
0.03,2,Dec 03 2023 11: +0,1701601200
0.03,1,Dec 03 2023 12: +0,1701604800
0.03,4,Dec 03 2023 13: +0,1701608400
0.03,56,Dec 03 2023 14: +0,1701612000
0.03,2,Dec 03 2023 15: +0,1701615600
0.03,2,Dec 03 2023 18: +0,1701626400
0.03,4,Dec 03 2023 19: +0,1701630000
0.03,4,Dec 03 2023 20: +0,1701633600
0.03,2,Dec 03 2023 21: +0,1701637200
0.03,1,Dec 03 2023 23: +0,1701644400
0.03,3,Dec 04 2023 00: +0,1701648000
0.03,2,Dec 04 2023 02: +0,1701655200
0.03,2,Dec 04 2023 03: +0,1701658800
0.03,2,Dec 04 2023 04: +0,1701662400
0.03,1,Dec 04 2023 05: +0,1701666000
0.03,5,Dec 04 2023 08: +0,1701676800
0.03,1,Dec 04 2023 09: +0,1701680400
0.03,2,Dec 04 2023 12: +0,1701691200
0.03,1,Dec 04 2023 13: +0,1701694800
0.03,9,Dec 04 2023 14: +0,1701698400
0.03,70,Dec 04 2023 15: +0,1701702000
0.03,6,Dec 04 2023 18: +0,1701712800
0.03,1,Dec 04 2023 20: +0,1701720000
0.03,6,Dec 04 2023 22: +0,1701727200
0.03,1,Dec 05 2023 00: +0,1701734400
0.03,5,Dec 05 2023 01: +0,1701738000
0.03,1,Dec 05 2023 09: +0,1701766800
0.03,2,Dec 05 2023 10: +0,1701770400
0.03,1,Dec 05 2023 11: +0,1701774000
0.03,1,Dec 05 2023 12: +0,1701777600
0.03,3,Dec 05 2023 14: +0,1701784800
0.03,1,Dec 05 2023 15: +0,1701788400
0.03,1,Dec 05 2023 16: +0,1701792000
0.03,11,Dec 05 2023 17: +0,1701795600
0.03,11,Dec 05 2023 20: +0,1701806400
0.03,1,Dec 05 2023 22: +0,1701813600
0.03,1,Dec 06 2023 04: +0,1701835200
0.03,1,Dec 06 2023 05: +0,1701838800
0.03,1,Dec 06 2023 06: +0,1701842400
0.03,5,Dec 06 2023 07: +0,1701846000
0.03,1,Dec 06 2023 08: +0,1701849600
0.03,7,Dec 06 2023 11: +0,1701860400
0.03,1,Dec 06 2023 12: +0,1701864000
0.03,1,Dec 06 2023 13: +0,1701867600
0.03,4,Dec 06 2023 15: +0,1701874800
0.03,1,Dec 06 2023 16: +0,1701878400
0.03,1,Dec 06 2023 17: +0,1701882000
0.03,1,Dec 06 2023 19: +0,1701889200
0.03,1,Dec 06 2023 20: +0,1701892800
0.03,21,Dec 06 2023 22: +0,1701900000
0.03,1,Dec 07 2023 00: +0,1701907200
0.03,5,Dec 07 2023 01: +0,1701910800
0.03,1,Dec 07 2023 02: +0,1701914400
0.03,1,Dec 07 2023 07: +0,1701932400
0.03,1,Dec 07 2023 09: +0,1701939600
0.03,2,Dec 07 2023 11: +0,1701946800
0.03,7,Dec 07 2023 12: +0,1701950400
0.03,2,Dec 07 2023 13: +0,1701954000
0.03,4,Dec 07 2023 14: +0,1701957600
0.03,4,Dec 07 2023 17: +0,1701968400
0.03,2,Dec 07 2023 18: +0,1701972000
0.03,2,Dec 07 2023 19: +0,1701975600
0.03,1,Dec 07 2023 20: +0,1701979200
0.03,3,Dec 07 2023 21: +0,1701982800
0.03,1,Dec 07 2023 22: +0,1701986400
0.03,2,Dec 07 2023 23: +0,1701990000
0.03,1,Dec 08 2023 00: +0,1701993600
0.03,1,Dec 08 2023 01: +0,1701997200
0.03,1,Dec 08 2023 02: +0,1702000800
0.03,2,Dec 08 2023 03: +0,1702004400
0.03,5,Dec 08 2023 08: +0,1702022400
0.03,2,Dec 08 2023 09: +0,1702026000
0.03,1,Dec 08 2023 11: +0,1702033200
0.03,2,Dec 08 2023 13: +0,1702040400
0.03,1,Dec 08 2023 14: +0,1702044000
0.03,2,Dec 08 2023 15: +0,1702047600
0.03,5,Dec 08 2023 16: +0,1702051200
0.03,2,Dec 08 2023 18: +0,1702058400
0.03,1,Dec 08 2023 20: +0,1702065600
0.03,3,Dec 08 2023 21: +0,1702069200
0.03,2,Dec 08 2023 22: +0,1702072800
0.03,4,Dec 08 2023 23: +0,1702076400
0.03,6,Dec 09 2023 00: +0,1702080000
0.03,21,Dec 09 2023 01: +0,1702083600
0.03,1,Dec 09 2023 03: +0,1702090800
0.03,6,Dec 09 2023 04: +0,1702094400
0.03,7,Dec 09 2023 05: +0,1702098000
0.03,4,Dec 09 2023 06: +0,1702101600
0.03,1,Dec 09 2023 07: +0,1702105200
0.03,6,Dec 09 2023 08: +0,1702108800
0.03,1,Dec 09 2023 09: +0,1702112400
0.03,1,Dec 09 2023 10: +0,1702116000
0.03,1,Dec 09 2023 11: +0,1702119600
0.03,1,Dec 09 2023 12: +0,1702123200
0.03,1,Dec 09 2023 13: +0,1702126800
0.03,10,Dec 09 2023 14: +0,1702130400
0.03,1,Dec 09 2023 15: +0,1702134000
0.03,5,Dec 09 2023 16: +0,1702137600
0.03,2,Dec 09 2023 17: +0,1702141200
0.03,4,Dec 09 2023 18: +0,1702144800
0.03,11,Dec 09 2023 19: +0,1702148400
0.03,1,Dec 09 2023 20: +0,1702152000
0.03,9,Dec 09 2023 21: +0,1702155600
0.03,1,Dec 09 2023 22: +0,1702159200
0.03,1,Dec 10 2023 01: +0,1702170000
0.03,1,Dec 10 2023 02: +0,1702173600
0.03,1,Dec 10 2023 03: +0,1702177200
0.03,1,Dec 10 2023 07: +0,1702191600
0.03,1,Dec 10 2023 08: +0,1702195200
0.03,1,Dec 10 2023 11: +0,1702206000
0.03,2,Dec 10 2023 13: +0,1702213200
0.03,1,Dec 10 2023 15: +0,1702220400
0.03,1,Dec 10 2023 16: +0,1702224000
0.03,1,Dec 10 2023 17: +0,1702227600
0.03,4,Dec 10 2023 18: +0,1702231200
0.03,1,Dec 10 2023 21: +0,1702242000
0.03,1,Dec 10 2023 22: +0,1702245600
0.03,9,Dec 11 2023 00: +0,1702252800
0.03,7,Dec 11 2023 01: +0,1702256400
0.03,1,Dec 11 2023 04: +0,1702267200
0.03,1,Dec 11 2023 06: +0,1702274400
0.03,2,Dec 11 2023 09: +0,1702285200
0.03,1,Dec 11 2023 13: +0,1702299600
0.03,7,Dec 11 2023 14: +0,1702303200
0.03,2,Dec 11 2023 15: +0,1702306800
0.03,3,Dec 11 2023 16: +0,1702310400
0.03,4,Dec 11 2023 17: +0,1702314000
0.03,17,Dec 11 2023 18: +0,1702317600
0.03,4,Dec 11 2023 19: +0,1702321200
0.03,1,Dec 11 2023 21: +0,1702328400
0.03,3,Dec 11 2023 22: +0,1702332000
0.03,4,Dec 11 2023 23: +0,1702335600
0.03,50,Dec 12 2023 01: +0,1702342800
0.03,10,Dec 12 2023 02: +0,1702346400
0.03,1,Dec 12 2023 03: +0,1702350000
0.03,4,Dec 12 2023 08: +0,1702368000
0.03,2,Dec 12 2023 09: +0,1702371600
0.03,1,Dec 12 2023 11: +0,1702378800
0.03,1,Dec 12 2023 12: +0,1702382400
0.03,2,Dec 12 2023 14: +0,1702389600
0.03,1,Dec 12 2023 15: +0,1702393200
0.03,4,Dec 12 2023 16: +0,1702396800
0.03,2,Dec 12 2023 17: +0,1702400400
0.03,1,Dec 12 2023 18: +0,1702404000
0.03,9,Dec 12 2023 20: +0,1702411200
0.03,2,Dec 12 2023 21: +0,1702414800
0.03,1,Dec 12 2023 22: +0,1702418400
0.03,2,Dec 12 2023 23: +0,1702422000
0.03,1,Dec 13 2023 00: +0,1702425600
0.03,1,Dec 13 2023 01: +0,1702429200
0.03,2,Dec 13 2023 04: +0,1702440000
0.03,1,Dec 13 2023 06: +0,1702447200
0.03,1,Dec 13 2023 08: +0,1702454400
0.03,1,Dec 13 2023 10: +0,1702461600
0.03,3,Dec 13 2023 12: +0,1702468800
0.03,2,Dec 13 2023 14: +0,1702476000
0.03,2,Dec 13 2023 16: +0,1702483200
0.03,1,Dec 13 2023 17: +0,1702486800
0.03,1,Dec 13 2023 18: +0,1702490400
0.03,2,Dec 13 2023 19: +0,1702494000
0.03,3,Dec 13 2023 20: +0,1702497600
0.03,7,Dec 13 2023 22: +0,1702504800
0.03,2,Dec 13 2023 23: +0,1702508400
0.03,7,Dec 14 2023 00: +0,1702512000
0.03,2,Dec 14 2023 01: +0,1702515600
0.03,2,Dec 14 2023 03: +0,1702522800
0.03,2,Dec 14 2023 05: +0,1702530000
0.03,2,Dec 14 2023 07: +0,1702537200
0.03,26,Dec 14 2023 08: +0,1702540800
0.03,1,Dec 14 2023 09: +0,1702544400
0.03,2,Dec 14 2023 11: +0,1702551600
0.03,2,Dec 14 2023 12: +0,1702555200
0.03,4,Dec 14 2023 13: +0,1702558800
0.03,1,Dec 14 2023 17: +0,1702573200
0.03,1,Dec 14 2023 18: +0,1702576800
0.03,6,Dec 14 2023 20: +0,1702584000
0.03,5,Dec 14 2023 21: +0,1702587600
0.03,7,Dec 14 2023 22: +0,1702591200
0.03,1,Dec 15 2023 00: +0,1702598400
0.03,1,Dec 15 2023 02: +0,1702605600
0.03,5,Dec 15 2023 04: +0,1702612800
0.03,6,Dec 15 2023 07: +0,1702623600
0.03,2,Dec 15 2023 09: +0,1702630800
0.03,1,Dec 15 2023 10: +0,1702634400
0.03,3,Dec 15 2023 12: +0,1702641600
0.03,4,Dec 15 2023 13: +0,1702645200
0.03,20,Dec 15 2023 14: +0,1702648800
0.03,25,Dec 15 2023 15: +0,1702652400
0.03,1,Dec 15 2023 17: +0,1702659600
0.03,12,Dec 15 2023 18: +0,1702663200
0.03,1,Dec 15 2023 19: +0,1702666800
0.03,3,Dec 15 2023 21: +0,1702674000
0.03,27,Dec 15 2023 22: +0,1702677600
0.03,5,Dec 15 2023 23: +0,1702681200
0.03,1,Dec 16 2023 02: +0,1702692000
0.03,7,Dec 16 2023 06: +0,1702706400
0.03,2,Dec 16 2023 07: +0,1702710000
0.03,2,Dec 16 2023 10: +0,1702720800
0.03,4,Dec 16 2023 11: +0,1702724400
0.03,1,Dec 16 2023 14: +0,1702735200
0.03,4,Dec 16 2023 15: +0,1702738800
0.03,2,Dec 16 2023 16: +0,1702742400
0.03,3,Dec 16 2023 17: +0,1702746000
0.03,1,Dec 16 2023 19: +0,1702753200
0.03,2,Dec 16 2023 20: +0,1702756800
0.03,1,Dec 16 2023 21: +0,1702760400
0.03,1,Dec 16 2023 22: +0,1702764000
0.03,1,Dec 17 2023 00: +0,1702771200
0.03,1,Dec 17 2023 02: +0,1702778400
0.03,3,Dec 17 2023 03: +0,1702782000
0.03,1,Dec 17 2023 04: +0,1702785600
0.03,2,Dec 17 2023 06: +0,1702792800
0.03,10,Dec 17 2023 08: +0,1702800000
0.03,1,Dec 17 2023 09: +0,1702803600
0.03,2,Dec 17 2023 10: +0,1702807200
0.03,3,Dec 17 2023 11: +0,1702810800
0.03,2,Dec 17 2023 12: +0,1702814400
0.03,1,Dec 17 2023 13: +0,1702818000
0.03,8,Dec 17 2023 14: +0,1702821600
0.03,13,Dec 17 2023 15: +0,1702825200
0.03,4,Dec 17 2023 16: +0,1702828800
0.03,1,Dec 17 2023 17: +0,1702832400
0.03,12,Dec 17 2023 18: +0,1702836000
0.03,1,Dec 17 2023 19: +0,1702839600
0.03,2,Dec 17 2023 21: +0,1702846800
0.03,1,Dec 17 2023 23: +0,1702854000
0.03,5,Dec 18 2023 00: +0,1702857600
0.03,2,Dec 18 2023 01: +0,1702861200
0.03,5,Dec 18 2023 04: +0,1702872000
0.03,1,Dec 18 2023 06: +0,1702879200
0.03,1,Dec 18 2023 07: +0,1702882800
0.03,2,Dec 18 2023 10: +0,1702893600
0.03,2,Dec 18 2023 12: +0,1702900800
0.03,7,Dec 18 2023 13: +0,1702904400
0.03,1,Dec 18 2023 15: +0,1702911600
0.03,5,Dec 18 2023 16: +0,1702915200
0.03,1,Dec 18 2023 17: +0,1702918800
0.03,35,Dec 18 2023 18: +0,1702922400
0.03,1,Dec 18 2023 19: +0,1702926000
0.03,12,Dec 18 2023 21: +0,1702933200
0.03,3,Dec 18 2023 22: +0,1702936800
0.03,20,Dec 18 2023 23: +0,1702940400
0.03,1,Dec 19 2023 00: +0,1702944000
0.03,26,Dec 19 2023 01: +0,1702947600
0.03,1,Dec 19 2023 05: +0,1702962000
0.03,5,Dec 19 2023 07: +0,1702969200
0.03,6,Dec 19 2023 09: +0,1702976400
0.03,1,Dec 19 2023 11: +0,1702983600
0.03,1,Dec 19 2023 13: +0,1702990800
0.03,1,Dec 19 2023 14: +0,1702994400
0.03,27,Dec 19 2023 16: +0,1703001600
0.03,3,Dec 19 2023 17: +0,1703005200
0.03,3,Dec 19 2023 18: +0,1703008800
0.03,2,Dec 19 2023 19: +0,1703012400
0.03,40,Dec 19 2023 20: +0,1703016000
0.03,1,Dec 19 2023 22: +0,1703023200
0.03,2,Dec 20 2023 00: +0,1703030400
0.03,1,Dec 20 2023 01: +0,1703034000
0.03,1,Dec 20 2023 02: +0,1703037600
0.03,3,Dec 20 2023 05: +0,1703048400
0.03,1,Dec 20 2023 06: +0,1703052000
0.03,4,Dec 20 2023 07: +0,1703055600
0.03,15,Dec 20 2023 08: +0,1703059200
0.03,3,Dec 20 2023 12: +0,1703073600
0.03,1,Dec 20 2023 15: +0,1703084400
0.03,2,Dec 20 2023 16: +0,1703088000
0.03,1,Dec 20 2023 18: +0,1703095200
0.03,4,Dec 20 2023 19: +0,1703098800
0.03,9,Dec 20 2023 20: +0,1703102400
0.03,1,Dec 20 2023 21: +0,1703106000
0.03,18,Dec 20 2023 22: +0,1703109600
0.03,5,Dec 20 2023 23: +0,1703113200
0.03,6,Dec 21 2023 00: +0,1703116800
0.03,2,Dec 21 2023 01: +0,1703120400
0.03,1,Dec 21 2023 09: +0,1703149200
0.03,1,Dec 21 2023 10: +0,1703152800
0.03,2,Dec 21 2023 12: +0,1703160000
0.03,4,Dec 21 2023 14: +0,1703167200
0.03,10,Dec 21 2023 15: +0,1703170800
0.03,4,Dec 21 2023 16: +0,1703174400
0.03,5,Dec 21 2023 17: +0,1703178000
0.03,4,Dec 21 2023 18: +0,1703181600
0.03,5,Dec 21 2023 19: +0,1703185200
0.03,11,Dec 21 2023 20: +0,1703188800
0.03,8,Dec 21 2023 21: +0,1703192400
0.03,2,Dec 21 2023 22: +0,1703196000
0.03,9,Dec 21 2023 23: +0,1703199600
0.03,2,Dec 22 2023 00: +0,1703203200
0.03,2,Dec 22 2023 01: +0,1703206800
0.03,2,Dec 22 2023 02: +0,1703210400
0.03,2,Dec 22 2023 04: +0,1703217600
0.03,2,Dec 22 2023 05: +0,1703221200
0.03,1,Dec 22 2023 07: +0,1703228400
0.03,1,Dec 22 2023 08: +0,1703232000
0.03,2,Dec 22 2023 10: +0,1703239200
0.03,1,Dec 22 2023 11: +0,1703242800
0.03,9,Dec 22 2023 12: +0,1703246400
0.03,2,Dec 22 2023 13: +0,1703250000
0.03,2,Dec 22 2023 14: +0,1703253600
0.03,3,Dec 22 2023 15: +0,1703257200
0.03,3,Dec 22 2023 17: +0,1703264400
0.03,4,Dec 22 2023 18: +0,1703268000
0.03,1,Dec 22 2023 19: +0,1703271600
0.03,5,Dec 22 2023 20: +0,1703275200
0.03,7,Dec 22 2023 22: +0,1703282400
0.03,1,Dec 23 2023 02: +0,1703296800
0.03,2,Dec 23 2023 06: +0,1703311200
0.03,2,Dec 23 2023 08: +0,1703318400
0.03,11,Dec 23 2023 09: +0,1703322000
0.03,1,Dec 23 2023 11: +0,1703329200
0.03,14,Dec 23 2023 12: +0,1703332800
0.03,1,Dec 23 2023 15: +0,1703343600
0.03,2,Dec 23 2023 16: +0,1703347200
0.03,1,Dec 23 2023 17: +0,1703350800
0.03,4,Dec 23 2023 18: +0,1703354400
0.03,2,Dec 23 2023 19: +0,1703358000
0.03,7,Dec 23 2023 20: +0,1703361600
0.03,1,Dec 23 2023 21: +0,1703365200
0.03,3,Dec 23 2023 22: +0,1703368800
0.03,1,Dec 24 2023 07: +0,1703401200
0.03,1,Dec 24 2023 09: +0,1703408400
0.03,1,Dec 24 2023 10: +0,1703412000
0.03,1,Dec 24 2023 11: +0,1703415600
0.03,2,Dec 24 2023 13: +0,1703422800
0.03,3,Dec 24 2023 14: +0,1703426400
0.03,2,Dec 24 2023 16: +0,1703433600
0.03,2,Dec 24 2023 17: +0,1703437200
0.03,8,Dec 24 2023 18: +0,1703440800
0.03,2,Dec 24 2023 19: +0,1703444400
0.03,1,Dec 24 2023 20: +0,1703448000
0.03,6,Dec 24 2023 21: +0,1703451600
0.03,2,Dec 24 2023 22: +0,1703455200
0.03,3,Dec 24 2023 23: +0,1703458800
0.03,5,Dec 25 2023 00: +0,1703462400
0.03,7,Dec 25 2023 01: +0,1703466000
0.03,2,Dec 25 2023 02: +0,1703469600
0.03,3,Dec 25 2023 03: +0,1703473200
0.03,2,Dec 25 2023 04: +0,1703476800
0.03,1,Dec 25 2023 05: +0,1703480400
0.03,1,Dec 25 2023 08: +0,1703491200
0.03,66,Dec 25 2023 10: +0,1703498400
0.03,1,Dec 25 2023 11: +0,1703502000
0.03,4,Dec 25 2023 12: +0,1703505600
0.03,3,Dec 25 2023 13: +0,1703509200
0.03,8,Dec 25 2023 14: +0,1703512800
0.03,3,Dec 25 2023 15: +0,1703516400
0.03,1,Dec 25 2023 16: +0,1703520000
0.03,1,Dec 25 2023 17: +0,1703523600
0.03,2,Dec 25 2023 18: +0,1703527200
0.03,1,Dec 25 2023 19: +0,1703530800
0.03,9,Dec 25 2023 20: +0,1703534400
0.03,3,Dec 25 2023 22: +0,1703541600
0.03,3,Dec 25 2023 23: +0,1703545200
0.03,2,Dec 26 2023 00: +0,1703548800
0.03,2,Dec 26 2023 01: +0,1703552400
0.03,1,Dec 26 2023 03: +0,1703559600
0.03,1,Dec 26 2023 05: +0,1703566800
0.03,4,Dec 26 2023 09: +0,1703581200
0.03,1,Dec 26 2023 10: +0,1703584800
0.03,2,Dec 26 2023 12: +0,1703592000
0.03,1,Dec 26 2023 13: +0,1703595600
0.03,4,Dec 26 2023 14: +0,1703599200
0.03,2,Dec 26 2023 17: +0,1703610000
0.03,5,Dec 26 2023 18: +0,1703613600
0.03,8,Dec 26 2023 19: +0,1703617200
0.03,3,Dec 26 2023 21: +0,1703624400
0.03,6,Dec 26 2023 23: +0,1703631600
0.03,6,Dec 27 2023 00: +0,1703635200
0.03,2,Dec 27 2023 01: +0,1703638800
0.03,3,Dec 27 2023 04: +0,1703649600
0.03,1,Dec 27 2023 05: +0,1703653200
0.03,1,Dec 27 2023 06: +0,1703656800
0.03,7,Dec 27 2023 07: +0,1703660400
0.03,2,Dec 27 2023 10: +0,1703671200
0.03,1,Dec 27 2023 12: +0,1703678400
0.03,2,Dec 27 2023 13: +0,1703682000
0.03,4,Dec 27 2023 14: +0,1703685600
0.03,2,Dec 27 2023 15: +0,1703689200
0.03,2,Dec 27 2023 16: +0,1703692800
0.03,4,Dec 27 2023 17: +0,1703696400
0.03,2,Dec 27 2023 18: +0,1703700000
0.03,2,Dec 27 2023 19: +0,1703703600
0.03,4,Dec 27 2023 20: +0,1703707200
0.03,2,Dec 27 2023 21: +0,1703710800
0.03,6,Dec 27 2023 22: +0,1703714400
0.03,4,Dec 27 2023 23: +0,1703718000
0.03,7,Dec 28 2023 00: +0,1703721600
0.03,4,Dec 28 2023 01: +0,1703725200
0.03,7,Dec 28 2023 02: +0,1703728800
0.03,3,Dec 28 2023 03: +0,1703732400
0.03,1,Dec 28 2023 04: +0,1703736000
0.03,2,Dec 28 2023 07: +0,1703746800
0.03,3,Dec 28 2023 08: +0,1703750400
0.03,5,Dec 28 2023 10: +0,1703757600
0.03,1,Dec 28 2023 11: +0,1703761200
0.03,1,Dec 28 2023 12: +0,1703764800
0.03,1,Dec 28 2023 13: +0,1703768400
0.03,4,Dec 28 2023 14: +0,1703772000
0.03,1,Dec 28 2023 15: +0,1703775600
0.03,1,Dec 28 2023 16: +0,1703779200
0.03,4,Dec 28 2023 17: +0,1703782800
0.03,6,Dec 28 2023 18: +0,1703786400
0.03,2,Dec 28 2023 19: +0,1703790000
0.03,12,Dec 28 2023 20: +0,1703793600
0.03,3,Dec 28 2023 21: +0,1703797200
0.03,1,Dec 28 2023 22: +0,1703800800
0.03,2,Dec 28 2023 23: +0,1703804400
0.03,1,Dec 29 2023 00: +0,1703808000
0.03,1,Dec 29 2023 01: +0,1703811600
0.03,2,Dec 29 2023 07: +0,1703833200
0.03,1,Dec 29 2023 08: +0,1703836800
0.03,3,Dec 29 2023 09: +0,1703840400
0.03,2,Dec 29 2023 11: +0,1703847600
0.03,2,Dec 29 2023 13: +0,1703854800
0.03,1,Dec 29 2023 14: +0,1703858400
0.03,3,Dec 29 2023 17: +0,1703869200
0.03,5,Dec 29 2023 18: +0,1703872800
0.03,6,Dec 29 2023 19: +0,1703876400
0.03,14,Dec 29 2023 20: +0,1703880000
0.03,7,Dec 29 2023 21: +0,1703883600
0.03,5,Dec 29 2023 22: +0,1703887200
0.03,3,Dec 29 2023 23: +0,1703890800
0.03,1,Dec 30 2023 00: +0,1703894400
0.03,1,Dec 30 2023 01: +0,1703898000
0.03,3,Dec 30 2023 02: +0,1703901600
0.03,3,Dec 30 2023 05: +0,1703912400
0.03,1,Dec 30 2023 06: +0,1703916000
0.03,2,Dec 30 2023 07: +0,1703919600
0.03,1,Dec 30 2023 09: +0,1703926800
0.03,3,Dec 30 2023 11: +0,1703934000
0.03,2,Dec 30 2023 12: +0,1703937600
0.03,7,Dec 30 2023 13: +0,1703941200
0.03,16,Dec 30 2023 14: +0,1703944800
0.03,5,Dec 30 2023 15: +0,1703948400
0.03,3,Dec 30 2023 16: +0,1703952000
0.03,6,Dec 30 2023 17: +0,1703955600
0.03,5,Dec 30 2023 18: +0,1703959200
0.03,7,Dec 30 2023 19: +0,1703962800
0.03,2,Dec 30 2023 20: +0,1703966400
0.03,2,Dec 30 2023 21: +0,1703970000
0.03,4,Dec 30 2023 22: +0,1703973600
0.03,2,Dec 30 2023 23: +0,1703977200
0.03,2,Dec 31 2023 00: +0,1703980800
0.03,1,Dec 31 2023 03: +0,1703991600
0.03,2,Dec 31 2023 06: +0,1704002400
0.03,3,Dec 31 2023 07: +0,1704006000
0.03,1,Dec 31 2023 10: +0,1704016800
0.03,5,Dec 31 2023 11: +0,1704020400
0.03,1,Dec 31 2023 12: +0,1704024000
0.03,2,Dec 31 2023 13: +0,1704027600
0.03,1,Dec 31 2023 15: +0,1704034800
0.03,1,Dec 31 2023 16: +0,1704038400
0.03,3,Dec 31 2023 17: +0,1704042000
0.03,8,Dec 31 2023 19: +0,1704049200
0.03,4,Dec 31 2023 20: +0,1704052800
0.03,2,Dec 31 2023 21: +0,1704056400
0.03,4,Dec 31 2023 22: +0,1704060000
0.03,10,Dec 31 2023 23: +0,1704063600
0.03,6,Jan 01 2024 00: +0,1704067200
0.03,3,Jan 01 2024 01: +0,1704070800
0.03,6,Jan 01 2024 02: +0,1704074400
0.03,13,Jan 01 2024 03: +0,1704078000
0.03,2,Jan 01 2024 04: +0,1704081600
0.03,1,Jan 01 2024 07: +0,1704092400
0.03,19,Jan 01 2024 08: +0,1704096000
0.03,2,Jan 01 2024 12: +0,1704110400
0.03,2,Jan 01 2024 14: +0,1704117600
0.03,1,Jan 01 2024 16: +0,1704124800
0.03,11,Jan 01 2024 17: +0,1704128400
0.03,8,Jan 01 2024 18: +0,1704132000
0.03,6,Jan 01 2024 19: +0,1704135600
0.03,2,Jan 01 2024 20: +0,1704139200
0.03,9,Jan 01 2024 21: +0,1704142800
0.03,7,Jan 02 2024 00: +0,1704153600
0.03,7,Jan 02 2024 01: +0,1704157200
0.03,2,Jan 02 2024 02: +0,1704160800
0.03,5,Jan 02 2024 04: +0,1704168000
0.03,1,Jan 02 2024 05: +0,1704171600
0.03,1,Jan 02 2024 07: +0,1704178800
0.03,11,Jan 02 2024 08: +0,1704182400
0.03,1,Jan 02 2024 09: +0,1704186000
0.03,12,Jan 02 2024 10: +0,1704189600
0.03,6,Jan 02 2024 11: +0,1704193200
0.03,6,Jan 02 2024 12: +0,1704196800
0.03,2,Jan 02 2024 13: +0,1704200400
0.03,4,Jan 02 2024 14: +0,1704204000
0.03,3,Jan 02 2024 15: +0,1704207600
0.03,7,Jan 02 2024 16: +0,1704211200
0.03,123,Jan 02 2024 17: +0,1704214800
0.03,1,Jan 02 2024 18: +0,1704218400
0.03,5,Jan 02 2024 19: +0,1704222000
0.03,6,Jan 02 2024 20: +0,1704225600
0.03,1,Jan 02 2024 21: +0,1704229200
0.03,2,Jan 02 2024 22: +0,1704232800
0.03,1,Jan 02 2024 23: +0,1704236400
0.03,1,Jan 03 2024 01: +0,1704243600
0.03,1,Jan 03 2024 04: +0,1704254400
0.03,2,Jan 03 2024 05: +0,1704258000
0.03,2,Jan 03 2024 09: +0,1704272400
0.03,2,Jan 03 2024 10: +0,1704276000
0.03,1,Jan 03 2024 11: +0,1704279600
0.03,8,Jan 03 2024 12: +0,1704283200
0.03,1,Jan 03 2024 13: +0,1704286800
0.03,11,Jan 03 2024 15: +0,1704294000
0.03,1,Jan 03 2024 17: +0,1704301200
0.03,2,Jan 03 2024 21: +0,1704315600
0.03,40,Jan 04 2024 00: +0,1704326400
0.03,4,Jan 04 2024 02: +0,1704333600
0.03,6,Jan 04 2024 03: +0,1704337200
0.03,4,Jan 04 2024 04: +0,1704340800
0.03,2,Jan 04 2024 08: +0,1704355200
0.03,1,Jan 04 2024 10: +0,1704362400
0.03,1,Jan 04 2024 11: +0,1704366000
0.03,1,Jan 04 2024 12: +0,1704369600
0.03,1,Jan 04 2024 13: +0,1704373200
0.03,2,Jan 04 2024 15: +0,1704380400
0.03,1,Jan 04 2024 17: +0,1704387600
0.03,1,Jan 04 2024 18: +0,1704391200
0.03,1,Jan 04 2024 19: +0,1704394800
0.03,1,Jan 04 2024 20: +0,1704398400
0.03,1,Jan 04 2024 21: +0,1704402000
0.03,1,Jan 04 2024 22: +0,1704405600
0.03,2,Jan 04 2024 23: +0,1704409200
0.03,1,Jan 05 2024 03: +0,1704423600
0.03,1,Jan 05 2024 07: +0,1704438000
0.03,1,Jan 05 2024 09: +0,1704445200
0.03,1,Jan 05 2024 10: +0,1704448800
0.03,4,Jan 05 2024 16: +0,1704470400
0.03,2,Jan 05 2024 17: +0,1704474000
0.03,1,Jan 05 2024 18: +0,1704477600
0.03,3,Jan 05 2024 19: +0,1704481200
0.03,1,Jan 05 2024 20: +0,1704484800
0.03,4,Jan 05 2024 21: +0,1704488400
0.03,1,Jan 05 2024 22: +0,1704492000
0.03,1,Jan 06 2024 00: +0,1704499200
0.03,1,Jan 06 2024 06: +0,1704520800
0.03,1,Jan 06 2024 09: +0,1704531600
0.03,3,Jan 06 2024 10: +0,1704535200
0.03,1,Jan 06 2024 11: +0,1704538800
0.03,1,Jan 06 2024 15: +0,1704553200
0.03,2,Jan 06 2024 16: +0,1704556800
0.03,2,Jan 06 2024 17: +0,1704560400
0.03,3,Jan 06 2024 18: +0,1704564000
0.03,2,Jan 06 2024 19: +0,1704567600
0.03,3,Jan 06 2024 20: +0,1704571200
0.03,5,Jan 06 2024 21: +0,1704574800
0.03,9,Jan 06 2024 22: +0,1704578400
0.03,4,Jan 06 2024 23: +0,1704582000
0.03,3,Jan 07 2024 00: +0,1704585600
0.03,5,Jan 07 2024 01: +0,1704589200
0.03,1,Jan 07 2024 05: +0,1704603600
0.03,3,Jan 07 2024 06: +0,1704607200
0.03,1,Jan 07 2024 08: +0,1704614400
0.03,3,Jan 07 2024 10: +0,1704621600
0.03,6,Jan 07 2024 12: +0,1704628800
0.03,3,Jan 07 2024 15: +0,1704639600
0.03,2,Jan 07 2024 16: +0,1704643200
0.03,2,Jan 07 2024 17: +0,1704646800
0.03,3,Jan 07 2024 18: +0,1704650400
0.03,1,Jan 07 2024 19: +0,1704654000
0.03,2,Jan 07 2024 20: +0,1704657600
0.03,3,Jan 07 2024 21: +0,1704661200
0.03,1,Jan 07 2024 23: +0,1704668400
0.03,2,Jan 08 2024 00: +0,1704672000
0.03,1,Jan 08 2024 01: +0,1704675600
0.03,14,Jan 08 2024 02: +0,1704679200
0.03,1,Jan 08 2024 03: +0,1704682800
0.03,1,Jan 08 2024 08: +0,1704700800
0.03,104,Jan 08 2024 09: +0,1704704400
0.03,1,Jan 08 2024 12: +0,1704715200
0.03,14,Jan 08 2024 14: +0,1704722400
0.03,1,Jan 08 2024 16: +0,1704729600
0.03,1,Jan 08 2024 17: +0,1704733200
0.03,1,Jan 08 2024 19: +0,1704740400
0.03,13,Jan 08 2024 20: +0,1704744000
0.03,1,Jan 08 2024 23: +0,1704754800
0.03,2,Jan 09 2024 00: +0,1704758400
0.03,1,Jan 09 2024 02: +0,1704765600
0.03,1,Jan 09 2024 09: +0,1704790800
0.03,1,Jan 09 2024 10: +0,1704794400
0.03,1,Jan 09 2024 11: +0,1704798000
0.03,4,Jan 09 2024 13: +0,1704805200
0.03,1,Jan 09 2024 15: +0,1704812400
0.03,3,Jan 09 2024 16: +0,1704816000
0.03,27,Jan 09 2024 17: +0,1704819600
0.03,1,Jan 09 2024 18: +0,1704823200
0.03,3,Jan 09 2024 19: +0,1704826800
0.03,1,Jan 09 2024 20: +0,1704830400
0.03,1,Jan 09 2024 21: +0,1704834000
0.03,1,Jan 09 2024 23: +0,1704841200
0.03,1,Jan 10 2024 01: +0,1704848400
0.03,1,Jan 10 2024 03: +0,1704855600
0.03,1,Jan 10 2024 05: +0,1704862800
0.03,1,Jan 10 2024 07: +0,1704870000
0.03,1,Jan 10 2024 08: +0,1704873600
0.03,3,Jan 10 2024 09: +0,1704877200
0.03,1,Jan 10 2024 10: +0,1704880800
0.03,1,Jan 10 2024 11: +0,1704884400
0.03,1,Jan 10 2024 12: +0,1704888000
0.03,3,Jan 10 2024 13: +0,1704891600
0.03,1,Jan 10 2024 14: +0,1704895200
0.03,1,Jan 10 2024 15: +0,1704898800
0.03,1,Jan 10 2024 16: +0,1704902400
0.03,4,Jan 10 2024 17: +0,1704906000
0.03,76,Jan 10 2024 19: +0,1704913200
0.03,4,Jan 10 2024 20: +0,1704916800
0.03,1,Jan 10 2024 21: +0,1704920400
0.03,7,Jan 10 2024 22: +0,1704924000
0.03,2,Jan 10 2024 23: +0,1704927600
0.03,3,Jan 11 2024 00: +0,1704931200
0.03,1,Jan 11 2024 01: +0,1704934800
0.03,4,Jan 11 2024 03: +0,1704942000
0.03,1,Jan 11 2024 05: +0,1704949200
0.03,12,Jan 11 2024 07: +0,1704956400
0.03,1,Jan 11 2024 10: +0,1704967200
0.03,2,Jan 11 2024 11: +0,1704970800
0.03,2,Jan 11 2024 13: +0,1704978000
0.03,2,Jan 11 2024 15: +0,1704985200
0.03,2,Jan 11 2024 17: +0,1704992400
0.03,3,Jan 11 2024 18: +0,1704996000
0.03,2,Jan 11 2024 19: +0,1704999600
0.03,3,Jan 11 2024 20: +0,1705003200
0.03,2,Jan 11 2024 21: +0,1705006800
0.03,1,Jan 11 2024 22: +0,1705010400
0.03,2,Jan 11 2024 23: +0,1705014000
0.03,6,Jan 12 2024 00: +0,1705017600
0.03,4,Jan 12 2024 01: +0,1705021200
0.03,1,Jan 12 2024 02: +0,1705024800
0.03,1,Jan 12 2024 05: +0,1705035600
0.03,1,Jan 12 2024 07: +0,1705042800
0.03,2,Jan 12 2024 08: +0,1705046400
0.03,1,Jan 12 2024 09: +0,1705050000
0.03,1,Jan 12 2024 10: +0,1705053600
0.03,2,Jan 12 2024 12: +0,1705060800
0.03,1,Jan 12 2024 13: +0,1705064400
0.03,1,Jan 12 2024 15: +0,1705071600
0.03,1,Jan 12 2024 16: +0,1705075200
0.03,5,Jan 12 2024 17: +0,1705078800
0.03,7,Jan 12 2024 18: +0,1705082400
0.03,1,Jan 12 2024 19: +0,1705086000
0.03,17,Jan 12 2024 20: +0,1705089600
0.03,33,Jan 12 2024 21: +0,1705093200
0.03,2,Jan 12 2024 22: +0,1705096800
0.03,71,Jan 12 2024 23: +0,1705100400
0.03,5,Jan 13 2024 01: +0,1705107600
0.03,1,Jan 13 2024 02: +0,1705111200
0.03,2,Jan 13 2024 04: +0,1705118400
0.03,3,Jan 13 2024 05: +0,1705122000
0.03,10,Jan 13 2024 06: +0,1705125600
0.03,1,Jan 13 2024 10: +0,1705140000
0.03,1,Jan 13 2024 11: +0,1705143600
0.03,2,Jan 13 2024 16: +0,1705161600
0.03,3,Jan 13 2024 17: +0,1705165200
0.03,4,Jan 13 2024 18: +0,1705168800
0.03,26,Jan 13 2024 19: +0,1705172400
0.03,2,Jan 13 2024 20: +0,1705176000
0.03,1,Jan 13 2024 21: +0,1705179600
0.03,2,Jan 13 2024 22: +0,1705183200
0.03,7,Jan 13 2024 23: +0,1705186800
0.03,9,Jan 14 2024 00: +0,1705190400
0.03,3,Jan 14 2024 01: +0,1705194000
0.03,2,Jan 14 2024 11: +0,1705230000
0.03,3,Jan 14 2024 13: +0,1705237200
0.03,79,Jan 14 2024 14: +0,1705240800
0.03,2,Jan 14 2024 15: +0,1705244400
0.03,1,Jan 14 2024 21: +0,1705266000
0.03,2,Jan 14 2024 23: +0,1705273200
0.03,1,Jan 15 2024 02: +0,1705284000
0.03,1,Jan 15 2024 03: +0,1705287600
0.03,2,Jan 15 2024 07: +0,1705302000
0.03,1,Jan 15 2024 08: +0,1705305600
0.03,1,Jan 15 2024 09: +0,1705309200
0.03,1,Jan 15 2024 11: +0,1705316400
0.03,1,Jan 15 2024 12: +0,1705320000
0.03,1,Jan 15 2024 13: +0,1705323600
0.03,1,Jan 15 2024 15: +0,1705330800
0.03,4,Jan 15 2024 17: +0,1705338000
0.03,5,Jan 15 2024 18: +0,1705341600
0.03,2,Jan 15 2024 20: +0,1705348800
0.03,1,Jan 15 2024 21: +0,1705352400
0.03,6,Jan 15 2024 23: +0,1705359600
0.03,5,Jan 16 2024 00: +0,1705363200
0.03,2,Jan 16 2024 01: +0,1705366800
0.03,1,Jan 16 2024 02: +0,1705370400
0.03,1,Jan 16 2024 03: +0,1705374000
0.03,2,Jan 16 2024 04: +0,1705377600
0.03,2,Jan 16 2024 06: +0,1705384800
0.03,4,Jan 16 2024 07: +0,1705388400
0.03,1,Jan 16 2024 11: +0,1705402800
0.03,5,Jan 16 2024 12: +0,1705406400
0.03,2,Jan 16 2024 13: +0,1705410000
0.03,2,Jan 16 2024 14: +0,1705413600
0.03,8,Jan 16 2024 16: +0,1705420800
0.03,2,Jan 16 2024 17: +0,1705424400
0.03,4,Jan 16 2024 18: +0,1705428000
0.03,4,Jan 16 2024 19: +0,1705431600
0.03,4,Jan 16 2024 20: +0,1705435200
0.03,8,Jan 16 2024 21: +0,1705438800
0.03,2,Jan 16 2024 22: +0,1705442400
0.03,3,Jan 16 2024 23: +0,1705446000
0.03,3,Jan 17 2024 00: +0,1705449600
0.03,1,Jan 17 2024 01: +0,1705453200
0.03,1,Jan 17 2024 03: +0,1705460400
0.03,5,Jan 17 2024 05: +0,1705467600
0.03,3,Jan 17 2024 08: +0,1705478400
0.03,1,Jan 17 2024 09: +0,1705482000
0.03,4,Jan 17 2024 10: +0,1705485600
0.03,4,Jan 17 2024 13: +0,1705496400
0.03,4,Jan 17 2024 14: +0,1705500000
0.03,5,Jan 17 2024 15: +0,1705503600
0.03,2,Jan 17 2024 16: +0,1705507200
0.03,3,Jan 17 2024 17: +0,1705510800
0.03,75,Jan 17 2024 18: +0,1705514400
0.03,1,Jan 17 2024 19: +0,1705518000
0.03,4,Jan 17 2024 20: +0,1705521600
0.03,1,Jan 18 2024 01: +0,1705539600
0.03,4,Jan 18 2024 03: +0,1705546800
0.03,4,Jan 18 2024 05: +0,1705554000
0.03,1,Jan 18 2024 06: +0,1705557600
0.03,1,Jan 18 2024 10: +0,1705572000
0.03,1,Jan 18 2024 11: +0,1705575600
0.03,5,Jan 18 2024 13: +0,1705582800
0.03,4,Jan 18 2024 14: +0,1705586400
0.03,12,Jan 18 2024 17: +0,1705597200
0.03,1,Jan 18 2024 18: +0,1705600800
0.03,1,Jan 18 2024 19: +0,1705604400
0.03,1,Jan 18 2024 20: +0,1705608000
0.03,20,Jan 18 2024 21: +0,1705611600
0.03,3,Jan 18 2024 22: +0,1705615200
0.03,1,Jan 18 2024 23: +0,1705618800
0.03,1,Jan 19 2024 03: +0,1705633200
0.03,2,Jan 19 2024 04: +0,1705636800
0.03,32,Jan 19 2024 06: +0,1705644000
0.03,22,Jan 19 2024 07: +0,1705647600
0.03,6,Jan 19 2024 10: +0,1705658400
0.03,5,Jan 19 2024 11: +0,1705662000
0.03,1,Jan 19 2024 13: +0,1705669200
0.03,1,Jan 19 2024 14: +0,1705672800
0.03,1,Jan 19 2024 15: +0,1705676400
0.03,2,Jan 19 2024 17: +0,1705683600
0.03,1,Jan 19 2024 18: +0,1705687200
0.03,3,Jan 19 2024 21: +0,1705698000
0.03,1,Jan 19 2024 22: +0,1705701600
0.03,2,Jan 20 2024 00: +0,1705708800
0.03,5,Jan 20 2024 03: +0,1705719600
0.03,5,Jan 20 2024 06: +0,1705730400
0.03,2,Jan 20 2024 09: +0,1705741200
0.03,2,Jan 20 2024 10: +0,1705744800
0.03,10,Jan 20 2024 12: +0,1705752000
0.03,1,Jan 20 2024 13: +0,1705755600
0.03,1,Jan 20 2024 14: +0,1705759200
0.03,2,Jan 20 2024 15: +0,1705762800
0.03,1,Jan 20 2024 16: +0,1705766400
0.03,1,Jan 20 2024 17: +0,1705770000
0.03,1,Jan 20 2024 18: +0,1705773600
0.03,1,Jan 20 2024 19: +0,1705777200
0.03,1,Jan 20 2024 22: +0,1705788000
0.03,2,Jan 20 2024 23: +0,1705791600
0.03,2,Jan 21 2024 00: +0,1705795200
0.03,3,Jan 21 2024 01: +0,1705798800
0.03,3,Jan 21 2024 05: +0,1705813200
0.03,1,Jan 21 2024 06: +0,1705816800
0.03,2,Jan 21 2024 07: +0,1705820400
0.03,1,Jan 21 2024 08: +0,1705824000
0.03,2,Jan 21 2024 10: +0,1705831200
0.03,16,Jan 21 2024 12: +0,1705838400
0.03,23,Jan 21 2024 13: +0,1705842000
0.03,14,Jan 21 2024 14: +0,1705845600
0.03,4,Jan 21 2024 15: +0,1705849200
0.03,125,Jan 21 2024 16: +0,1705852800
0.03,98,Jan 21 2024 17: +0,1705856400
0.03,39,Jan 21 2024 18: +0,1705860000
0.03,4,Jan 21 2024 19: +0,1705863600
0.03,1,Jan 21 2024 20: +0,1705867200
0.03,4,Jan 21 2024 21: +0,1705870800
0.03,1,Jan 21 2024 23: +0,1705878000
0.03,1,Jan 22 2024 00: +0,1705881600
0.03,1,Jan 22 2024 07: +0,1705906800
0.03,1,Jan 22 2024 11: +0,1705921200
0.03,1,Jan 22 2024 12: +0,1705924800
0.03,5,Jan 22 2024 13: +0,1705928400
0.03,4,Jan 22 2024 14: +0,1705932000
0.03,3,Jan 22 2024 15: +0,1705935600
0.03,3,Jan 22 2024 16: +0,1705939200
0.03,4,Jan 22 2024 17: +0,1705942800
0.03,1,Jan 22 2024 18: +0,1705946400
0.03,5,Jan 22 2024 20: +0,1705953600
0.03,3,Jan 22 2024 22: +0,1705960800
0.03,2,Jan 23 2024 00: +0,1705968000
0.03,1,Jan 23 2024 01: +0,1705971600
0.03,1,Jan 23 2024 02: +0,1705975200
0.03,1,Jan 23 2024 03: +0,1705978800
0.03,1,Jan 23 2024 10: +0,1706004000
0.03,2,Jan 23 2024 11: +0,1706007600
0.03,2,Jan 23 2024 12: +0,1706011200
0.03,2,Jan 23 2024 14: +0,1706018400
0.03,1,Jan 23 2024 15: +0,1706022000
0.03,9,Jan 23 2024 16: +0,1706025600
0.03,1,Jan 23 2024 17: +0,1706029200
0.03,4,Jan 23 2024 20: +0,1706040000
0.03,1,Jan 23 2024 21: +0,1706043600
0.03,2,Jan 23 2024 22: +0,1706047200
0.03,2,Jan 23 2024 23: +0,1706050800
0.03,1,Jan 24 2024 02: +0,1706061600
0.03,2,Jan 24 2024 03: +0,1706065200
0.03,2,Jan 24 2024 09: +0,1706086800
0.03,4,Jan 24 2024 11: +0,1706094000
0.03,1,Jan 24 2024 13: +0,1706101200
0.03,1,Jan 24 2024 16: +0,1706112000
0.03,1,Jan 24 2024 17: +0,1706115600
0.03,3,Jan 24 2024 20: +0,1706126400
0.03,1,Jan 24 2024 22: +0,1706133600
0.03,2,Jan 24 2024 23: +0,1706137200
0.03,9,Jan 25 2024 06: +0,1706162400
0.03,1,Jan 25 2024 09: +0,1706173200
0.03,1,Jan 25 2024 10: +0,1706176800
0.03,2,Jan 25 2024 13: +0,1706187600
0.03,1,Jan 25 2024 14: +0,1706191200
0.03,4,Jan 25 2024 18: +0,1706205600
0.03,1,Jan 25 2024 19: +0,1706209200
0.03,2,Jan 25 2024 20: +0,1706212800
0.03,3,Jan 25 2024 21: +0,1706216400
0.03,2,Jan 25 2024 22: +0,1706220000
0.03,1,Jan 26 2024 00: +0,1706227200
0.03,1,Jan 26 2024 01: +0,1706230800
0.03,3,Jan 26 2024 04: +0,1706241600
0.03,2,Jan 26 2024 05: +0,1706245200
0.03,1,Jan 26 2024 06: +0,1706248800
0.03,1,Jan 26 2024 07: +0,1706252400
0.03,19,Jan 26 2024 08: +0,1706256000
0.03,2,Jan 26 2024 12: +0,1706270400
0.03,5,Jan 26 2024 13: +0,1706274000
0.03,3,Jan 26 2024 15: +0,1706281200
0.03,2,Jan 26 2024 17: +0,1706288400
0.03,10,Jan 26 2024 18: +0,1706292000
0.03,4,Jan 26 2024 19: +0,1706295600
0.03,1,Jan 26 2024 21: +0,1706302800
0.03,1,Jan 26 2024 23: +0,1706310000
0.03,14,Jan 27 2024 00: +0,1706313600
0.03,1,Jan 27 2024 01: +0,1706317200
0.03,1,Jan 27 2024 03: +0,1706324400
0.03,1,Jan 27 2024 04: +0,1706328000
0.03,1,Jan 27 2024 05: +0,1706331600
0.03,2,Jan 27 2024 06: +0,1706335200
0.03,3,Jan 27 2024 09: +0,1706346000
0.03,4,Jan 27 2024 10: +0,1706349600
0.03,1,Jan 27 2024 11: +0,1706353200
0.03,2,Jan 27 2024 13: +0,1706360400
0.03,6,Jan 27 2024 15: +0,1706367600
0.03,2,Jan 27 2024 16: +0,1706371200
0.03,3,Jan 27 2024 17: +0,1706374800
0.03,2,Jan 27 2024 18: +0,1706378400
0.03,2,Jan 27 2024 21: +0,1706389200
0.03,1,Jan 27 2024 23: +0,1706396400
0.03,5,Jan 28 2024 00: +0,1706400000
0.03,2,Jan 28 2024 01: +0,1706403600
0.03,1,Jan 28 2024 03: +0,1706410800
0.03,7,Jan 28 2024 04: +0,1706414400
0.03,1,Jan 28 2024 07: +0,1706425200
0.03,2,Jan 28 2024 09: +0,1706432400
0.03,2,Jan 28 2024 11: +0,1706439600
0.03,1,Jan 28 2024 12: +0,1706443200
0.03,1,Jan 28 2024 14: +0,1706450400
0.03,1,Jan 28 2024 15: +0,1706454000
0.03,1,Jan 28 2024 16: +0,1706457600
0.03,1,Jan 28 2024 18: +0,1706464800
0.03,1,Jan 28 2024 19: +0,1706468400
0.03,1,Jan 28 2024 20: +0,1706472000
0.03,4,Jan 28 2024 21: +0,1706475600
0.03,1,Jan 28 2024 23: +0,1706482800
0.03,5,Jan 29 2024 02: +0,1706493600
0.03,2,Jan 29 2024 04: +0,1706500800
0.03,2,Jan 29 2024 05: +0,1706504400
0.03,1,Jan 29 2024 07: +0,1706511600
0.03,5,Jan 29 2024 08: +0,1706515200
0.03,3,Jan 29 2024 09: +0,1706518800
0.03,1,Jan 29 2024 10: +0,1706522400
0.03,2,Jan 29 2024 11: +0,1706526000
0.03,22,Jan 29 2024 13: +0,1706533200
0.03,3,Jan 29 2024 15: +0,1706540400
0.03,22,Jan 29 2024 16: +0,1706544000
0.03,1,Jan 29 2024 17: +0,1706547600
0.03,1,Jan 29 2024 19: +0,1706554800
0.03,14,Jan 29 2024 20: +0,1706558400
0.03,14,Jan 29 2024 21: +0,1706562000
0.03,4,Jan 29 2024 22: +0,1706565600
0.03,17,Jan 29 2024 23: +0,1706569200
0.03,1,Jan 30 2024 00: +0,1706572800
0.03,6,Jan 30 2024 01: +0,1706576400
0.03,1,Jan 30 2024 09: +0,1706605200
0.03,1,Jan 30 2024 12: +0,1706616000
0.03,1,Jan 30 2024 14: +0,1706623200
0.03,4,Jan 30 2024 15: +0,1706626800
0.03,1,Jan 30 2024 16: +0,1706630400
0.03,4,Jan 30 2024 18: +0,1706637600
0.03,4,Jan 30 2024 19: +0,1706641200
0.03,1,Jan 30 2024 20: +0,1706644800
0.03,3,Jan 30 2024 21: +0,1706648400
0.03,1,Jan 30 2024 22: +0,1706652000
0.03,10,Jan 30 2024 23: +0,1706655600
0.03,4,Jan 31 2024 00: +0,1706659200
0.03,1,Jan 31 2024 02: +0,1706666400
0.03,2,Jan 31 2024 03: +0,1706670000
0.03,1,Jan 31 2024 04: +0,1706673600
0.03,1,Jan 31 2024 05: +0,1706677200
0.03,2,Jan 31 2024 06: +0,1706680800
0.03,12,Jan 31 2024 07: +0,1706684400
0.03,1,Jan 31 2024 09: +0,1706691600
0.03,1,Jan 31 2024 11: +0,1706698800
0.03,1,Jan 31 2024 13: +0,1706706000
0.03,1,Jan 31 2024 14: +0,1706709600
0.03,1,Jan 31 2024 15: +0,1706713200
0.03,5,Jan 31 2024 16: +0,1706716800
0.03,3,Jan 31 2024 19: +0,1706727600
0.03,2,Jan 31 2024 20: +0,1706731200
0.03,1,Jan 31 2024 21: +0,1706734800
0.03,1,Jan 31 2024 22: +0,1706738400
0.03,1,Feb 01 2024 00: +0,1706745600
0.03,1,Feb 01 2024 01: +0,1706749200
0.03,1,Feb 01 2024 02: +0,1706752800
0.03,7,Feb 01 2024 05: +0,1706763600
0.03,1,Feb 01 2024 06: +0,1706767200
0.03,3,Feb 01 2024 08: +0,1706774400
0.03,9,Feb 01 2024 09: +0,1706778000
0.03,2,Feb 01 2024 10: +0,1706781600
0.03,30,Feb 01 2024 11: +0,1706785200
0.03,1,Feb 01 2024 13: +0,1706792400
0.03,3,Feb 01 2024 14: +0,1706796000
0.03,1,Feb 01 2024 15: +0,1706799600
0.03,1,Feb 01 2024 16: +0,1706803200
0.03,7,Feb 01 2024 17: +0,1706806800
0.03,1,Feb 01 2024 18: +0,1706810400
0.03,1,Feb 01 2024 19: +0,1706814000
0.03,1,Feb 01 2024 20: +0,1706817600
0.03,5,Feb 01 2024 22: +0,1706824800
0.03,1,Feb 01 2024 23: +0,1706828400
0.03,1,Feb 02 2024 02: +0,1706839200
0.03,2,Feb 02 2024 04: +0,1706846400
0.03,1,Feb 02 2024 07: +0,1706857200
0.03,12,Feb 02 2024 11: +0,1706871600
0.03,1,Feb 02 2024 12: +0,1706875200
0.03,1,Feb 02 2024 16: +0,1706889600
0.03,3,Feb 02 2024 17: +0,1706893200
0.03,3,Feb 02 2024 19: +0,1706900400
0.03,1,Feb 02 2024 21: +0,1706907600
0.03,3,Feb 02 2024 23: +0,1706914800
0.03,1,Feb 03 2024 00: +0,1706918400
0.03,4,Feb 03 2024 04: +0,1706932800
0.03,1,Feb 03 2024 07: +0,1706943600
0.03,10,Feb 03 2024 08: +0,1706947200
0.03,2,Feb 03 2024 09: +0,1706950800
0.03,1,Feb 03 2024 11: +0,1706958000
0.03,2,Feb 03 2024 12: +0,1706961600
0.03,1,Feb 03 2024 16: +0,1706976000
0.03,6,Feb 03 2024 17: +0,1706979600
0.03,3,Feb 03 2024 18: +0,1706983200
0.03,4,Feb 03 2024 20: +0,1706990400
0.03,3,Feb 03 2024 21: +0,1706994000
0.03,1,Feb 03 2024 22: +0,1706997600
0.03,2,Feb 03 2024 23: +0,1707001200
0.03,3,Feb 04 2024 01: +0,1707008400
0.03,1,Feb 04 2024 03: +0,1707015600
0.03,3,Feb 04 2024 05: +0,1707022800
0.03,1,Feb 04 2024 06: +0,1707026400
0.03,2,Feb 04 2024 09: +0,1707037200
0.03,1,Feb 04 2024 15: +0,1707058800
0.03,1,Feb 04 2024 16: +0,1707062400
0.03,1,Feb 04 2024 17: +0,1707066000
0.03,9,Feb 04 2024 18: +0,1707069600
0.03,1,Feb 04 2024 19: +0,1707073200
0.03,1,Feb 04 2024 20: +0,1707076800
0.03,12,Feb 04 2024 21: +0,1707080400
0.03,3,Feb 04 2024 22: +0,1707084000
0.03,6,Feb 04 2024 23: +0,1707087600
0.03,2,Feb 05 2024 00: +0,1707091200
0.03,1,Feb 05 2024 01: +0,1707094800
0.03,1,Feb 05 2024 02: +0,1707098400
0.03,54,Feb 05 2024 03: +0,1707102000
0.03,1,Feb 05 2024 04: +0,1707105600
0.03,1,Feb 05 2024 07: +0,1707116400
0.03,1,Feb 05 2024 08: +0,1707120000
0.03,4,Feb 05 2024 09: +0,1707123600
0.03,2,Feb 05 2024 10: +0,1707127200
0.03,3,Feb 05 2024 12: +0,1707134400
0.03,4,Feb 05 2024 14: +0,1707141600
0.03,3,Feb 05 2024 15: +0,1707145200
0.03,1,Feb 05 2024 16: +0,1707148800
0.03,1,Feb 05 2024 17: +0,1707152400
0.03,9,Feb 05 2024 18: +0,1707156000
0.03,1,Feb 05 2024 20: +0,1707163200
0.03,1,Feb 05 2024 21: +0,1707166800
0.03,2,Feb 05 2024 22: +0,1707170400
0.03,5,Feb 05 2024 23: +0,1707174000
0.03,4,Feb 06 2024 01: +0,1707181200
0.03,10,Feb 06 2024 03: +0,1707188400
0.03,5,Feb 06 2024 05: +0,1707195600
0.03,2,Feb 06 2024 10: +0,1707213600
0.03,2,Feb 06 2024 12: +0,1707220800
0.03,1,Feb 06 2024 13: +0,1707224400
0.03,3,Feb 06 2024 14: +0,1707228000
0.03,2,Feb 06 2024 16: +0,1707235200
0.03,1,Feb 06 2024 17: +0,1707238800
0.03,1,Feb 06 2024 19: +0,1707246000
0.03,2,Feb 06 2024 20: +0,1707249600
0.03,1,Feb 06 2024 22: +0,1707256800
0.03,1,Feb 07 2024 00: +0,1707264000
0.03,4,Feb 07 2024 02: +0,1707271200
0.03,5,Feb 07 2024 03: +0,1707274800
0.03,1,Feb 07 2024 05: +0,1707282000
0.03,1,Feb 07 2024 06: +0,1707285600
0.03,2,Feb 07 2024 09: +0,1707296400
0.03,2,Feb 07 2024 12: +0,1707307200
0.03,2,Feb 07 2024 13: +0,1707310800
0.03,1,Feb 07 2024 14: +0,1707314400
0.03,3,Feb 07 2024 16: +0,1707321600
0.03,9,Feb 07 2024 17: +0,1707325200
0.03,3,Feb 07 2024 18: +0,1707328800
0.03,6,Feb 07 2024 19: +0,1707332400
0.03,5,Feb 07 2024 20: +0,1707336000
0.03,4,Feb 07 2024 21: +0,1707339600
0.03,1,Feb 07 2024 22: +0,1707343200
0.03,3,Feb 07 2024 23: +0,1707346800
0.03,3,Feb 08 2024 00: +0,1707350400
0.03,3,Feb 08 2024 03: +0,1707361200
0.03,2,Feb 08 2024 05: +0,1707368400
0.03,1,Feb 08 2024 06: +0,1707372000
0.03,4,Feb 08 2024 07: +0,1707375600
0.03,3,Feb 08 2024 08: +0,1707379200
0.03,8,Feb 08 2024 09: +0,1707382800
0.03,2,Feb 08 2024 10: +0,1707386400
0.03,6,Feb 08 2024 12: +0,1707393600
0.03,2,Feb 08 2024 13: +0,1707397200
0.03,2,Feb 08 2024 14: +0,1707400800
0.03,2,Feb 08 2024 15: +0,1707404400
0.03,1,Feb 08 2024 16: +0,1707408000
0.03,5,Feb 08 2024 17: +0,1707411600
0.03,1,Feb 08 2024 18: +0,1707415200
0.03,16,Feb 08 2024 20: +0,1707422400
0.03,2,Feb 08 2024 21: +0,1707426000
0.03,1,Feb 08 2024 22: +0,1707429600
0.03,6,Feb 08 2024 23: +0,1707433200
0.03,3,Feb 09 2024 00: +0,1707436800
0.03,2,Feb 09 2024 01: +0,1707440400
0.03,1,Feb 09 2024 02: +0,1707444000
0.03,1,Feb 09 2024 05: +0,1707454800
0.03,1,Feb 09 2024 06: +0,1707458400
0.03,1,Feb 09 2024 07: +0,1707462000
0.03,1,Feb 09 2024 08: +0,1707465600
0.03,1,Feb 09 2024 09: +0,1707469200
0.03,1,Feb 09 2024 10: +0,1707472800
0.03,2,Feb 09 2024 12: +0,1707480000
0.03,1,Feb 09 2024 13: +0,1707483600
0.03,2,Feb 09 2024 15: +0,1707490800
0.03,6,Feb 09 2024 16: +0,1707494400
0.03,1,Feb 09 2024 17: +0,1707498000
0.03,3,Feb 09 2024 18: +0,1707501600
0.03,11,Feb 09 2024 19: +0,1707505200
0.03,4,Feb 09 2024 20: +0,1707508800
0.03,11,Feb 09 2024 21: +0,1707512400
0.03,3,Feb 09 2024 22: +0,1707516000
0.03,1,Feb 10 2024 02: +0,1707530400
0.03,10,Feb 10 2024 03: +0,1707534000
0.03,3,Feb 10 2024 07: +0,1707548400
0.03,2,Feb 10 2024 08: +0,1707552000
0.03,10,Feb 10 2024 09: +0,1707555600
0.03,2,Feb 10 2024 10: +0,1707559200
0.03,3,Feb 10 2024 11: +0,1707562800
0.03,2,Feb 10 2024 12: +0,1707566400
0.03,11,Feb 10 2024 13: +0,1707570000
0.03,1,Feb 10 2024 14: +0,1707573600
0.03,1,Feb 10 2024 15: +0,1707577200
0.03,2,Feb 10 2024 17: +0,1707584400
0.03,8,Feb 10 2024 18: +0,1707588000
0.03,1,Feb 10 2024 19: +0,1707591600
0.03,19,Feb 10 2024 20: +0,1707595200
0.03,1,Feb 10 2024 21: +0,1707598800
0.03,1,Feb 10 2024 22: +0,1707602400
0.03,1,Feb 11 2024 01: +0,1707613200
0.03,1,Feb 11 2024 06: +0,1707631200
0.03,1,Feb 11 2024 08: +0,1707638400
0.03,4,Feb 11 2024 11: +0,1707649200
0.03,1,Feb 11 2024 12: +0,1707652800
0.03,3,Feb 11 2024 13: +0,1707656400
0.03,1,Feb 11 2024 14: +0,1707660000
0.03,2,Feb 11 2024 16: +0,1707667200
0.03,5,Feb 11 2024 17: +0,1707670800
0.03,1,Feb 11 2024 18: +0,1707674400
0.03,10,Feb 11 2024 19: +0,1707678000
0.03,2,Feb 11 2024 21: +0,1707685200
0.03,1,Feb 11 2024 22: +0,1707688800
0.03,2,Feb 11 2024 23: +0,1707692400
0.03,1,Feb 12 2024 04: +0,1707710400
0.03,12,Feb 12 2024 06: +0,1707717600
0.03,1,Feb 12 2024 08: +0,1707724800
0.03,37,Feb 12 2024 09: +0,1707728400
0.03,2,Feb 12 2024 10: +0,1707732000
0.03,1,Feb 12 2024 12: +0,1707739200
0.03,1,Feb 12 2024 13: +0,1707742800
0.03,2,Feb 12 2024 17: +0,1707757200
0.03,1,Feb 12 2024 18: +0,1707760800
0.03,6,Feb 12 2024 19: +0,1707764400
0.03,1,Feb 12 2024 20: +0,1707768000
0.03,2,Feb 12 2024 21: +0,1707771600
0.03,1,Feb 12 2024 22: +0,1707775200
0.03,1,Feb 12 2024 23: +0,1707778800
0.03,1,Feb 13 2024 02: +0,1707789600
0.03,1,Feb 13 2024 04: +0,1707796800
0.03,1,Feb 13 2024 05: +0,1707800400
0.03,3,Feb 13 2024 06: +0,1707804000
0.03,1,Feb 13 2024 07: +0,1707807600
0.03,1,Feb 13 2024 08: +0,1707811200
0.03,1,Feb 13 2024 09: +0,1707814800
0.03,3,Feb 13 2024 10: +0,1707818400
0.03,1,Feb 13 2024 12: +0,1707825600
0.03,1,Feb 13 2024 13: +0,1707829200
0.03,1,Feb 13 2024 14: +0,1707832800
0.03,4,Feb 13 2024 16: +0,1707840000
0.03,1,Feb 13 2024 17: +0,1707843600
0.03,1,Feb 13 2024 18: +0,1707847200
0.03,2,Feb 13 2024 19: +0,1707850800
0.03,3,Feb 13 2024 20: +0,1707854400
0.03,2,Feb 13 2024 21: +0,1707858000
0.03,3,Feb 13 2024 22: +0,1707861600
0.03,1,Feb 14 2024 00: +0,1707868800
0.03,2,Feb 14 2024 03: +0,1707879600
0.03,1,Feb 14 2024 05: +0,1707886800
0.03,1,Feb 14 2024 07: +0,1707894000
0.03,2,Feb 14 2024 10: +0,1707904800
0.03,4,Feb 14 2024 12: +0,1707912000
0.03,1,Feb 14 2024 13: +0,1707915600
0.03,1,Feb 14 2024 14: +0,1707919200
0.03,3,Feb 14 2024 15: +0,1707922800
0.03,2,Feb 14 2024 16: +0,1707926400
0.03,9,Feb 14 2024 17: +0,1707930000
0.03,4,Feb 14 2024 18: +0,1707933600
0.03,98,Feb 14 2024 19: +0,1707937200
0.03,6,Feb 14 2024 20: +0,1707940800
0.03,13,Feb 14 2024 21: +0,1707944400
0.03,1,Feb 14 2024 22: +0,1707948000
0.03,2,Feb 15 2024 00: +0,1707955200
0.03,4,Feb 15 2024 02: +0,1707962400
0.03,1,Feb 15 2024 03: +0,1707966000
0.03,5,Feb 15 2024 04: +0,1707969600
0.03,1,Feb 15 2024 05: +0,1707973200
0.03,1,Feb 15 2024 08: +0,1707984000
0.03,1,Feb 15 2024 11: +0,1707994800
0.03,1,Feb 15 2024 12: +0,1707998400
0.03,1,Feb 15 2024 13: +0,1708002000
0.03,1,Feb 15 2024 14: +0,1708005600
0.03,1,Feb 15 2024 16: +0,1708012800
0.03,6,Feb 15 2024 17: +0,1708016400
0.03,3,Feb 15 2024 18: +0,1708020000
0.03,3,Feb 15 2024 19: +0,1708023600
0.03,28,Feb 15 2024 20: +0,1708027200
0.03,1,Feb 16 2024 01: +0,1708045200
0.03,2,Feb 16 2024 04: +0,1708056000
0.03,1,Feb 16 2024 07: +0,1708066800
0.03,1,Feb 16 2024 09: +0,1708074000
0.03,1,Feb 16 2024 14: +0,1708092000
0.03,2,Feb 16 2024 15: +0,1708095600
0.03,1,Feb 16 2024 16: +0,1708099200
0.03,1,Feb 16 2024 17: +0,1708102800
0.03,3,Feb 16 2024 18: +0,1708106400
0.03,6,Feb 16 2024 19: +0,1708110000
0.03,1,Feb 16 2024 20: +0,1708113600
0.03,2,Feb 16 2024 21: +0,1708117200
0.03,5,Feb 16 2024 22: +0,1708120800
0.03,1,Feb 16 2024 23: +0,1708124400
0.03,1,Feb 17 2024 00: +0,1708128000
0.03,1,Feb 17 2024 04: +0,1708142400
0.03,1,Feb 17 2024 05: +0,1708146000
0.03,3,Feb 17 2024 06: +0,1708149600
0.03,10,Feb 17 2024 07: +0,1708153200
0.03,1,Feb 17 2024 09: +0,1708160400
0.03,2,Feb 17 2024 10: +0,1708164000
0.03,3,Feb 17 2024 11: +0,1708167600
0.03,1,Feb 17 2024 13: +0,1708174800
0.03,3,Feb 17 2024 14: +0,1708178400
0.03,3,Feb 17 2024 15: +0,1708182000
0.03,4,Feb 17 2024 16: +0,1708185600
0.03,2,Feb 17 2024 17: +0,1708189200
0.03,4,Feb 17 2024 18: +0,1708192800
0.03,2,Feb 17 2024 19: +0,1708196400
0.03,5,Feb 17 2024 20: +0,1708200000
0.03,4,Feb 17 2024 22: +0,1708207200
0.03,1,Feb 17 2024 23: +0,1708210800
0.03,4,Feb 18 2024 00: +0,1708214400
0.03,1,Feb 18 2024 01: +0,1708218000
0.03,2,Feb 18 2024 03: +0,1708225200
0.03,2,Feb 18 2024 05: +0,1708232400
0.03,1,Feb 18 2024 06: +0,1708236000
0.03,2,Feb 18 2024 08: +0,1708243200
0.03,2,Feb 18 2024 09: +0,1708246800
0.03,3,Feb 18 2024 10: +0,1708250400
0.03,1,Feb 18 2024 11: +0,1708254000
0.03,2,Feb 18 2024 12: +0,1708257600
0.03,4,Feb 18 2024 13: +0,1708261200
0.03,3,Feb 18 2024 14: +0,1708264800
0.03,2,Feb 18 2024 15: +0,1708268400
0.03,1,Feb 18 2024 16: +0,1708272000
0.03,11,Feb 18 2024 17: +0,1708275600
0.03,1,Feb 18 2024 18: +0,1708279200
0.03,1,Feb 18 2024 19: +0,1708282800
0.03,1,Feb 18 2024 23: +0,1708297200
0.03,2,Feb 19 2024 00: +0,1708300800
0.03,1,Feb 19 2024 01: +0,1708304400
0.03,3,Feb 19 2024 08: +0,1708329600
0.03,1,Feb 19 2024 09: +0,1708333200
0.03,6,Feb 19 2024 10: +0,1708336800
0.03,2,Feb 19 2024 11: +0,1708340400
0.03,2,Feb 19 2024 12: +0,1708344000
0.03,14,Feb 19 2024 13: +0,1708347600
0.03,1,Feb 19 2024 14: +0,1708351200
0.03,2,Feb 19 2024 15: +0,1708354800
0.03,1,Feb 19 2024 16: +0,1708358400
0.03,1,Feb 19 2024 17: +0,1708362000
0.03,1,Feb 19 2024 18: +0,1708365600
0.03,2,Feb 19 2024 19: +0,1708369200
0.03,1,Feb 19 2024 20: +0,1708372800
0.03,3,Feb 19 2024 21: +0,1708376400
0.03,2,Feb 20 2024 01: +0,1708390800
0.03,1,Feb 20 2024 02: +0,1708394400
0.03,2,Feb 20 2024 04: +0,1708401600
0.03,1,Feb 20 2024 05: +0,1708405200
0.03,1,Feb 20 2024 10: +0,1708423200
0.03,1,Feb 20 2024 13: +0,1708434000
0.03,2,Feb 20 2024 14: +0,1708437600
0.03,1,Feb 20 2024 15: +0,1708441200
0.03,1,Feb 20 2024 16: +0,1708444800
0.03,2,Feb 20 2024 17: +0,1708448400
0.03,1,Feb 20 2024 18: +0,1708452000
0.03,2,Feb 20 2024 19: +0,1708455600
0.03,2,Feb 20 2024 20: +0,1708459200
0.03,1,Feb 20 2024 21: +0,1708462800
0.03,1,Feb 20 2024 22: +0,1708466400
0.03,1,Feb 20 2024 23: +0,1708470000
0.03,1,Feb 21 2024 01: +0,1708477200
0.03,1,Feb 21 2024 02: +0,1708480800
0.03,2,Feb 21 2024 03: +0,1708484400
0.03,1,Feb 21 2024 04: +0,1708488000
0.03,2,Feb 21 2024 06: +0,1708495200
0.03,8,Feb 21 2024 08: +0,1708502400
0.03,1,Feb 21 2024 12: +0,1708516800
0.03,2,Feb 21 2024 13: +0,1708520400
0.03,1,Feb 21 2024 14: +0,1708524000
0.03,1,Feb 21 2024 16: +0,1708531200
0.03,2,Feb 21 2024 17: +0,1708534800
0.03,2,Feb 21 2024 18: +0,1708538400
0.03,1,Feb 21 2024 20: +0,1708545600
0.03,2,Feb 21 2024 21: +0,1708549200
0.03,1,Feb 21 2024 22: +0,1708552800
0.03,1,Feb 22 2024 01: +0,1708563600
0.03,2,Feb 22 2024 04: +0,1708574400
0.03,1,Feb 22 2024 10: +0,1708596000
0.03,5,Feb 22 2024 12: +0,1708603200
0.03,1,Feb 22 2024 14: +0,1708610400
0.03,1,Feb 22 2024 15: +0,1708614000
0.03,2,Feb 22 2024 16: +0,1708617600
0.03,3,Feb 22 2024 18: +0,1708624800
0.03,1,Feb 22 2024 19: +0,1708628400
0.03,3,Feb 22 2024 21: +0,1708635600
0.03,5,Feb 22 2024 22: +0,1708639200
0.03,12,Feb 22 2024 23: +0,1708642800
0.03,4,Feb 23 2024 00: +0,1708646400
0.03,3,Feb 23 2024 04: +0,1708660800
0.03,1,Feb 23 2024 08: +0,1708675200
0.03,1,Feb 23 2024 10: +0,1708682400
0.03,1,Feb 23 2024 11: +0,1708686000
0.03,1,Feb 23 2024 12: +0,1708689600
0.03,3,Feb 23 2024 15: +0,1708700400
0.03,6,Feb 23 2024 16: +0,1708704000
0.03,4,Feb 23 2024 17: +0,1708707600
0.03,5,Feb 23 2024 18: +0,1708711200
0.03,19,Feb 23 2024 19: +0,1708714800
0.03,2,Feb 23 2024 20: +0,1708718400
0.03,5,Feb 23 2024 22: +0,1708725600
0.03,2,Feb 23 2024 23: +0,1708729200
0.03,1,Feb 24 2024 01: +0,1708736400
0.03,1,Feb 24 2024 03: +0,1708743600
0.03,1,Feb 24 2024 04: +0,1708747200
0.03,1,Feb 24 2024 07: +0,1708758000
0.03,2,Feb 24 2024 08: +0,1708761600
0.03,2,Feb 24 2024 09: +0,1708765200
0.03,1,Feb 24 2024 10: +0,1708768800
0.03,2,Feb 24 2024 11: +0,1708772400
0.03,3,Feb 24 2024 12: +0,1708776000
0.03,2,Feb 24 2024 14: +0,1708783200
0.03,1,Feb 24 2024 15: +0,1708786800
0.03,1,Feb 24 2024 16: +0,1708790400
0.03,1,Feb 24 2024 17: +0,1708794000
0.03,2,Feb 24 2024 18: +0,1708797600
0.03,6,Feb 24 2024 19: +0,1708801200
0.03,2,Feb 24 2024 21: +0,1708808400
0.03,1,Feb 25 2024 02: +0,1708826400
0.03,3,Feb 25 2024 11: +0,1708858800
0.03,2,Feb 25 2024 12: +0,1708862400
0.03,8,Feb 25 2024 13: +0,1708866000
0.03,9,Feb 25 2024 14: +0,1708869600
0.03,1,Feb 25 2024 15: +0,1708873200
0.03,2,Feb 25 2024 16: +0,1708876800
0.03,1,Feb 25 2024 17: +0,1708880400
0.03,3,Feb 25 2024 18: +0,1708884000
0.03,1,Feb 25 2024 19: +0,1708887600
0.03,2,Feb 25 2024 20: +0,1708891200
0.03,10,Feb 25 2024 21: +0,1708894800
0.03,2,Feb 25 2024 22: +0,1708898400
0.03,1,Feb 26 2024 01: +0,1708909200
0.03,1,Feb 26 2024 02: +0,1708912800
0.03,1,Feb 26 2024 04: +0,1708920000
0.03,2,Feb 26 2024 05: +0,1708923600
0.03,1,Feb 26 2024 08: +0,1708934400
0.03,11,Feb 26 2024 10: +0,1708941600
0.03,1,Feb 26 2024 11: +0,1708945200
0.03,1,Feb 26 2024 14: +0,1708956000
0.03,1,Feb 26 2024 16: +0,1708963200
0.03,1,Feb 26 2024 17: +0,1708966800
0.03,3,Feb 26 2024 18: +0,1708970400
0.03,2,Feb 26 2024 19: +0,1708974000
0.03,19,Feb 26 2024 20: +0,1708977600
0.03,1,Feb 26 2024 21: +0,1708981200
0.03,1,Feb 26 2024 22: +0,1708984800
0.03,1,Feb 26 2024 23: +0,1708988400
0.03,1,Feb 27 2024 01: +0,1708995600
0.03,4,Feb 27 2024 08: +0,1709020800
0.03,1,Feb 27 2024 09: +0,1709024400
0.03,2,Feb 27 2024 10: +0,1709028000
0.03,1,Feb 27 2024 12: +0,1709035200
0.03,8,Feb 27 2024 13: +0,1709038800
0.03,1,Feb 27 2024 15: +0,1709046000
0.03,1,Feb 27 2024 16: +0,1709049600
0.03,1,Feb 27 2024 17: +0,1709053200
0.03,1,Feb 27 2024 18: +0,1709056800
0.03,1,Feb 27 2024 20: +0,1709064000
0.03,3,Feb 27 2024 22: +0,1709071200
0.03,2,Feb 27 2024 23: +0,1709074800
0.03,1,Feb 28 2024 09: +0,1709110800
0.03,14,Feb 28 2024 12: +0,1709121600
0.03,3,Feb 28 2024 14: +0,1709128800
0.03,3,Feb 28 2024 15: +0,1709132400
0.03,1,Feb 28 2024 16: +0,1709136000
0.03,6,Feb 28 2024 18: +0,1709143200
0.03,1,Feb 28 2024 19: +0,1709146800
0.03,8,Feb 28 2024 21: +0,1709154000
0.03,1,Feb 28 2024 23: +0,1709161200
0.03,1,Feb 29 2024 02: +0,1709172000
0.03,1,Feb 29 2024 07: +0,1709190000
0.03,1,Feb 29 2024 09: +0,1709197200
0.03,1,Feb 29 2024 11: +0,1709204400
0.03,3,Feb 29 2024 14: +0,1709215200
0.03,3,Feb 29 2024 15: +0,1709218800
0.03,5,Feb 29 2024 16: +0,1709222400
0.03,3,Feb 29 2024 17: +0,1709226000
0.03,1,Feb 29 2024 18: +0,1709229600
0.03,3,Feb 29 2024 19: +0,1709233200
0.03,2,Feb 29 2024 21: +0,1709240400
0.03,4,Feb 29 2024 23: +0,1709247600
0.03,10,Mar 01 2024 03: +0,1709262000
0.03,19,Mar 01 2024 08: +0,1709280000
0.03,1,Mar 01 2024 09: +0,1709283600
0.03,5,Mar 01 2024 10: +0,1709287200
0.03,1,Mar 01 2024 11: +0,1709290800
0.03,1,Mar 01 2024 12: +0,1709294400
0.03,3,Mar 01 2024 13: +0,1709298000
0.03,2,Mar 01 2024 14: +0,1709301600
0.03,11,Mar 01 2024 15: +0,1709305200
0.03,1,Mar 01 2024 17: +0,1709312400
0.03,12,Mar 01 2024 18: +0,1709316000
0.03,2,Mar 01 2024 19: +0,1709319600
0.03,2,Mar 01 2024 20: +0,1709323200
0.03,2,Mar 01 2024 22: +0,1709330400
0.03,2,Mar 01 2024 23: +0,1709334000
0.03,1,Mar 02 2024 02: +0,1709344800
0.03,30,Mar 02 2024 04: +0,1709352000
0.03,2,Mar 02 2024 09: +0,1709370000
0.03,12,Mar 02 2024 11: +0,1709377200
0.03,1,Mar 02 2024 13: +0,1709384400
0.03,3,Mar 02 2024 16: +0,1709395200
0.03,6,Mar 02 2024 20: +0,1709409600
0.03,2,Mar 02 2024 21: +0,1709413200
0.03,5,Mar 02 2024 22: +0,1709416800
0.03,1,Mar 03 2024 03: +0,1709434800
0.03,1,Mar 03 2024 04: +0,1709438400
0.03,1,Mar 03 2024 08: +0,1709452800
0.03,3,Mar 03 2024 10: +0,1709460000
0.03,1,Mar 03 2024 11: +0,1709463600
0.03,5,Mar 03 2024 14: +0,1709474400
0.03,3,Mar 03 2024 15: +0,1709478000
0.03,3,Mar 03 2024 16: +0,1709481600
0.03,7,Mar 03 2024 17: +0,1709485200
0.03,1,Mar 03 2024 19: +0,1709492400
0.03,2,Mar 03 2024 22: +0,1709503200
0.03,3,Mar 03 2024 23: +0,1709506800
0.03,1,Mar 04 2024 01: +0,1709514000
0.03,1,Mar 04 2024 02: +0,1709517600
0.03,2,Mar 04 2024 03: +0,1709521200
0.03,1,Mar 04 2024 06: +0,1709532000
0.03,1,Mar 04 2024 08: +0,1709539200
0.03,1,Mar 04 2024 09: +0,1709542800
0.03,1,Mar 04 2024 10: +0,1709546400
0.03,1,Mar 04 2024 11: +0,1709550000
0.03,2,Mar 04 2024 12: +0,1709553600
0.03,4,Mar 04 2024 13: +0,1709557200
0.03,1,Mar 04 2024 14: +0,1709560800
0.03,1,Mar 04 2024 15: +0,1709564400
0.03,2,Mar 04 2024 16: +0,1709568000
0.03,2,Mar 04 2024 18: +0,1709575200
0.03,1,Mar 04 2024 20: +0,1709582400
0.03,1,Mar 04 2024 21: +0,1709586000
0.03,1,Mar 04 2024 22: +0,1709589600
0.03,3,Mar 04 2024 23: +0,1709593200
0.03,1,Mar 05 2024 00: +0,1709596800
0.03,1,Mar 05 2024 02: +0,1709604000
0.03,6,Mar 05 2024 03: +0,1709607600
0.03,1,Mar 05 2024 05: +0,1709614800
0.03,1,Mar 05 2024 06: +0,1709618400
0.03,2,Mar 05 2024 07: +0,1709622000
0.03,12,Mar 05 2024 12: +0,1709640000
0.03,6,Mar 05 2024 13: +0,1709643600
0.03,1,Mar 05 2024 15: +0,1709650800
0.03,1,Mar 05 2024 17: +0,1709658000
0.03,1,Mar 05 2024 18: +0,1709661600
0.03,2,Mar 05 2024 19: +0,1709665200
0.03,2,Mar 05 2024 20: +0,1709668800
0.03,2,Mar 05 2024 21: +0,1709672400
0.03,2,Mar 05 2024 22: +0,1709676000
0.03,1,Mar 05 2024 23: +0,1709679600
0.03,2,Mar 06 2024 00: +0,1709683200
0.03,3,Mar 06 2024 02: +0,1709690400
0.03,1,Mar 06 2024 04: +0,1709697600
0.03,1,Mar 06 2024 09: +0,1709715600
0.03,6,Mar 06 2024 11: +0,1709722800
0.03,1,Mar 06 2024 12: +0,1709726400
0.03,4,Mar 06 2024 13: +0,1709730000
0.03,6,Mar 06 2024 14: +0,1709733600
0.03,1,Mar 06 2024 15: +0,1709737200
0.03,9,Mar 06 2024 16: +0,1709740800
0.03,5,Mar 06 2024 17: +0,1709744400
0.03,10,Mar 06 2024 19: +0,1709751600
0.03,1,Mar 06 2024 20: +0,1709755200
0.03,1,Mar 06 2024 21: +0,1709758800
0.03,3,Mar 06 2024 22: +0,1709762400
0.03,4,Mar 06 2024 23: +0,1709766000
0.03,3,Mar 07 2024 00: +0,1709769600
0.03,1,Mar 07 2024 01: +0,1709773200
0.03,5,Mar 07 2024 04: +0,1709784000
0.03,1,Mar 07 2024 05: +0,1709787600
0.03,1,Mar 07 2024 06: +0,1709791200
0.03,1,Mar 07 2024 07: +0,1709794800
0.03,2,Mar 07 2024 08: +0,1709798400
0.03,1,Mar 07 2024 09: +0,1709802000
0.03,1,Mar 07 2024 11: +0,1709809200
0.03,10,Mar 07 2024 12: +0,1709812800
0.03,2,Mar 07 2024 14: +0,1709820000
0.03,3,Mar 07 2024 15: +0,1709823600
0.03,4,Mar 07 2024 16: +0,1709827200
0.03,4,Mar 07 2024 17: +0,1709830800
0.03,6,Mar 07 2024 18: +0,1709834400
0.03,6,Mar 07 2024 19: +0,1709838000
0.03,1,Mar 07 2024 20: +0,1709841600
0.03,5,Mar 07 2024 21: +0,1709845200
0.03,6,Mar 07 2024 22: +0,1709848800
0.03,3,Mar 07 2024 23: +0,1709852400
0.03,3,Mar 08 2024 00: +0,1709856000
0.03,1,Mar 08 2024 01: +0,1709859600
0.03,12,Mar 08 2024 02: +0,1709863200
0.03,2,Mar 08 2024 04: +0,1709870400
0.03,3,Mar 08 2024 05: +0,1709874000
0.03,1,Mar 08 2024 06: +0,1709877600
0.03,1,Mar 08 2024 07: +0,1709881200
0.03,12,Mar 08 2024 10: +0,1709892000
0.03,1,Mar 08 2024 11: +0,1709895600
0.03,4,Mar 08 2024 13: +0,1709902800
0.03,4,Mar 08 2024 14: +0,1709906400
0.03,13,Mar 08 2024 15: +0,1709910000
0.03,74,Mar 08 2024 16: +0,1709913600
0.03,2,Mar 08 2024 18: +0,1709920800
0.03,25,Mar 08 2024 19: +0,1709924400
0.03,2,Mar 08 2024 20: +0,1709928000
0.03,1,Mar 08 2024 21: +0,1709931600
0.03,9,Mar 08 2024 22: +0,1709935200
0.03,8,Mar 08 2024 23: +0,1709938800
0.03,7,Mar 09 2024 00: +0,1709942400
0.03,6,Mar 09 2024 01: +0,1709946000
0.03,3,Mar 09 2024 02: +0,1709949600
0.03,1,Mar 09 2024 04: +0,1709956800
0.03,4,Mar 09 2024 06: +0,1709964000
0.03,3,Mar 09 2024 07: +0,1709967600
0.03,3,Mar 09 2024 08: +0,1709971200
0.03,1,Mar 09 2024 11: +0,1709982000
0.03,7,Mar 09 2024 13: +0,1709989200
0.03,4,Mar 09 2024 14: +0,1709992800
0.03,7,Mar 09 2024 15: +0,1709996400
0.03,6,Mar 09 2024 16: +0,1710000000
0.03,1,Mar 09 2024 17: +0,1710003600
0.03,4,Mar 09 2024 18: +0,1710007200
0.03,2,Mar 09 2024 19: +0,1710010800
0.03,1,Mar 09 2024 20: +0,1710014400
0.03,1,Mar 09 2024 21: +0,1710018000
0.03,4,Mar 09 2024 22: +0,1710021600
0.03,1,Mar 10 2024 00: +0,1710028800
0.03,2,Mar 10 2024 03: +0,1710039600
0.03,1,Mar 10 2024 10: +0,1710064800
0.03,2,Mar 10 2024 11: +0,1710068400
0.03,3,Mar 10 2024 12: +0,1710072000
0.03,5,Mar 10 2024 13: +0,1710075600
0.03,1,Mar 10 2024 14: +0,1710079200
0.03,32,Mar 10 2024 15: +0,1710082800
0.03,3,Mar 10 2024 16: +0,1710086400
0.03,24,Mar 10 2024 17: +0,1710090000
0.03,2,Mar 10 2024 18: +0,1710093600
0.03,1,Mar 10 2024 19: +0,1710097200
0.03,27,Mar 10 2024 20: +0,1710100800
0.03,2,Mar 10 2024 23: +0,1710111600
0.03,1,Mar 11 2024 05: +0,1710133200
0.03,1,Mar 11 2024 06: +0,1710136800
0.03,2,Mar 11 2024 09: +0,1710147600
0.03,16,Mar 11 2024 10: +0,1710151200
0.03,1,Mar 11 2024 11: +0,1710154800
0.03,3,Mar 11 2024 12: +0,1710158400
0.03,6,Mar 11 2024 14: +0,1710165600
0.03,6,Mar 11 2024 16: +0,1710172800
0.03,2,Mar 11 2024 17: +0,1710176400
0.03,2,Mar 11 2024 18: +0,1710180000
0.03,58,Mar 11 2024 19: +0,1710183600
0.03,5,Mar 11 2024 21: +0,1710190800
0.03,24,Mar 11 2024 22: +0,1710194400
0.03,5,Mar 11 2024 23: +0,1710198000
0.03,5,Mar 12 2024 00: +0,1710201600
0.03,6,Mar 12 2024 01: +0,1710205200
0.03,5,Mar 12 2024 02: +0,1710208800
0.03,1,Mar 12 2024 04: +0,1710216000
0.03,2,Mar 12 2024 07: +0,1710226800
0.03,1,Mar 12 2024 08: +0,1710230400
0.03,3,Mar 12 2024 09: +0,1710234000
0.03,2,Mar 12 2024 10: +0,1710237600
0.03,2,Mar 12 2024 12: +0,1710244800
0.03,1,Mar 12 2024 13: +0,1710248400
0.03,3,Mar 12 2024 15: +0,1710255600
0.03,1,Mar 12 2024 16: +0,1710259200
0.03,1,Mar 12 2024 17: +0,1710262800
0.03,1,Mar 12 2024 21: +0,1710277200
0.03,1,Mar 12 2024 22: +0,1710280800
0.03,2,Mar 13 2024 01: +0,1710291600
0.03,1,Mar 13 2024 03: +0,1710298800
0.03,1,Mar 13 2024 04: +0,1710302400
0.03,4,Mar 13 2024 05: +0,1710306000
0.03,2,Mar 13 2024 06: +0,1710309600
0.03,8,Mar 13 2024 08: +0,1710316800
0.03,1,Mar 13 2024 09: +0,1710320400
0.03,2,Mar 13 2024 10: +0,1710324000
0.03,5,Mar 13 2024 11: +0,1710327600
0.03,2,Mar 13 2024 12: +0,1710331200
0.03,6,Mar 13 2024 13: +0,1710334800
0.03,3,Mar 13 2024 14: +0,1710338400
0.03,1,Mar 13 2024 15: +0,1710342000
0.03,3,Mar 13 2024 17: +0,1710349200
0.03,10,Mar 13 2024 18: +0,1710352800
0.03,17,Mar 13 2024 19: +0,1710356400
0.03,5,Mar 13 2024 20: +0,1710360000
0.03,2,Mar 13 2024 22: +0,1710367200
0.03,1,Mar 13 2024 23: +0,1710370800
0.03,2,Mar 14 2024 00: +0,1710374400
0.03,2,Mar 14 2024 03: +0,1710385200
0.03,2,Mar 14 2024 05: +0,1710392400
0.03,2,Mar 14 2024 06: +0,1710396000
0.03,1,Mar 14 2024 07: +0,1710399600
0.03,1,Mar 14 2024 08: +0,1710403200
0.03,3,Mar 14 2024 09: +0,1710406800
0.03,2,Mar 14 2024 10: +0,1710410400
0.03,3,Mar 14 2024 11: +0,1710414000
0.03,2,Mar 14 2024 12: +0,1710417600
0.03,5,Mar 14 2024 13: +0,1710421200
0.03,3,Mar 14 2024 14: +0,1710424800
0.03,2,Mar 14 2024 15: +0,1710428400
0.03,1,Mar 14 2024 16: +0,1710432000
0.03,2,Mar 14 2024 17: +0,1710435600
0.03,5,Mar 14 2024 18: +0,1710439200
0.03,5,Mar 14 2024 19: +0,1710442800
0.03,4,Mar 14 2024 20: +0,1710446400
0.03,2,Mar 14 2024 21: +0,1710450000
0.03,5,Mar 14 2024 22: +0,1710453600
0.03,10,Mar 14 2024 23: +0,1710457200
0.03,10,Mar 15 2024 01: +0,1710464400
0.03,1,Mar 15 2024 05: +0,1710478800
0.03,10,Mar 15 2024 08: +0,1710489600
0.03,1,Mar 15 2024 09: +0,1710493200
0.03,2,Mar 15 2024 13: +0,1710507600
0.03,2,Mar 15 2024 14: +0,1710511200
0.03,2,Mar 15 2024 16: +0,1710518400
0.03,4,Mar 15 2024 17: +0,1710522000
0.03,3,Mar 15 2024 19: +0,1710529200
0.03,6,Mar 15 2024 20: +0,1710532800
0.03,1,Mar 15 2024 21: +0,1710536400
0.03,1,Mar 15 2024 22: +0,1710540000
0.03,1,Mar 15 2024 23: +0,1710543600
0.03,1,Mar 16 2024 01: +0,1710550800
0.03,1,Mar 16 2024 02: +0,1710554400
0.03,2,Mar 16 2024 03: +0,1710558000
0.03,2,Mar 16 2024 04: +0,1710561600
0.03,1,Mar 16 2024 07: +0,1710572400
0.03,6,Mar 16 2024 09: +0,1710579600
0.03,6,Mar 16 2024 10: +0,1710583200
0.03,4,Mar 16 2024 11: +0,1710586800
0.03,2,Mar 16 2024 12: +0,1710590400
0.03,6,Mar 16 2024 13: +0,1710594000
0.03,1,Mar 16 2024 15: +0,1710601200
0.03,5,Mar 16 2024 16: +0,1710604800
0.03,1,Mar 16 2024 18: +0,1710612000
0.03,2,Mar 16 2024 20: +0,1710619200
0.03,6,Mar 16 2024 21: +0,1710622800
0.03,8,Mar 16 2024 22: +0,1710626400
0.03,1,Mar 16 2024 23: +0,1710630000
0.03,2,Mar 17 2024 01: +0,1710637200
0.03,4,Mar 17 2024 02: +0,1710640800
0.03,1,Mar 17 2024 04: +0,1710648000
0.03,1,Mar 17 2024 06: +0,1710655200
0.03,1,Mar 17 2024 07: +0,1710658800
0.03,5,Mar 17 2024 10: +0,1710669600
0.03,6,Mar 17 2024 11: +0,1710673200
0.03,3,Mar 17 2024 12: +0,1710676800
0.03,3,Mar 17 2024 13: +0,1710680400
0.03,1,Mar 17 2024 14: +0,1710684000
0.03,4,Mar 17 2024 15: +0,1710687600
0.03,1,Mar 17 2024 16: +0,1710691200
0.03,3,Mar 17 2024 18: +0,1710698400
0.03,1,Mar 17 2024 19: +0,1710702000
0.03,7,Mar 17 2024 21: +0,1710709200
0.03,1,Mar 18 2024 00: +0,1710720000
0.03,1,Mar 18 2024 01: +0,1710723600
0.03,1,Mar 18 2024 02: +0,1710727200
0.03,2,Mar 18 2024 05: +0,1710738000
0.03,1,Mar 18 2024 06: +0,1710741600
0.03,2,Mar 18 2024 09: +0,1710752400
0.03,5,Mar 18 2024 12: +0,1710763200
0.03,3,Mar 18 2024 13: +0,1710766800
0.03,9,Mar 18 2024 15: +0,1710774000
0.03,1,Mar 18 2024 16: +0,1710777600
0.03,6,Mar 18 2024 17: +0,1710781200
0.03,1,Mar 18 2024 18: +0,1710784800
0.03,1,Mar 18 2024 19: +0,1710788400
0.03,1,Mar 18 2024 20: +0,1710792000
0.03,3,Mar 18 2024 21: +0,1710795600
0.03,4,Mar 18 2024 23: +0,1710802800
0.03,2,Mar 19 2024 00: +0,1710806400
0.03,1,Mar 19 2024 03: +0,1710817200
0.03,1,Mar 19 2024 04: +0,1710820800
0.03,2,Mar 19 2024 06: +0,1710828000
0.03,2,Mar 19 2024 07: +0,1710831600
0.03,1,Mar 19 2024 08: +0,1710835200
0.03,1,Mar 19 2024 09: +0,1710838800
0.03,3,Mar 19 2024 12: +0,1710849600
0.03,1,Mar 19 2024 13: +0,1710853200
0.03,1,Mar 19 2024 16: +0,1710864000
0.03,2,Mar 19 2024 17: +0,1710867600
0.03,1,Mar 19 2024 18: +0,1710871200
0.03,5,Mar 19 2024 19: +0,1710874800
0.03,5,Mar 19 2024 20: +0,1710878400
0.03,1,Mar 19 2024 21: +0,1710882000
0.03,2,Mar 19 2024 22: +0,1710885600
0.03,1,Mar 20 2024 00: +0,1710892800
0.03,3,Mar 20 2024 01: +0,1710896400
0.03,1,Mar 20 2024 02: +0,1710900000
0.03,2,Mar 20 2024 03: +0,1710903600
0.03,2,Mar 20 2024 07: +0,1710918000
0.03,1,Mar 20 2024 08: +0,1710921600
0.03,2,Mar 20 2024 11: +0,1710932400
0.03,2,Mar 20 2024 12: +0,1710936000
0.03,1,Mar 20 2024 14: +0,1710943200
0.03,14,Mar 20 2024 15: +0,1710946800
0.03,2,Mar 20 2024 17: +0,1710954000
0.03,2,Mar 20 2024 19: +0,1710961200
0.03,1,Mar 20 2024 20: +0,1710964800
0.03,3,Mar 20 2024 21: +0,1710968400
0.03,1,Mar 20 2024 22: +0,1710972000
0.03,2,Mar 21 2024 00: +0,1710979200
0.03,3,Mar 21 2024 01: +0,1710982800
0.03,1,Mar 21 2024 05: +0,1710997200
0.03,1,Mar 21 2024 06: +0,1711000800
0.03,2,Mar 21 2024 09: +0,1711011600
0.03,2,Mar 21 2024 11: +0,1711018800
0.03,1,Mar 21 2024 12: +0,1711022400
0.03,1,Mar 21 2024 13: +0,1711026000
0.03,1,Mar 21 2024 16: +0,1711036800
0.03,1,Mar 21 2024 17: +0,1711040400
0.03,3,Mar 21 2024 19: +0,1711047600
0.03,1,Mar 21 2024 20: +0,1711051200
0.03,2,Mar 21 2024 23: +0,1711062000
0.03,5,Mar 22 2024 08: +0,1711094400
0.03,1,Mar 22 2024 09: +0,1711098000
0.03,4,Mar 22 2024 10: +0,1711101600
0.03,1,Mar 22 2024 11: +0,1711105200
0.03,2,Mar 22 2024 12: +0,1711108800
0.03,1,Mar 22 2024 13: +0,1711112400
0.03,1,Mar 22 2024 14: +0,1711116000
0.03,20,Mar 22 2024 15: +0,1711119600
0.03,1,Mar 22 2024 18: +0,1711130400
0.03,3,Mar 22 2024 22: +0,1711144800
0.03,1,Mar 23 2024 01: +0,1711155600
0.03,2,Mar 23 2024 02: +0,1711159200
0.03,1,Mar 23 2024 04: +0,1711166400
0.03,1,Mar 23 2024 06: +0,1711173600
0.03,1,Mar 23 2024 07: +0,1711177200
0.03,2,Mar 23 2024 08: +0,1711180800
0.03,4,Mar 23 2024 16: +0,1711209600
0.03,1,Mar 23 2024 18: +0,1711216800
0.03,2,Mar 23 2024 19: +0,1711220400
0.03,1,Mar 23 2024 20: +0,1711224000
0.03,32,Mar 23 2024 21: +0,1711227600
0.03,4,Mar 24 2024 00: +0,1711238400
0.03,1,Mar 24 2024 01: +0,1711242000
0.03,1,Mar 24 2024 04: +0,1711252800
0.03,6,Mar 24 2024 06: +0,1711260000
0.03,1,Mar 24 2024 08: +0,1711267200
0.03,1,Mar 24 2024 11: +0,1711278000
0.03,1,Mar 24 2024 13: +0,1711285200
0.03,1,Mar 24 2024 14: +0,1711288800
0.03,4,Mar 24 2024 16: +0,1711296000
0.03,1,Mar 24 2024 17: +0,1711299600
0.03,2,Mar 24 2024 18: +0,1711303200
0.03,1,Mar 24 2024 19: +0,1711306800
0.03,2,Mar 24 2024 22: +0,1711317600
0.03,2,Mar 25 2024 00: +0,1711324800
0.03,3,Mar 25 2024 02: +0,1711332000
0.03,1,Mar 25 2024 03: +0,1711335600
0.03,3,Mar 25 2024 07: +0,1711350000
0.03,1,Mar 25 2024 09: +0,1711357200
0.03,2,Mar 25 2024 11: +0,1711364400
0.03,2,Mar 25 2024 12: +0,1711368000
0.03,1,Mar 25 2024 13: +0,1711371600
0.03,1,Mar 25 2024 14: +0,1711375200
0.03,1,Mar 25 2024 15: +0,1711378800
0.03,2,Mar 25 2024 16: +0,1711382400
0.03,2,Mar 25 2024 18: +0,1711389600
0.03,2,Mar 25 2024 19: +0,1711393200
0.03,1,Mar 25 2024 20: +0,1711396800
0.03,3,Mar 25 2024 21: +0,1711400400
0.03,17,Mar 25 2024 22: +0,1711404000
0.03,2,Mar 25 2024 23: +0,1711407600
0.03,1,Mar 26 2024 01: +0,1711414800
0.03,1,Mar 26 2024 05: +0,1711429200
0.03,1,Mar 26 2024 08: +0,1711440000
0.03,2,Mar 26 2024 09: +0,1711443600
0.03,15,Mar 26 2024 11: +0,1711450800
0.03,2,Mar 26 2024 12: +0,1711454400
0.03,1,Mar 26 2024 16: +0,1711468800
0.03,1,Mar 26 2024 17: +0,1711472400
0.03,3,Mar 26 2024 19: +0,1711479600
0.03,1,Mar 26 2024 21: +0,1711486800
0.03,4,Mar 26 2024 22: +0,1711490400
0.03,1,Mar 26 2024 23: +0,1711494000
0.03,1,Mar 27 2024 02: +0,1711504800
0.03,1,Mar 27 2024 03: +0,1711508400
0.03,1,Mar 27 2024 04: +0,1711512000
0.03,1,Mar 27 2024 09: +0,1711530000
0.03,3,Mar 27 2024 10: +0,1711533600
0.03,1,Mar 27 2024 12: +0,1711540800
0.03,1,Mar 27 2024 13: +0,1711544400
0.03,4,Mar 27 2024 14: +0,1711548000
0.03,1,Mar 27 2024 15: +0,1711551600
0.03,3,Mar 27 2024 17: +0,1711558800
0.03,2,Mar 27 2024 19: +0,1711566000
0.03,1,Mar 27 2024 20: +0,1711569600
0.03,1,Mar 27 2024 23: +0,1711580400
0.03,2,Mar 28 2024 00: +0,1711584000
0.03,1,Mar 28 2024 02: +0,1711591200
0.03,1,Mar 28 2024 04: +0,1711598400
0.03,1,Mar 28 2024 05: +0,1711602000
0.03,1,Mar 28 2024 06: +0,1711605600
0.03,4,Mar 28 2024 07: +0,1711609200
0.03,1,Mar 28 2024 08: +0,1711612800
0.03,1,Mar 28 2024 09: +0,1711616400
0.03,5,Mar 28 2024 10: +0,1711620000
0.03,1,Mar 28 2024 14: +0,1711634400
0.03,3,Mar 28 2024 15: +0,1711638000
0.03,3,Mar 28 2024 16: +0,1711641600
0.03,38,Mar 28 2024 17: +0,1711645200
0.03,10,Mar 28 2024 19: +0,1711652400
0.03,2,Mar 28 2024 20: +0,1711656000
0.03,2,Mar 28 2024 21: +0,1711659600
0.03,1,Mar 28 2024 22: +0,1711663200
0.03,1,Mar 29 2024 00: +0,1711670400
0.03,2,Mar 29 2024 03: +0,1711681200
0.03,1,Mar 29 2024 04: +0,1711684800
0.03,2,Mar 29 2024 05: +0,1711688400
0.03,1,Mar 29 2024 10: +0,1711706400
0.03,2,Mar 29 2024 12: +0,1711713600
0.03,2,Mar 29 2024 13: +0,1711717200
0.03,1,Mar 29 2024 14: +0,1711720800
0.03,2,Mar 29 2024 15: +0,1711724400
0.03,1,Mar 29 2024 16: +0,1711728000
0.03,3,Mar 29 2024 17: +0,1711731600
0.03,2,Mar 29 2024 18: +0,1711735200
0.03,1,Mar 29 2024 21: +0,1711746000
0.03,3,Mar 29 2024 22: +0,1711749600
0.03,2,Mar 29 2024 23: +0,1711753200
0.03,1,Mar 30 2024 01: +0,1711760400
0.03,1,Mar 30 2024 02: +0,1711764000
0.03,1,Mar 30 2024 03: +0,1711767600
0.03,1,Mar 30 2024 04: +0,1711771200
0.03,1,Mar 30 2024 07: +0,1711782000
0.03,2,Mar 30 2024 08: +0,1711785600
0.03,11,Mar 30 2024 10: +0,1711792800
0.03,3,Mar 30 2024 11: +0,1711796400
0.03,1,Mar 30 2024 12: +0,1711800000
0.03,1,Mar 30 2024 13: +0,1711803600
0.03,3,Mar 30 2024 17: +0,1711818000
0.03,3,Mar 30 2024 19: +0,1711825200
0.03,1,Mar 30 2024 20: +0,1711828800
0.03,1,Mar 30 2024 22: +0,1711836000
0.03,3,Mar 30 2024 23: +0,1711839600
0.03,2,Mar 31 2024 05: +0,1711857600
0.03,1,Mar 31 2024 10: +0,1711875600
0.03,11,Mar 31 2024 11: +0,1711879200
0.03,1,Mar 31 2024 12: +0,1711882800
0.03,2,Mar 31 2024 13: +0,1711886400
0.03,3,Mar 31 2024 14: +0,1711890000
0.03,3,Mar 31 2024 17: +0,1711900800
0.03,4,Mar 31 2024 19: +0,1711908000
0.03,1,Mar 31 2024 20: +0,1711911600
0.03,20,Mar 31 2024 21: +0,1711915200
0.03,4,Mar 31 2024 22: +0,1711918800
0.03,41,Mar 31 2024 23: +0,1711922400
0.03,2,Apr 01 2024 00: +0,1711926000
0.03,1,Apr 01 2024 01: +0,1711929600
0.03,1,Apr 01 2024 04: +0,1711940400
0.03,1,Apr 01 2024 07: +0,1711951200
0.03,1,Apr 01 2024 11: +0,1711965600
0.03,1,Apr 01 2024 12: +0,1711969200
0.03,1,Apr 01 2024 14: +0,1711976400
0.03,2,Apr 01 2024 15: +0,1711980000
0.03,1,Apr 01 2024 16: +0,1711983600
0.03,3,Apr 01 2024 17: +0,1711987200
0.03,4,Apr 01 2024 19: +0,1711994400
0.03,1,Apr 01 2024 20: +0,1711998000
0.03,1,Apr 01 2024 22: +0,1712005200
0.03,1,Apr 02 2024 08: +0,1712041200
0.03,1,Apr 02 2024 09: +0,1712044800
0.03,2,Apr 02 2024 10: +0,1712048400
0.03,3,Apr 02 2024 13: +0,1712059200
0.03,5,Apr 02 2024 14: +0,1712062800
0.03,1,Apr 02 2024 15: +0,1712066400
0.03,5,Apr 02 2024 17: +0,1712073600
0.03,4,Apr 02 2024 18: +0,1712077200
0.03,5,Apr 02 2024 19: +0,1712080800
0.03,1,Apr 02 2024 23: +0,1712095200
0.03,1,Apr 03 2024 07: +0,1712124000
0.03,1,Apr 03 2024 08: +0,1712127600
0.03,4,Apr 03 2024 11: +0,1712138400
0.03,1,Apr 03 2024 14: +0,1712149200
0.03,1,Apr 03 2024 15: +0,1712152800
0.03,1,Apr 03 2024 16: +0,1712156400
0.03,22,Apr 03 2024 17: +0,1712160000
0.03,1,Apr 03 2024 18: +0,1712163600
0.03,1,Apr 03 2024 21: +0,1712174400
0.03,1,Apr 03 2024 23: +0,1712181600
0.03,1,Apr 04 2024 00: +0,1712185200
0.03,1,Apr 04 2024 01: +0,1712188800
0.03,1,Apr 04 2024 02: +0,1712192400
0.03,1,Apr 04 2024 07: +0,1712210400
0.03,4,Apr 04 2024 09: +0,1712217600
0.03,1,Apr 04 2024 10: +0,1712221200
0.03,2,Apr 04 2024 11: +0,1712224800
0.03,7,Apr 04 2024 14: +0,1712235600
0.03,1,Apr 04 2024 15: +0,1712239200
0.03,4,Apr 04 2024 16: +0,1712242800
0.03,1,Apr 04 2024 17: +0,1712246400
0.03,3,Apr 04 2024 20: +0,1712257200
0.03,1,Apr 04 2024 22: +0,1712264400
0.03,2,Apr 04 2024 23: +0,1712268000
0.03,4,Apr 05 2024 01: +0,1712275200
0.03,8,Apr 05 2024 05: +0,1712289600
0.03,2,Apr 05 2024 12: +0,1712314800
0.03,1,Apr 05 2024 13: +0,1712318400
0.03,1,Apr 05 2024 14: +0,1712322000
0.03,2,Apr 05 2024 16: +0,1712329200
0.03,1,Apr 05 2024 18: +0,1712336400
0.03,1,Apr 05 2024 19: +0,1712340000
0.03,2,Apr 05 2024 20: +0,1712343600
0.03,2,Apr 05 2024 21: +0,1712347200
0.03,8,Apr 05 2024 22: +0,1712350800
0.03,1,Apr 05 2024 23: +0,1712354400
0.03,1,Apr 06 2024 01: +0,1712361600
0.03,1,Apr 06 2024 03: +0,1712368800
0.03,1,Apr 06 2024 08: +0,1712386800
0.03,2,Apr 06 2024 09: +0,1712390400
0.03,1,Apr 06 2024 10: +0,1712394000
0.03,4,Apr 06 2024 11: +0,1712397600
0.03,1,Apr 06 2024 12: +0,1712401200
0.03,2,Apr 06 2024 13: +0,1712404800
0.03,4,Apr 06 2024 15: +0,1712412000
0.03,1,Apr 06 2024 16: +0,1712415600
0.03,8,Apr 06 2024 17: +0,1712419200
0.03,3,Apr 06 2024 18: +0,1712422800
0.03,1,Apr 06 2024 21: +0,1712433600
0.03,1,Apr 07 2024 00: +0,1712444400
0.03,1,Apr 07 2024 02: +0,1712451600
0.03,1,Apr 07 2024 03: +0,1712455200
0.03,2,Apr 07 2024 05: +0,1712462400
0.03,12,Apr 07 2024 07: +0,1712469600
0.03,11,Apr 07 2024 10: +0,1712480400
0.03,1,Apr 07 2024 11: +0,1712484000
0.03,3,Apr 07 2024 12: +0,1712487600
0.03,1,Apr 07 2024 13: +0,1712491200
0.03,1,Apr 07 2024 16: +0,1712502000
0.03,1,Apr 07 2024 18: +0,1712509200
0.03,3,Apr 07 2024 19: +0,1712512800
0.03,2,Apr 07 2024 20: +0,1712516400
0.03,1,Apr 07 2024 21: +0,1712520000
0.03,1,Apr 07 2024 22: +0,1712523600
0.03,3,Apr 07 2024 23: +0,1712527200
0.03,1,Apr 08 2024 02: +0,1712538000
0.03,25,Apr 08 2024 06: +0,1712552400
0.03,3,Apr 08 2024 07: +0,1712556000
0.03,5,Apr 08 2024 08: +0,1712559600
0.03,35,Apr 08 2024 09: +0,1712563200
0.03,2,Apr 08 2024 10: +0,1712566800
0.03,1,Apr 08 2024 14: +0,1712581200
0.03,3,Apr 08 2024 17: +0,1712592000
0.03,1,Apr 08 2024 19: +0,1712599200
0.03,3,Apr 08 2024 20: +0,1712602800
0.03,1,Apr 08 2024 22: +0,1712610000
0.03,1,Apr 08 2024 23: +0,1712613600
0.03,39,Apr 09 2024 02: +0,1712624400
0.03,1,Apr 09 2024 04: +0,1712631600
0.03,1,Apr 09 2024 07: +0,1712642400
0.03,1,Apr 09 2024 08: +0,1712646000
0.03,1,Apr 09 2024 13: +0,1712664000
0.03,2,Apr 09 2024 18: +0,1712682000
0.03,1,Apr 09 2024 19: +0,1712685600
0.03,3,Apr 09 2024 20: +0,1712689200
0.03,1,Apr 09 2024 21: +0,1712692800
0.03,2,Apr 09 2024 23: +0,1712700000
0.03,1,Apr 10 2024 01: +0,1712707200
0.03,2,Apr 10 2024 03: +0,1712714400
0.03,1,Apr 10 2024 07: +0,1712728800
0.03,1,Apr 10 2024 08: +0,1712732400
0.03,2,Apr 10 2024 09: +0,1712736000
0.03,1,Apr 10 2024 13: +0,1712750400
0.03,21,Apr 10 2024 15: +0,1712757600
0.03,3,Apr 10 2024 17: +0,1712764800
0.03,4,Apr 10 2024 18: +0,1712768400
0.03,2,Apr 10 2024 19: +0,1712772000
0.03,1,Apr 10 2024 20: +0,1712775600
0.03,1,Apr 10 2024 21: +0,1712779200
0.03,1,Apr 10 2024 22: +0,1712782800
0.03,1,Apr 11 2024 00: +0,1712790000
0.03,1,Apr 11 2024 02: +0,1712797200
0.03,2,Apr 11 2024 06: +0,1712811600
0.03,2,Apr 11 2024 07: +0,1712815200
0.03,1,Apr 11 2024 09: +0,1712822400
0.03,1,Apr 11 2024 11: +0,1712829600
0.03,1,Apr 11 2024 14: +0,1712840400
0.03,1,Apr 11 2024 17: +0,1712851200
0.03,1,Apr 11 2024 18: +0,1712854800
0.03,1,Apr 12 2024 04: +0,1712890800
0.03,3,Apr 12 2024 05: +0,1712894400
0.03,1,Apr 12 2024 09: +0,1712908800
0.03,3,Apr 12 2024 12: +0,1712919600
0.03,1,Apr 12 2024 13: +0,1712923200
0.03,1,Apr 12 2024 14: +0,1712926800
0.03,2,Apr 12 2024 18: +0,1712941200
0.03,1,Apr 12 2024 20: +0,1712948400
0.03,3,Apr 12 2024 21: +0,1712952000
0.03,1,Apr 12 2024 23: +0,1712959200
0.03,1,Apr 13 2024 01: +0,1712966400
0.03,1,Apr 13 2024 02: +0,1712970000
0.03,4,Apr 13 2024 03: +0,1712973600
0.03,1,Apr 13 2024 05: +0,1712980800
0.03,1,Apr 13 2024 07: +0,1712988000
0.03,5,Apr 13 2024 08: +0,1712991600
0.03,2,Apr 13 2024 12: +0,1713006000
0.03,1,Apr 13 2024 13: +0,1713009600
0.03,23,Apr 13 2024 15: +0,1713016800
0.03,1,Apr 13 2024 16: +0,1713020400
0.03,4,Apr 13 2024 17: +0,1713024000
0.03,3,Apr 13 2024 20: +0,1713034800
0.03,3,Apr 13 2024 22: +0,1713042000
0.03,2,Apr 13 2024 23: +0,1713045600
0.03,1,Apr 14 2024 00: +0,1713049200
0.03,2,Apr 14 2024 07: +0,1713074400
0.03,1,Apr 14 2024 08: +0,1713078000
0.03,10,Apr 14 2024 11: +0,1713088800
0.03,1,Apr 14 2024 13: +0,1713096000
0.03,1,Apr 14 2024 15: +0,1713103200
0.03,1,Apr 14 2024 16: +0,1713106800
0.03,1,Apr 14 2024 17: +0,1713110400
0.03,1,Apr 14 2024 20: +0,1713121200
0.03,1,Apr 14 2024 22: +0,1713128400
0.03,1,Apr 15 2024 00: +0,1713135600
0.03,2,Apr 15 2024 02: +0,1713142800
0.03,1,Apr 15 2024 04: +0,1713150000
0.03,1,Apr 15 2024 07: +0,1713160800
0.03,1,Apr 15 2024 08: +0,1713164400
0.03,1,Apr 15 2024 10: +0,1713171600
0.03,2,Apr 15 2024 11: +0,1713175200
0.03,2,Apr 15 2024 12: +0,1713178800
0.03,1,Apr 15 2024 13: +0,1713182400
0.03,3,Apr 15 2024 15: +0,1713189600
0.03,3,Apr 15 2024 16: +0,1713193200
0.03,5,Apr 15 2024 17: +0,1713196800
0.03,3,Apr 15 2024 18: +0,1713200400
0.03,50,Apr 15 2024 20: +0,1713207600
0.03,2,Apr 15 2024 21: +0,1713211200
0.03,1,Apr 16 2024 00: +0,1713222000
0.03,1,Apr 16 2024 01: +0,1713225600
0.03,23,Apr 16 2024 05: +0,1713240000
0.03,2,Apr 16 2024 06: +0,1713243600
0.03,1,Apr 16 2024 08: +0,1713250800
0.03,2,Apr 16 2024 09: +0,1713254400
0.03,2,Apr 16 2024 12: +0,1713265200
0.03,4,Apr 16 2024 13: +0,1713268800
0.03,7,Apr 16 2024 14: +0,1713272400
0.03,4,Apr 16 2024 16: +0,1713279600
0.03,3,Apr 16 2024 17: +0,1713283200
0.03,4,Apr 16 2024 20: +0,1713294000
0.03,2,Apr 16 2024 21: +0,1713297600
0.03,1,Apr 16 2024 22: +0,1713301200
0.03,2,Apr 17 2024 01: +0,1713312000
0.03,8,Apr 17 2024 04: +0,1713322800
0.03,1,Apr 17 2024 06: +0,1713330000
0.03,1,Apr 17 2024 08: +0,1713337200
0.03,1,Apr 17 2024 09: +0,1713340800
0.03,4,Apr 17 2024 11: +0,1713348000
0.03,1,Apr 17 2024 12: +0,1713351600
0.03,1,Apr 17 2024 13: +0,1713355200
0.03,1,Apr 17 2024 14: +0,1713358800
0.03,1,Apr 17 2024 17: +0,1713369600
0.03,1,Apr 17 2024 18: +0,1713373200
0.03,1,Apr 17 2024 19: +0,1713376800
0.03,1,Apr 17 2024 20: +0,1713380400
0.03,2,Apr 17 2024 21: +0,1713384000
0.03,3,Apr 17 2024 22: +0,1713387600
0.03,1,Apr 18 2024 01: +0,1713398400
0.03,1,Apr 18 2024 02: +0,1713402000
0.03,4,Apr 18 2024 08: +0,1713423600
0.03,1,Apr 18 2024 09: +0,1713427200
0.03,2,Apr 18 2024 12: +0,1713438000
0.03,1,Apr 18 2024 13: +0,1713441600
0.03,1,Apr 18 2024 14: +0,1713445200
0.03,1,Apr 18 2024 16: +0,1713452400
0.03,8,Apr 18 2024 17: +0,1713456000
0.03,2,Apr 18 2024 19: +0,1713463200
0.03,7,Apr 18 2024 20: +0,1713466800
0.03,1,Apr 18 2024 21: +0,1713470400
0.03,2,Apr 18 2024 22: +0,1713474000
0.03,3,Apr 19 2024 00: +0,1713481200
0.03,1,Apr 19 2024 01: +0,1713484800
0.03,3,Apr 19 2024 04: +0,1713495600
0.03,11,Apr 19 2024 06: +0,1713502800
0.03,2,Apr 19 2024 09: +0,1713513600
0.03,1,Apr 19 2024 12: +0,1713524400
0.03,7,Apr 19 2024 13: +0,1713528000
0.03,13,Apr 19 2024 16: +0,1713538800
0.03,1,Apr 19 2024 18: +0,1713546000
0.03,3,Apr 19 2024 21: +0,1713556800
0.03,4,Apr 19 2024 22: +0,1713560400
0.03,13,Apr 20 2024 01: +0,1713571200
0.03,10,Apr 20 2024 06: +0,1713589200
0.03,1,Apr 20 2024 08: +0,1713596400
0.03,1,Apr 20 2024 09: +0,1713600000
0.03,3,Apr 20 2024 10: +0,1713603600
0.03,1,Apr 20 2024 11: +0,1713607200
0.03,2,Apr 20 2024 12: +0,1713610800
0.03,1,Apr 20 2024 13: +0,1713614400
0.03,1,Apr 20 2024 14: +0,1713618000
0.03,1,Apr 20 2024 15: +0,1713621600
0.03,2,Apr 20 2024 17: +0,1713628800
0.03,1,Apr 20 2024 19: +0,1713636000
0.03,1,Apr 20 2024 20: +0,1713639600
0.03,2,Apr 20 2024 21: +0,1713643200
0.03,2,Apr 20 2024 22: +0,1713646800
0.03,2,Apr 20 2024 23: +0,1713650400
0.03,12,Apr 21 2024 00: +0,1713654000
0.03,1,Apr 21 2024 08: +0,1713682800
0.03,2,Apr 21 2024 09: +0,1713686400
0.03,1,Apr 21 2024 10: +0,1713690000
0.03,13,Apr 21 2024 11: +0,1713693600
0.03,2,Apr 21 2024 12: +0,1713697200
0.03,1,Apr 21 2024 13: +0,1713700800
0.03,4,Apr 21 2024 14: +0,1713704400
0.03,1,Apr 21 2024 16: +0,1713711600
0.03,1,Apr 21 2024 17: +0,1713715200
0.03,1,Apr 21 2024 19: +0,1713722400
0.03,1,Apr 21 2024 20: +0,1713726000
0.03,8,Apr 21 2024 22: +0,1713733200
0.03,4,Apr 21 2024 23: +0,1713736800
0.03,1,Apr 22 2024 00: +0,1713740400
0.03,3,Apr 22 2024 01: +0,1713744000
0.03,1,Apr 22 2024 09: +0,1713772800
0.03,2,Apr 22 2024 11: +0,1713780000
0.03,2,Apr 22 2024 15: +0,1713794400
0.03,2,Apr 22 2024 17: +0,1713801600
0.03,2,Apr 22 2024 18: +0,1713805200
0.03,2,Apr 22 2024 20: +0,1713812400
0.03,1,Apr 22 2024 21: +0,1713816000
0.03,1,Apr 22 2024 22: +0,1713819600
0.03,2,Apr 22 2024 23: +0,1713823200
0.03,2,Apr 23 2024 01: +0,1713830400
0.03,1,Apr 23 2024 02: +0,1713834000
0.03,1,Apr 23 2024 04: +0,1713841200
0.03,2,Apr 23 2024 14: +0,1713877200
0.03,11,Apr 23 2024 15: +0,1713880800
0.03,4,Apr 23 2024 18: +0,1713891600
0.03,1,Apr 24 2024 02: +0,1713920400
0.03,1,Apr 24 2024 07: +0,1713938400
0.03,3,Apr 24 2024 09: +0,1713945600
0.03,2,Apr 24 2024 11: +0,1713952800
0.03,2,Apr 24 2024 12: +0,1713956400
0.03,1,Apr 24 2024 13: +0,1713960000
0.03,1,Apr 24 2024 15: +0,1713967200
0.03,2,Apr 24 2024 16: +0,1713970800
0.03,1,Apr 24 2024 17: +0,1713974400
0.03,1,Apr 24 2024 18: +0,1713978000
0.03,1,Apr 24 2024 20: +0,1713985200
0.03,2,Apr 24 2024 21: +0,1713988800
0.03,3,Apr 24 2024 22: +0,1713992400
0.03,1,Apr 25 2024 02: +0,1714006800
0.03,6,Apr 25 2024 03: +0,1714010400
0.03,1,Apr 25 2024 04: +0,1714014000
0.03,10,Apr 25 2024 05: +0,1714017600
0.03,1,Apr 25 2024 06: +0,1714021200
0.03,1,Apr 25 2024 10: +0,1714035600
0.03,2,Apr 25 2024 11: +0,1714039200
0.03,1,Apr 25 2024 13: +0,1714046400
0.03,8,Apr 25 2024 14: +0,1714050000
0.03,1,Apr 25 2024 15: +0,1714053600
0.03,1,Apr 25 2024 16: +0,1714057200
0.03,2,Apr 25 2024 17: +0,1714060800
0.03,2,Apr 25 2024 18: +0,1714064400
0.03,12,Apr 25 2024 19: +0,1714068000
0.03,2,Apr 25 2024 21: +0,1714075200
0.03,52,Apr 25 2024 22: +0,1714078800
0.03,2,Apr 26 2024 00: +0,1714086000
0.03,1,Apr 26 2024 06: +0,1714107600
0.03,1,Apr 26 2024 08: +0,1714114800
0.03,4,Apr 26 2024 09: +0,1714118400
0.03,1,Apr 26 2024 11: +0,1714125600
0.03,1,Apr 26 2024 13: +0,1714132800
0.03,3,Apr 26 2024 14: +0,1714136400
0.03,16,Apr 26 2024 15: +0,1714140000
0.03,1,Apr 26 2024 16: +0,1714143600
0.03,2,Apr 26 2024 19: +0,1714154400
0.03,2,Apr 26 2024 20: +0,1714158000
0.03,2,Apr 26 2024 21: +0,1714161600
0.03,2,Apr 26 2024 23: +0,1714168800
0.03,2,Apr 27 2024 02: +0,1714179600
0.03,15,Apr 27 2024 06: +0,1714194000
0.03,3,Apr 27 2024 07: +0,1714197600
0.03,3,Apr 27 2024 08: +0,1714201200
0.03,1,Apr 27 2024 09: +0,1714204800
0.03,3,Apr 27 2024 10: +0,1714208400
0.03,1,Apr 27 2024 11: +0,1714212000
0.03,1,Apr 27 2024 12: +0,1714215600
0.03,4,Apr 27 2024 13: +0,1714219200
0.03,6,Apr 27 2024 14: +0,1714222800
0.03,6,Apr 27 2024 15: +0,1714226400
0.03,2,Apr 27 2024 16: +0,1714230000
0.03,1,Apr 27 2024 17: +0,1714233600
0.03,1,Apr 27 2024 18: +0,1714237200
0.03,3,Apr 27 2024 19: +0,1714240800
0.03,2,Apr 27 2024 20: +0,1714244400
0.03,18,Apr 27 2024 22: +0,1714251600
0.03,2,Apr 27 2024 23: +0,1714255200
0.03,2,Apr 28 2024 00: +0,1714258800
0.03,1,Apr 28 2024 03: +0,1714269600
0.03,5,Apr 28 2024 05: +0,1714276800
0.03,2,Apr 28 2024 07: +0,1714284000
0.03,1,Apr 28 2024 08: +0,1714287600
0.03,1,Apr 28 2024 09: +0,1714291200
0.03,1,Apr 28 2024 14: +0,1714309200
0.03,3,Apr 28 2024 15: +0,1714312800
0.03,2,Apr 28 2024 16: +0,1714316400
0.03,2,Apr 28 2024 17: +0,1714320000
0.03,3,Apr 28 2024 21: +0,1714334400
0.03,5,Apr 28 2024 22: +0,1714338000
0.03,1,Apr 28 2024 23: +0,1714341600
0.03,1,Apr 29 2024 00: +0,1714345200
0.03,11,Apr 29 2024 01: +0,1714348800
0.03,3,Apr 29 2024 02: +0,1714352400
0.03,1,Apr 29 2024 05: +0,1714363200
0.03,2,Apr 29 2024 09: +0,1714377600
0.03,7,Apr 29 2024 10: +0,1714381200
0.03,11,Apr 29 2024 11: +0,1714384800
0.03,3,Apr 29 2024 13: +0,1714392000
0.03,5,Apr 29 2024 14: +0,1714395600
0.03,2,Apr 29 2024 15: +0,1714399200
0.03,19,Apr 29 2024 16: +0,1714402800
0.03,2,Apr 29 2024 17: +0,1714406400
0.03,11,Apr 29 2024 18: +0,1714410000
0.03,1,Apr 29 2024 20: +0,1714417200
0.03,13,Apr 29 2024 21: +0,1714420800
0.03,2,Apr 29 2024 22: +0,1714424400
0.03,1,Apr 30 2024 00: +0,1714431600
0.03,1,Apr 30 2024 04: +0,1714446000
0.03,2,Apr 30 2024 06: +0,1714453200
0.03,1,Apr 30 2024 08: +0,1714460400
0.03,3,Apr 30 2024 09: +0,1714464000
0.03,1,Apr 30 2024 12: +0,1714474800
0.03,1,Apr 30 2024 13: +0,1714478400
0.03,1,Apr 30 2024 17: +0,1714492800
0.03,2,Apr 30 2024 19: +0,1714500000
0.03,5,Apr 30 2024 21: +0,1714507200
0.03,1,May 01 2024 00: +0,1714518000
0.03,2,May 01 2024 01: +0,1714521600
0.03,1,May 01 2024 05: +0,1714536000
0.03,1,May 01 2024 07: +0,1714543200
0.03,6,May 01 2024 11: +0,1714557600
0.03,24,May 01 2024 12: +0,1714561200
0.03,1,May 01 2024 13: +0,1714564800
0.03,1,May 01 2024 14: +0,1714568400
0.03,1,May 01 2024 16: +0,1714575600
0.03,3,May 01 2024 17: +0,1714579200
0.03,1,May 01 2024 18: +0,1714582800
0.03,2,May 01 2024 19: +0,1714586400
0.03,2,May 01 2024 20: +0,1714590000
0.03,2,May 01 2024 21: +0,1714593600
0.03,1,May 01 2024 22: +0,1714597200
0.03,1,May 01 2024 23: +0,1714600800
0.03,15,May 02 2024 01: +0,1714608000
0.03,1,May 02 2024 03: +0,1714615200
0.03,1,May 02 2024 06: +0,1714626000
0.03,1,May 02 2024 08: +0,1714633200
0.03,1,May 02 2024 10: +0,1714640400
0.03,1,May 02 2024 11: +0,1714644000
0.03,4,May 02 2024 13: +0,1714651200
0.03,1,May 02 2024 16: +0,1714662000
0.03,1,May 02 2024 18: +0,1714669200
0.03,1,May 02 2024 19: +0,1714672800
0.03,1,May 02 2024 20: +0,1714676400
0.03,6,May 02 2024 21: +0,1714680000
0.03,1,May 02 2024 22: +0,1714683600
0.03,3,May 02 2024 23: +0,1714687200
0.03,5,May 03 2024 00: +0,1714690800
0.03,1,May 03 2024 08: +0,1714719600
0.03,11,May 03 2024 11: +0,1714730400
0.03,1,May 03 2024 12: +0,1714734000
0.03,2,May 03 2024 17: +0,1714752000
0.03,1,May 03 2024 19: +0,1714759200
0.03,2,May 03 2024 20: +0,1714762800
0.03,2,May 03 2024 21: +0,1714766400
0.03,3,May 03 2024 23: +0,1714773600
0.03,3,May 04 2024 01: +0,1714780800
0.03,1,May 04 2024 04: +0,1714791600
0.03,1,May 04 2024 05: +0,1714795200
0.03,1,May 04 2024 08: +0,1714806000
0.03,1,May 04 2024 12: +0,1714820400
0.03,2,May 04 2024 14: +0,1714827600
0.03,1,May 04 2024 15: +0,1714831200
0.03,1,May 04 2024 16: +0,1714834800
0.03,4,May 04 2024 20: +0,1714849200
0.03,11,May 04 2024 21: +0,1714852800
0.03,1,May 04 2024 23: +0,1714860000
0.03,1,May 05 2024 01: +0,1714867200
0.03,2,May 05 2024 02: +0,1714870800
0.03,1,May 05 2024 03: +0,1714874400
0.03,1,May 05 2024 06: +0,1714885200
0.03,1,May 05 2024 10: +0,1714899600
0.03,1,May 05 2024 11: +0,1714903200
0.03,3,May 05 2024 12: +0,1714906800
0.03,2,May 05 2024 16: +0,1714921200
0.03,3,May 05 2024 17: +0,1714924800
0.03,5,May 05 2024 18: +0,1714928400
0.03,6,May 05 2024 19: +0,1714932000
0.03,1,May 05 2024 22: +0,1714942800
0.03,1,May 06 2024 02: +0,1714957200
0.03,37,May 06 2024 03: +0,1714960800
0.03,2,May 06 2024 09: +0,1714982400
0.03,1,May 06 2024 12: +0,1714993200
0.03,2,May 06 2024 13: +0,1714996800
0.03,1,May 06 2024 14: +0,1715000400
0.03,6,May 06 2024 16: +0,1715007600
0.03,3,May 06 2024 19: +0,1715018400
0.03,1,May 06 2024 21: +0,1715025600
0.03,1,May 07 2024 05: +0,1715054400
0.03,2,May 07 2024 07: +0,1715061600
0.03,1,May 07 2024 08: +0,1715065200
0.03,3,May 07 2024 10: +0,1715072400
0.03,1,May 07 2024 12: +0,1715079600
0.03,1,May 07 2024 13: +0,1715083200
0.03,1,May 07 2024 14: +0,1715086800
0.03,1,May 07 2024 18: +0,1715101200
0.03,1,May 07 2024 19: +0,1715104800
0.03,1,May 07 2024 20: +0,1715108400
0.03,1,May 07 2024 21: +0,1715112000
0.03,9,May 07 2024 22: +0,1715115600
0.03,1,May 07 2024 23: +0,1715119200
0.03,1,May 08 2024 00: +0,1715122800
0.03,1,May 08 2024 01: +0,1715126400
0.03,1,May 08 2024 12: +0,1715166000
0.03,1,May 08 2024 15: +0,1715176800
0.03,5,May 08 2024 16: +0,1715180400
0.03,1,May 08 2024 17: +0,1715184000
0.03,4,May 08 2024 18: +0,1715187600
0.03,2,May 08 2024 19: +0,1715191200
0.03,2,May 08 2024 21: +0,1715198400
0.03,1,May 08 2024 23: +0,1715205600
0.03,1,May 09 2024 02: +0,1715216400
0.03,1,May 09 2024 03: +0,1715220000
0.03,2,May 09 2024 07: +0,1715234400
0.03,2,May 09 2024 08: +0,1715238000
0.03,6,May 09 2024 11: +0,1715248800
0.03,5,May 09 2024 14: +0,1715259600
0.03,1,May 09 2024 15: +0,1715263200
0.03,9,May 09 2024 16: +0,1715266800
0.03,2,May 09 2024 17: +0,1715270400
0.03,1,May 09 2024 18: +0,1715274000
0.03,10,May 09 2024 20: +0,1715281200
0.03,2,May 09 2024 21: +0,1715284800
0.03,2,May 09 2024 22: +0,1715288400
0.03,32,May 10 2024 06: +0,1715317200
0.03,1,May 10 2024 08: +0,1715324400
0.03,1,May 10 2024 09: +0,1715328000
0.03,1,May 10 2024 11: +0,1715335200
0.03,2,May 10 2024 12: +0,1715338800
0.03,1,May 10 2024 13: +0,1715342400
0.03,1,May 10 2024 16: +0,1715353200
0.03,5,May 10 2024 22: +0,1715374800
0.03,1,May 11 2024 02: +0,1715389200
0.03,1,May 11 2024 03: +0,1715392800
0.03,2,May 11 2024 07: +0,1715407200
0.03,1,May 11 2024 08: +0,1715410800
0.03,3,May 11 2024 11: +0,1715421600
0.03,3,May 11 2024 12: +0,1715425200
0.03,1,May 11 2024 13: +0,1715428800
0.03,1,May 11 2024 14: +0,1715432400
0.03,6,May 11 2024 15: +0,1715436000
0.03,2,May 11 2024 16: +0,1715439600
0.03,1,May 11 2024 18: +0,1715446800
0.03,9,May 11 2024 19: +0,1715450400
0.03,1,May 11 2024 20: +0,1715454000
0.03,1,May 12 2024 00: +0,1715468400
0.03,1,May 12 2024 03: +0,1715479200
0.03,2,May 12 2024 07: +0,1715493600
0.03,1,May 12 2024 09: +0,1715500800
0.03,8,May 12 2024 12: +0,1715511600
0.03,5,May 12 2024 13: +0,1715515200
0.03,1,May 12 2024 15: +0,1715522400
0.03,2,May 12 2024 16: +0,1715526000
0.03,5,May 12 2024 17: +0,1715529600
0.03,1,May 12 2024 19: +0,1715536800
0.03,1,May 12 2024 21: +0,1715544000
0.03,1,May 13 2024 04: +0,1715569200
0.03,4,May 13 2024 05: +0,1715572800
0.03,1,May 13 2024 09: +0,1715587200
0.03,1,May 13 2024 11: +0,1715594400
0.03,2,May 13 2024 13: +0,1715601600
0.03,1,May 13 2024 14: +0,1715605200
0.03,2,May 13 2024 16: +0,1715612400
0.03,2,May 13 2024 17: +0,1715616000
0.03,3,May 13 2024 18: +0,1715619600
0.03,2,May 13 2024 19: +0,1715623200
0.03,1,May 13 2024 20: +0,1715626800
0.03,2,May 13 2024 21: +0,1715630400
0.03,2,May 13 2024 22: +0,1715634000
0.03,3,May 13 2024 23: +0,1715637600
0.03,3,May 14 2024 00: +0,1715641200
0.03,1,May 14 2024 01: +0,1715644800
0.03,5,May 14 2024 02: +0,1715648400
0.03,5,May 14 2024 04: +0,1715655600
0.03,1,May 14 2024 06: +0,1715662800
0.03,2,May 14 2024 07: +0,1715666400
0.03,1,May 14 2024 09: +0,1715673600
0.03,1,May 14 2024 10: +0,1715677200
0.03,1,May 14 2024 13: +0,1715688000
0.03,1,May 14 2024 14: +0,1715691600
0.03,1,May 14 2024 15: +0,1715695200
0.03,2,May 14 2024 17: +0,1715702400
0.03,28,May 14 2024 20: +0,1715713200
0.03,4,May 14 2024 21: +0,1715716800
0.03,2,May 14 2024 22: +0,1715720400
0.03,2,May 15 2024 00: +0,1715727600
0.03,80,May 15 2024 01: +0,1715731200
0.03,1,May 15 2024 07: +0,1715752800
0.03,1,May 15 2024 08: +0,1715756400
0.03,1,May 15 2024 09: +0,1715760000
0.03,2,May 15 2024 11: +0,1715767200
0.03,5,May 15 2024 12: +0,1715770800
0.03,2,May 15 2024 13: +0,1715774400
0.03,1,May 15 2024 14: +0,1715778000
0.03,6,May 15 2024 16: +0,1715785200
0.03,1,May 15 2024 20: +0,1715799600
0.03,15,May 15 2024 21: +0,1715803200
0.03,1,May 16 2024 06: +0,1715835600
0.03,2,May 16 2024 07: +0,1715839200
0.03,12,May 16 2024 08: +0,1715842800
0.03,2,May 16 2024 11: +0,1715853600
0.03,2,May 16 2024 12: +0,1715857200
0.03,2,May 16 2024 15: +0,1715868000
0.03,3,May 16 2024 16: +0,1715871600
0.03,3,May 16 2024 17: +0,1715875200
0.03,5,May 16 2024 18: +0,1715878800
0.03,3,May 16 2024 19: +0,1715882400
0.03,3,May 16 2024 20: +0,1715886000
0.03,3,May 16 2024 21: +0,1715889600
0.03,4,May 16 2024 22: +0,1715893200
0.03,1,May 17 2024 01: +0,1715904000
0.03,3,May 17 2024 10: +0,1715936400
0.03,1,May 17 2024 11: +0,1715940000
0.03,1,May 17 2024 12: +0,1715943600
0.03,2,May 17 2024 13: +0,1715947200
0.03,1,May 17 2024 15: +0,1715954400
0.03,1,May 17 2024 16: +0,1715958000
0.03,2,May 17 2024 17: +0,1715961600
0.03,1,May 17 2024 18: +0,1715965200
0.03,1,May 17 2024 19: +0,1715968800
0.03,1,May 17 2024 20: +0,1715972400
0.03,4,May 17 2024 22: +0,1715979600
0.03,32,May 17 2024 23: +0,1715983200
0.03,2,May 18 2024 01: +0,1715990400
0.03,1,May 18 2024 02: +0,1715994000
0.03,1,May 18 2024 05: +0,1716004800
0.03,1,May 18 2024 07: +0,1716012000
0.03,10,May 18 2024 11: +0,1716026400
0.03,1,May 18 2024 12: +0,1716030000
0.03,8,May 18 2024 13: +0,1716033600
0.03,1,May 18 2024 14: +0,1716037200
0.03,4,May 18 2024 16: +0,1716044400
0.03,12,May 18 2024 18: +0,1716051600
0.03,2,May 18 2024 21: +0,1716062400
0.03,2,May 18 2024 22: +0,1716066000
0.03,2,May 19 2024 00: +0,1716073200
0.03,1,May 19 2024 04: +0,1716087600
0.03,19,May 19 2024 05: +0,1716091200
0.03,2,May 19 2024 07: +0,1716098400
0.03,2,May 19 2024 09: +0,1716105600
0.03,2,May 19 2024 10: +0,1716109200
0.03,2,May 19 2024 11: +0,1716112800
0.03,4,May 19 2024 12: +0,1716116400
0.03,5,May 19 2024 13: +0,1716120000
0.03,2,May 19 2024 14: +0,1716123600
0.03,9,May 19 2024 15: +0,1716127200
0.03,5,May 19 2024 16: +0,1716130800
0.03,5,May 19 2024 17: +0,1716134400
0.03,3,May 19 2024 21: +0,1716148800
0.03,1,May 19 2024 22: +0,1716152400
0.03,1,May 20 2024 00: +0,1716159600
0.03,1,May 20 2024 04: +0,1716174000
0.03,1,May 20 2024 06: +0,1716181200
0.03,2,May 20 2024 07: +0,1716184800
0.03,1,May 20 2024 08: +0,1716188400
0.03,1,May 20 2024 11: +0,1716199200
0.03,4,May 20 2024 12: +0,1716202800
0.03,1,May 20 2024 13: +0,1716206400
0.03,5,May 20 2024 14: +0,1716210000
0.03,2,May 20 2024 18: +0,1716224400
0.03,14,May 20 2024 19: +0,1716228000
0.03,2,May 20 2024 20: +0,1716231600
0.03,2,May 20 2024 22: +0,1716238800
0.03,3,May 21 2024 01: +0,1716249600
0.03,1,May 21 2024 05: +0,1716264000
0.03,3,May 21 2024 09: +0,1716278400
0.03,11,May 21 2024 10: +0,1716282000
0.03,1,May 21 2024 11: +0,1716285600
0.03,1,May 21 2024 12: +0,1716289200
0.03,1,May 21 2024 17: +0,1716307200
0.03,1,May 21 2024 19: +0,1716314400
0.03,1,May 21 2024 21: +0,1716321600
0.03,64,May 21 2024 22: +0,1716325200
0.03,5,May 22 2024 00: +0,1716332400
0.03,1,May 22 2024 01: +0,1716336000
0.03,1,May 22 2024 04: +0,1716346800
0.03,1,May 22 2024 05: +0,1716350400
0.03,1,May 22 2024 06: +0,1716354000
0.03,1,May 22 2024 07: +0,1716357600
0.03,2,May 22 2024 08: +0,1716361200
0.03,1,May 22 2024 09: +0,1716364800
0.03,4,May 22 2024 10: +0,1716368400
0.03,2,May 22 2024 13: +0,1716379200
0.03,1,May 22 2024 14: +0,1716382800
0.03,6,May 22 2024 15: +0,1716386400
0.03,3,May 22 2024 16: +0,1716390000
0.03,1,May 22 2024 17: +0,1716393600
0.03,2,May 22 2024 18: +0,1716397200
0.03,5,May 22 2024 19: +0,1716400800
0.03,1,May 22 2024 23: +0,1716415200
0.03,1,May 23 2024 05: +0,1716436800
0.03,1,May 23 2024 06: +0,1716440400
0.03,1,May 23 2024 13: +0,1716465600
0.03,1,May 23 2024 14: +0,1716469200
0.03,3,May 23 2024 15: +0,1716472800
0.03,9,May 23 2024 17: +0,1716480000
0.03,4,May 23 2024 18: +0,1716483600
0.03,1,May 23 2024 19: +0,1716487200
0.03,1,May 23 2024 20: +0,1716490800
0.03,1,May 23 2024 22: +0,1716498000
0.03,4,May 23 2024 23: +0,1716501600
0.03,2,May 24 2024 04: +0,1716519600
0.03,1,May 24 2024 08: +0,1716534000
0.03,2,May 24 2024 10: +0,1716541200
0.03,12,May 24 2024 13: +0,1716552000
0.03,1,May 24 2024 14: +0,1716555600
0.03,1,May 24 2024 15: +0,1716559200
0.03,3,May 24 2024 16: +0,1716562800
0.03,1,May 24 2024 21: +0,1716580800
0.03,1,May 25 2024 09: +0,1716624000
0.03,5,May 25 2024 10: +0,1716627600
0.03,1,May 25 2024 11: +0,1716631200
0.03,1,May 25 2024 12: +0,1716634800
0.03,1,May 25 2024 13: +0,1716638400
0.03,1,May 25 2024 14: +0,1716642000
0.03,1,May 25 2024 15: +0,1716645600
0.03,1,May 25 2024 16: +0,1716649200
0.03,2,May 25 2024 17: +0,1716652800
0.03,1,May 25 2024 20: +0,1716663600
0.03,1,May 25 2024 21: +0,1716667200
0.03,2,May 25 2024 22: +0,1716670800
0.03,3,May 26 2024 00: +0,1716678000
0.03,1,May 26 2024 01: +0,1716681600
0.03,1,May 26 2024 03: +0,1716688800
0.03,1,May 26 2024 05: +0,1716696000
0.03,2,May 26 2024 06: +0,1716699600
0.03,1,May 26 2024 07: +0,1716703200
0.03,2,May 26 2024 08: +0,1716706800
0.03,2,May 26 2024 09: +0,1716710400
0.03,1,May 26 2024 10: +0,1716714000
0.03,2,May 26 2024 11: +0,1716717600
0.03,1,May 26 2024 13: +0,1716724800
0.03,1,May 26 2024 14: +0,1716728400
0.03,3,May 26 2024 15: +0,1716732000
0.03,1,May 26 2024 17: +0,1716739200
0.03,1,May 26 2024 18: +0,1716742800
0.03,1,May 26 2024 19: +0,1716746400
0.03,2,May 26 2024 20: +0,1716750000
0.03,5,May 26 2024 21: +0,1716753600
0.03,1,May 26 2024 23: +0,1716760800
0.03,5,May 27 2024 01: +0,1716768000
0.03,1,May 27 2024 05: +0,1716782400
0.03,1,May 27 2024 06: +0,1716786000
0.03,5,May 27 2024 07: +0,1716789600
0.03,3,May 27 2024 08: +0,1716793200
0.03,2,May 27 2024 09: +0,1716796800
0.03,5,May 27 2024 10: +0,1716800400
0.03,3,May 27 2024 12: +0,1716807600
0.03,1,May 27 2024 13: +0,1716811200
0.03,1,May 27 2024 14: +0,1716814800
0.03,1,May 27 2024 15: +0,1716818400
0.03,1,May 27 2024 16: +0,1716822000
0.03,1,May 27 2024 17: +0,1716825600
0.03,2,May 27 2024 18: +0,1716829200
0.03,1,May 27 2024 20: +0,1716836400
0.03,5,May 27 2024 21: +0,1716840000
0.03,1,May 27 2024 22: +0,1716843600
0.03,10,May 28 2024 09: +0,1716883200
0.03,1,May 28 2024 10: +0,1716886800
0.03,1,May 28 2024 11: +0,1716890400
0.03,1,May 28 2024 14: +0,1716901200
0.03,2,May 28 2024 15: +0,1716904800
0.03,1,May 28 2024 18: +0,1716915600
0.03,3,May 28 2024 19: +0,1716919200
0.03,1,May 28 2024 21: +0,1716926400
0.03,4,May 28 2024 22: +0,1716930000
0.03,1,May 28 2024 23: +0,1716933600
0.03,1,May 29 2024 01: +0,1716940800
0.03,26,May 29 2024 04: +0,1716951600
0.03,17,May 29 2024 05: +0,1716955200
0.03,1,May 29 2024 06: +0,1716958800
0.03,1,May 29 2024 09: +0,1716969600
0.03,1,May 29 2024 10: +0,1716973200
0.03,1,May 29 2024 11: +0,1716976800
0.03,1,May 29 2024 12: +0,1716980400
0.03,31,May 29 2024 14: +0,1716987600
0.03,3,May 29 2024 17: +0,1716998400
0.03,4,May 29 2024 18: +0,1717002000
0.03,3,May 29 2024 19: +0,1717005600
0.03,5,May 29 2024 20: +0,1717009200
0.03,7,May 30 2024 00: +0,1717023600
0.03,1,May 30 2024 01: +0,1717027200
0.03,2,May 30 2024 05: +0,1717041600
0.03,1,May 30 2024 12: +0,1717066800
0.03,4,May 30 2024 14: +0,1717074000
0.03,1,May 30 2024 15: +0,1717077600
0.03,1,May 30 2024 16: +0,1717081200
0.03,4,May 30 2024 17: +0,1717084800
0.03,1,May 30 2024 19: +0,1717092000
0.03,2,May 30 2024 22: +0,1717102800
0.03,3,May 31 2024 01: +0,1717113600
0.03,1,May 31 2024 04: +0,1717124400
0.03,1,May 31 2024 06: +0,1717131600
0.03,1,May 31 2024 07: +0,1717135200
0.03,1,May 31 2024 10: +0,1717146000
0.03,1,May 31 2024 11: +0,1717149600
0.03,13,May 31 2024 12: +0,1717153200
0.03,1,May 31 2024 14: +0,1717160400
0.03,5,May 31 2024 15: +0,1717164000
0.03,6,May 31 2024 16: +0,1717167600
0.03,1,May 31 2024 17: +0,1717171200
0.03,2,May 31 2024 19: +0,1717178400
0.03,2,May 31 2024 20: +0,1717182000
0.03,4,May 31 2024 22: +0,1717189200
0.03,42,May 31 2024 23: +0,1717192800
0.03,1,Jun 01 2024 01: +0,1717200000
0.03,1,Jun 01 2024 05: +0,1717214400
0.03,1,Jun 01 2024 10: +0,1717232400
0.03,3,Jun 01 2024 11: +0,1717236000
0.03,7,Jun 01 2024 12: +0,1717239600
0.03,1,Jun 01 2024 14: +0,1717246800
0.03,4,Jun 01 2024 15: +0,1717250400
0.03,3,Jun 01 2024 16: +0,1717254000
0.03,1,Jun 01 2024 19: +0,1717264800
0.03,2,Jun 01 2024 20: +0,1717268400
0.03,1,Jun 01 2024 21: +0,1717272000
0.03,2,Jun 02 2024 00: +0,1717282800
0.03,1,Jun 02 2024 01: +0,1717286400
0.03,2,Jun 02 2024 06: +0,1717304400
0.03,1,Jun 02 2024 09: +0,1717315200
0.03,1,Jun 02 2024 12: +0,1717326000
0.03,2,Jun 02 2024 13: +0,1717329600
0.03,1,Jun 02 2024 15: +0,1717336800
0.03,2,Jun 02 2024 16: +0,1717340400
0.03,1,Jun 02 2024 18: +0,1717347600
0.03,1,Jun 02 2024 19: +0,1717351200
0.03,2,Jun 02 2024 23: +0,1717365600
0.03,3,Jun 03 2024 02: +0,1717376400
0.03,1,Jun 03 2024 03: +0,1717380000
0.03,1,Jun 03 2024 06: +0,1717390800
0.03,10,Jun 03 2024 08: +0,1717398000
0.03,2,Jun 03 2024 10: +0,1717405200
0.03,3,Jun 03 2024 11: +0,1717408800
0.03,2,Jun 03 2024 12: +0,1717412400
0.03,27,Jun 03 2024 16: +0,1717426800
0.03,1,Jun 03 2024 18: +0,1717434000
0.03,1,Jun 04 2024 05: +0,1717473600
0.03,1,Jun 04 2024 06: +0,1717477200
0.03,10,Jun 04 2024 08: +0,1717484400
0.03,2,Jun 04 2024 09: +0,1717488000
0.03,1,Jun 04 2024 10: +0,1717491600
0.03,5,Jun 04 2024 15: +0,1717509600
0.03,1,Jun 04 2024 18: +0,1717520400
0.03,7,Jun 04 2024 19: +0,1717524000
0.03,3,Jun 04 2024 20: +0,1717527600
0.03,1,Jun 05 2024 00: +0,1717542000
0.03,5,Jun 05 2024 01: +0,1717545600
0.03,2,Jun 05 2024 03: +0,1717552800
0.03,1,Jun 05 2024 07: +0,1717567200
0.03,1,Jun 05 2024 09: +0,1717574400
0.03,2,Jun 05 2024 13: +0,1717588800
0.03,4,Jun 05 2024 14: +0,1717592400
0.03,7,Jun 05 2024 15: +0,1717596000
0.03,5,Jun 05 2024 16: +0,1717599600
0.03,5,Jun 05 2024 18: +0,1717606800
0.03,1,Jun 05 2024 20: +0,1717614000
0.03,14,Jun 05 2024 22: +0,1717621200
0.03,1,Jun 06 2024 00: +0,1717628400
0.03,8,Jun 06 2024 07: +0,1717653600
0.03,1,Jun 06 2024 09: +0,1717660800
0.03,1,Jun 06 2024 10: +0,1717664400
0.03,2,Jun 06 2024 12: +0,1717671600
0.03,1,Jun 06 2024 13: +0,1717675200
0.03,3,Jun 06 2024 15: +0,1717682400
0.03,1,Jun 06 2024 16: +0,1717686000
0.03,1,Jun 06 2024 17: +0,1717689600
0.03,2,Jun 06 2024 18: +0,1717693200
0.03,1,Jun 06 2024 19: +0,1717696800
0.03,5,Jun 06 2024 20: +0,1717700400
0.03,2,Jun 07 2024 00: +0,1717714800
0.03,2,Jun 07 2024 01: +0,1717718400
0.03,1,Jun 07 2024 02: +0,1717722000
0.03,1,Jun 07 2024 03: +0,1717725600
0.03,4,Jun 07 2024 07: +0,1717740000
0.03,1,Jun 07 2024 10: +0,1717750800
0.03,3,Jun 07 2024 12: +0,1717758000
0.03,6,Jun 07 2024 13: +0,1717761600
0.03,1,Jun 07 2024 16: +0,1717772400
0.03,1,Jun 07 2024 18: +0,1717779600
0.03,2,Jun 07 2024 19: +0,1717783200
0.03,1,Jun 07 2024 20: +0,1717786800
0.03,6,Jun 07 2024 22: +0,1717794000
0.03,2,Jun 07 2024 23: +0,1717797600
0.03,1,Jun 08 2024 01: +0,1717804800
0.03,1,Jun 08 2024 04: +0,1717815600
0.03,3,Jun 08 2024 07: +0,1717826400
0.03,3,Jun 08 2024 10: +0,1717837200
0.03,1,Jun 08 2024 12: +0,1717844400
0.03,1,Jun 08 2024 15: +0,1717855200
0.03,2,Jun 08 2024 17: +0,1717862400
0.03,2,Jun 08 2024 18: +0,1717866000
0.03,4,Jun 08 2024 19: +0,1717869600
0.03,1,Jun 08 2024 20: +0,1717873200
0.03,1,Jun 08 2024 21: +0,1717876800
0.03,5,Jun 09 2024 00: +0,1717887600
0.03,1,Jun 09 2024 03: +0,1717898400
0.03,1,Jun 09 2024 05: +0,1717905600
0.03,1,Jun 09 2024 07: +0,1717912800
0.03,6,Jun 09 2024 08: +0,1717916400
0.03,1,Jun 09 2024 11: +0,1717927200
0.03,4,Jun 09 2024 16: +0,1717945200
0.03,3,Jun 09 2024 17: +0,1717948800
0.03,2,Jun 09 2024 18: +0,1717952400
0.03,2,Jun 09 2024 19: +0,1717956000
0.03,7,Jun 09 2024 20: +0,1717959600
0.03,1,Jun 09 2024 21: +0,1717963200
0.03,1,Jun 10 2024 07: +0,1717999200
0.03,4,Jun 10 2024 08: +0,1718002800
0.03,3,Jun 10 2024 09: +0,1718006400
0.03,1,Jun 10 2024 10: +0,1718010000
0.03,1,Jun 10 2024 11: +0,1718013600
0.03,6,Jun 10 2024 12: +0,1718017200
0.03,2,Jun 10 2024 13: +0,1718020800
0.03,2,Jun 10 2024 14: +0,1718024400
0.03,1,Jun 10 2024 15: +0,1718028000
0.03,2,Jun 10 2024 18: +0,1718038800
0.03,2,Jun 10 2024 20: +0,1718046000
0.03,8,Jun 10 2024 21: +0,1718049600
0.03,1,Jun 11 2024 02: +0,1718067600
0.03,1,Jun 11 2024 06: +0,1718082000
0.03,1,Jun 11 2024 07: +0,1718085600
0.03,1,Jun 11 2024 08: +0,1718089200
0.03,1,Jun 11 2024 11: +0,1718100000
0.03,15,Jun 11 2024 13: +0,1718107200
0.03,3,Jun 11 2024 14: +0,1718110800
0.03,1,Jun 11 2024 15: +0,1718114400
0.03,13,Jun 11 2024 16: +0,1718118000
0.03,10,Jun 11 2024 18: +0,1718125200
0.03,1,Jun 11 2024 20: +0,1718132400
0.03,1,Jun 12 2024 01: +0,1718150400
0.03,1,Jun 12 2024 03: +0,1718157600
0.03,2,Jun 12 2024 05: +0,1718164800
0.03,1,Jun 12 2024 07: +0,1718172000
0.03,1,Jun 12 2024 08: +0,1718175600
0.03,1,Jun 12 2024 10: +0,1718182800
0.03,5,Jun 12 2024 11: +0,1718186400
0.03,1,Jun 12 2024 13: +0,1718193600
0.03,1,Jun 12 2024 14: +0,1718197200
0.03,1,Jun 12 2024 15: +0,1718200800
0.03,1,Jun 12 2024 18: +0,1718211600
0.03,1,Jun 12 2024 19: +0,1718215200
0.03,3,Jun 12 2024 22: +0,1718226000
0.03,11,Jun 13 2024 05: +0,1718251200
0.03,1,Jun 13 2024 08: +0,1718262000
0.03,2,Jun 13 2024 12: +0,1718276400
0.03,2,Jun 13 2024 13: +0,1718280000
0.03,2,Jun 13 2024 14: +0,1718283600
0.03,1,Jun 13 2024 16: +0,1718290800
0.03,4,Jun 13 2024 18: +0,1718298000
0.03,1,Jun 13 2024 20: +0,1718305200
0.03,2,Jun 13 2024 21: +0,1718308800
0.03,3,Jun 13 2024 22: +0,1718312400
0.03,2,Jun 14 2024 01: +0,1718323200
0.03,1,Jun 14 2024 07: +0,1718344800
0.03,3,Jun 14 2024 10: +0,1718355600
0.03,3,Jun 14 2024 11: +0,1718359200
0.03,1,Jun 14 2024 12: +0,1718362800
0.03,5,Jun 14 2024 14: +0,1718370000
0.03,1,Jun 14 2024 15: +0,1718373600
0.03,2,Jun 14 2024 16: +0,1718377200
0.03,1,Jun 14 2024 17: +0,1718380800
0.03,1,Jun 14 2024 18: +0,1718384400
0.03,5,Jun 14 2024 21: +0,1718395200
0.03,1,Jun 15 2024 00: +0,1718406000
0.03,1,Jun 15 2024 03: +0,1718416800
0.03,6,Jun 15 2024 10: +0,1718442000
0.03,1,Jun 15 2024 12: +0,1718449200
0.03,1,Jun 15 2024 13: +0,1718452800
0.03,1,Jun 15 2024 15: +0,1718460000
