price,quantity,date,unix timestamp
4.309,1,Nov 29 2013 01: +0,1385686800
2.01,4,Nov 30 2013 01: +0,1385773200
0.676,14,Dec 01 2013 01: +0,1385859600
0.664,11,Dec 02 2013 01: +0,1385946000
0.971,4,Dec 03 2013 01: +0,1386032400
1.343,1,Dec 04 2013 01: +0,1386118800
0.855,1,Dec 05 2013 01: +0,1386205200
0.345,2,Dec 06 2013 01: +0,1386291600
0.679,6,Dec 07 2013 01: +0,1386378000
0.965,4,Dec 08 2013 01: +0,1386464400
1.088,3,Dec 09 2013 01: +0,1386550800
0.639,5,Dec 11 2013 01: +0,1386723600
0.781,4,Dec 12 2013 01: +0,1386810000
0.745,4,Dec 13 2013 01: +0,1386896400
0.885,1,Dec 14 2013 01: +0,1386982800
0.828,3,Dec 17 2013 01: +0,1387242000
0.763,3,Dec 18 2013 01: +0,1387328400
0.893,1,Dec 19 2013 01: +0,1387414800
0.371,4,Dec 20 2013 01: +0,1387501200
0.713,4,Dec 21 2013 01: +0,1387587600
0.344,4,Dec 22 2013 01: +0,1387674000
0.388,6,Dec 23 2013 01: +0,1387760400
0.384,2,Dec 24 2013 01: +0,1387846800
0.393,3,Dec 25 2013 01: +0,1387933200
0.465,3,Dec 26 2013 01: +0,1388019600
0.37,2,Dec 27 2013 01: +0,1388106000
0.452,3,Dec 28 2013 01: +0,1388192400
0.538,1,Dec 29 2013 01: +0,1388278800
0.474,6,Dec 31 2013 01: +0,1388451600
0.778,1,Jan 01 2014 01: +0,1388538000
0.36,1,Jan 04 2014 01: +0,1388797200
0.35,2,Jan 05 2014 01: +0,1388883600
0.323,4,Jan 06 2014 01: +0,1388970000
0.397,4,Jan 07 2014 01: +0,1389056400
0.544,1,Jan 09 2014 01: +0,1389229200
0.596,2,Jan 10 2014 01: +0,1389315600
0.713,1,Jan 11 2014 01: +0,1389402000
0.734,1,Jan 12 2014 01: +0,1389488400
0.564,1,Jan 13 2014 01: +0,1389574800
0.711,1,Jan 14 2014 01: +0,1389661200
0.513,1,Jan 15 2014 01: +0,1389747600
0.61,3,Jan 16 2014 01: +0,1389834000
0.593,2,Jan 17 2014 01: +0,1389920400
0.67,1,Jan 18 2014 01: +0,1390006800
0.356,1,Jan 19 2014 01: +0,1390093200
0.671,1,Jan 21 2014 01: +0,1390266000
0.542,1,Jan 29 2014 01: +0,1390957200
0.527,1,Jan 31 2014 01: +0,1391130000
0.452,2,Feb 01 2014 01: +0,1391216400
0.414,1,Feb 02 2014 01: +0,1391302800
0.339,1,Feb 03 2014 01: +0,1391389200
0.48,1,Feb 04 2014 01: +0,1391475600
0.421,2,Feb 08 2014 01: +0,1391821200
0.422,1,Feb 10 2014 01: +0,1391994000
0.44,3,Feb 11 2014 01: +0,1392080400
0.38,2,Feb 12 2014 01: +0,1392166800
0.03,1,Feb 13 2014 01: +0,1392253200
0.271,2,Feb 14 2014 01: +0,1392339600
0.26,1,Feb 15 2014 01: +0,1392426000
0.226,2,Feb 16 2014 01: +0,1392512400
0.307,1,Feb 18 2014 01: +0,1392685200
0.33,1,Feb 19 2014 01: +0,1392771600
0.29,2,Feb 20 2014 01: +0,1392858000
0.34,1,Feb 21 2014 01: +0,1392944400
0.386,1,Feb 22 2014 01: +0,1393030800
0.386,1,Feb 23 2014 01: +0,1393117200
0.388,2,Feb 24 2014 01: +0,1393203600
0.294,1,Feb 26 2014 01: +0,1393376400
0.339,3,Feb 27 2014 01: +0,1393462800
0.48,3,Feb 28 2014 01: +0,1393549200
0.455,1,Mar 02 2014 01: +0,1393722000
0.409,1,Mar 03 2014 01: +0,1393808400
0.24,1,Mar 04 2014 01: +0,1393894800
0.405,1,Mar 05 2014 01: +0,1393981200
0.406,2,Mar 07 2014 01: +0,1394154000
0.455,4,Mar 08 2014 01: +0,1394240400
0.471,1,Mar 11 2014 01: +0,1394499600
0.353,1,Mar 13 2014 01: +0,1394672400
0.446,2,Mar 14 2014 01: +0,1394758800
0.455,1,Mar 15 2014 01: +0,1394845200
0.396,2,Mar 16 2014 01: +0,1394931600
0.342,3,Mar 17 2014 01: +0,1395018000
0.463,2,Mar 18 2014 01: +0,1395104400
0.455,1,Mar 19 2014 01: +0,1395190800
0.364,1,Mar 20 2014 01: +0,1395277200
0.365,2,Mar 21 2014 01: +0,1395363600
0.457,2,Mar 22 2014 01: +0,1395450000
0.25,4,Mar 24 2014 01: +0,1395622800
0.38,1,Mar 25 2014 01: +0,1395709200
0.397,5,Mar 26 2014 01: +0,1395795600
0.396,2,Mar 28 2014 01: +0,1395968400
0.392,1,Mar 29 2014 01: +0,1396054800
0.387,1,Mar 30 2014 01: +0,1396141200
0.473,1,Apr 01 2014 01: +0,1396310400
0.397,1,Apr 02 2014 01: +0,1396396800
0.386,1,Apr 03 2014 01: +0,1396483200
0.303,2,Apr 06 2014 01: +0,1396742400
0.303,2,Apr 07 2014 01: +0,1396828800
0.338,2,Apr 08 2014 01: +0,1396915200
0.365,2,Apr 09 2014 01: +0,1397001600
0.397,1,Apr 10 2014 01: +0,1397088000
0.367,1,Apr 11 2014 01: +0,1397174400
0.305,2,Apr 13 2014 01: +0,1397347200
0.132,1,Apr 15 2014 01: +0,1397520000
0.307,4,Apr 16 2014 01: +0,1397606400
0.253,3,Apr 17 2014 01: +0,1397692800
0.354,1,Apr 18 2014 01: +0,1397779200
0.394,3,Apr 20 2014 01: +0,1397952000
0.475,4,Apr 21 2014 01: +0,1398038400
0.4,1,Apr 23 2014 01: +0,1398211200
0.356,1,Apr 24 2014 01: +0,1398297600
0.516,2,Apr 26 2014 01: +0,1398470400
0.314,3,Apr 27 2014 01: +0,1398556800
0.372,3,Apr 28 2014 01: +0,1398643200
0.389,1,Apr 29 2014 01: +0,1398729600
0.318,1,Apr 30 2014 01: +0,1398816000
0.344,1,May 01 2014 01: +0,1398902400
0.339,1,May 02 2014 01: +0,1398988800
0.36,2,May 03 2014 01: +0,1399075200
0.394,2,May 04 2014 01: +0,1399161600
0.289,2,May 05 2014 01: +0,1399248000
0.329,3,May 06 2014 01: +0,1399334400
0.241,2,May 08 2014 01: +0,1399507200
0.323,6,May 09 2014 01: +0,1399593600
0.471,1,May 10 2014 01: +0,1399680000
0.455,1,May 11 2014 01: +0,1399766400
0.446,2,May 13 2014 01: +0,1399939200
0.405,2,May 14 2014 01: +0,1400025600
0.349,3,May 15 2014 01: +0,1400112000
0.363,1,May 16 2014 01: +0,1400198400
0.314,2,May 18 2014 01: +0,1400371200
0.317,5,May 19 2014 01: +0,1400457600
0.323,1,May 21 2014 01: +0,1400630400
0.356,3,May 22 2014 01: +0,1400716800
0.338,2,May 24 2014 01: +0,1400889600
0.358,3,May 25 2014 01: +0,1400976000
0.38,1,May 26 2014 01: +0,1401062400
0.357,3,May 27 2014 01: +0,1401148800
0.33,1,May 29 2014 01: +0,1401321600
0.323,1,May 30 2014 01: +0,1401408000
0.276,3,Jun 01 2014 01: +0,1401580800
0.232,1,Jun 02 2014 01: +0,1401667200
0.327,3,Jun 03 2014 01: +0,1401753600
0.43,1,Jun 04 2014 01: +0,1401840000
0.284,2,Jun 05 2014 01: +0,1401926400
0.447,1,Jun 06 2014 01: +0,1402012800
0.323,1,Jun 07 2014 01: +0,1402099200
0.323,1,Jun 08 2014 01: +0,1402185600
0.315,1,Jun 09 2014 01: +0,1402272000
0.301,3,Jun 10 2014 01: +0,1402358400
0.386,3,Jun 11 2014 01: +0,1402444800
0.482,2,Jun 13 2014 01: +0,1402617600
0.485,2,Jun 14 2014 01: +0,1402704000
0.358,1,Jun 15 2014 01: +0,1402790400
0.628,5,Jun 16 2014 01: +0,1402876800
0.941,1,Jun 17 2014 01: +0,1402963200
0.356,1,Jun 18 2014 01: +0,1403049600
0.417,3,Jun 19 2014 01: +0,1403136000
0.326,3,Jun 20 2014 01: +0,1403222400
0.224,1,Jun 21 2014 01: +0,1403308800
0.188,3,Jun 22 2014 01: +0,1403395200
0.265,4,Jun 23 2014 01: +0,1403481600
0.284,5,Jun 24 2014 01: +0,1403568000
0.227,4,Jun 25 2014 01: +0,1403654400
0.263,3,Jun 26 2014 01: +0,1403740800
0.374,4,Jun 27 2014 01: +0,1403827200
0.354,3,Jun 28 2014 01: +0,1403913600
0.224,8,Jun 29 2014 01: +0,1404000000
0.299,3,Jun 30 2014 01: +0,1404086400
0.341,5,Jul 01 2014 01: +0,1404172800
0.326,2,Jul 02 2014 01: +0,1404259200
0.351,5,Jul 03 2014 01: +0,1404345600
0.323,1,Jul 04 2014 01: +0,1404432000
0.276,2,Jul 05 2014 01: +0,1404518400
0.347,4,Jul 06 2014 01: +0,1404604800
0.221,2,Jul 07 2014 01: +0,1404691200
0.314,4,Jul 08 2014 01: +0,1404777600
0.281,2,Jul 09 2014 01: +0,1404864000
0.331,1,Jul 10 2014 01: +0,1404950400
0.211,2,Jul 11 2014 01: +0,1405036800
0.599,4,Jul 13 2014 01: +0,1405209600
0.381,1,Jul 15 2014 01: +0,1405382400
0.315,4,Jul 16 2014 01: +0,1405468800
0.637,1,Jul 17 2014 01: +0,1405555200
0.382,2,Jul 18 2014 01: +0,1405641600
0.623,4,Jul 19 2014 01: +0,1405728000
0.424,3,Jul 20 2014 01: +0,1405814400
0.471,1,Jul 21 2014 01: +0,1405900800
0.402,3,Jul 22 2014 01: +0,1405987200
0.403,6,Jul 23 2014 01: +0,1406073600
0.854,2,Jul 24 2014 01: +0,1406160000
0.451,1,Jul 25 2014 01: +0,1406246400
0.509,2,Jul 26 2014 01: +0,1406332800
0.5,3,Jul 27 2014 01: +0,1406419200
0.455,2,Jul 29 2014 01: +0,1406592000
1.266,1,Jul 31 2014 01: +0,1406764800
0.6,4,Aug 01 2014 01: +0,1406851200
0.458,2,Aug 02 2014 01: +0,1406937600
0.794,2,Aug 03 2014 01: +0,1407024000
0.71,4,Aug 04 2014 01: +0,1407110400
0.611,5,Aug 05 2014 01: +0,1407196800
0.673,3,Aug 08 2014 01: +0,1407456000
0.579,1,Aug 10 2014 01: +0,1407628800
0.294,1,Aug 11 2014 01: +0,1407715200
0.575,2,Aug 12 2014 01: +0,1407801600
0.472,3,Aug 13 2014 01: +0,1407888000
0.489,2,Aug 14 2014 01: +0,1407974400
0.368,2,Aug 15 2014 01: +0,1408060800
0.44,4,Aug 16 2014 01: +0,1408147200
0.4,1,Aug 17 2014 01: +0,1408233600
0.322,2,Aug 18 2014 01: +0,1408320000
0.38,1,Aug 19 2014 01: +0,1408406400
0.39,2,Aug 20 2014 01: +0,1408492800
0.407,3,Aug 22 2014 01: +0,1408665600
0.471,2,Aug 23 2014 01: +0,1408752000
0.477,2,Aug 24 2014 01: +0,1408838400
0.545,1,Aug 26 2014 01: +0,1409011200
0.491,2,Aug 27 2014 01: +0,1409097600
0.38,1,Aug 28 2014 01: +0,1409184000
0.45,3,Aug 29 2014 01: +0,1409270400
0.499,5,Aug 30 2014 01: +0,1409356800
0.437,3,Aug 31 2014 01: +0,1409443200
0.493,1,Sep 01 2014 01: +0,1409529600
0.488,1,Sep 02 2014 01: +0,1409616000
0.331,1,Sep 03 2014 01: +0,1409702400
0.426,3,Sep 04 2014 01: +0,1409788800
0.518,5,Sep 05 2014 01: +0,1409875200
0.562,2,Sep 06 2014 01: +0,1409961600
0.521,1,Sep 07 2014 01: +0,1410048000
0.551,1,Sep 09 2014 01: +0,1410220800
0.488,1,Sep 10 2014 01: +0,1410307200
0.428,1,Sep 11 2014 01: +0,1410393600
0.438,1,Sep 13 2014 01: +0,1410566400
0.459,2,Sep 14 2014 01: +0,1410652800
0.373,1,Sep 15 2014 01: +0,1410739200
0.414,1,Sep 16 2014 01: +0,1410825600
0.381,2,Sep 17 2014 01: +0,1410912000
0.459,2,Sep 18 2014 01: +0,1410998400
0.52,3,Sep 19 2014 01: +0,1411084800
0.402,2,Sep 21 2014 01: +0,1411257600
0.306,1,Sep 22 2014 01: +0,1411344000
0.513,1,Sep 23 2014 01: +0,1411430400
0.529,1,Sep 24 2014 01: +0,1411516800
0.248,2,Sep 25 2014 01: +0,1411603200
0.42,2,Sep 26 2014 01: +0,1411689600
0.366,2,Sep 27 2014 01: +0,1411776000
0.341,2,Sep 28 2014 01: +0,1411862400
0.409,1,Sep 29 2014 01: +0,1411948800
0.43,3,Sep 30 2014 01: +0,1412035200
0.6,2,Oct 01 2014 01: +0,1412121600
0.616,2,Oct 02 2014 01: +0,1412208000
0.345,2,Oct 03 2014 01: +0,1412294400
0.465,5,Oct 04 2014 01: +0,1412380800
0.462,5,Oct 05 2014 01: +0,1412467200
0.513,1,Oct 06 2014 01: +0,1412553600
0.513,2,Oct 08 2014 01: +0,1412726400
0.699,3,Oct 10 2014 01: +0,1412899200
0.614,3,Oct 12 2014 01: +0,1413072000
0.366,1,Oct 14 2014 01: +0,1413244800
0.463,1,Oct 16 2014 01: +0,1413417600
0.467,1,Oct 17 2014 01: +0,1413504000
0.591,2,Oct 18 2014 01: +0,1413590400
1.067,1,Oct 20 2014 01: +0,1413763200
0.951,1,Oct 21 2014 01: +0,1413849600
0.557,1,Oct 22 2014 01: +0,1413936000
0.437,2,Oct 25 2014 01: +0,1414195200
1.633,2,Oct 26 2014 01: +0,1414281600
0.481,1,Oct 27 2014 01: +0,1414371600
0.507,2,Oct 28 2014 01: +0,1414458000
0.512,2,Oct 29 2014 01: +0,1414544400
0.534,2,Oct 30 2014 01: +0,1414630800
0.393,1,Nov 01 2014 01: +0,1414803600
0.34,2,Nov 02 2014 01: +0,1414890000
0.385,1,Nov 03 2014 01: +0,1414976400
0.381,1,Nov 04 2014 01: +0,1415062800
0.432,3,Nov 05 2014 01: +0,1415149200
0.471,1,Nov 06 2014 01: +0,1415235600
0.448,1,Nov 08 2014 01: +0,1415408400
0.432,2,Nov 09 2014 01: +0,1415494800
0.519,1,Nov 10 2014 01: +0,1415581200
0.411,1,Nov 11 2014 01: +0,1415667600
0.421,1,Nov 12 2014 01: +0,1415754000
0.45,1,Nov 13 2014 01: +0,1415840400
0.379,1,Nov 17 2014 01: +0,1416186000
0.376,2,Nov 19 2014 01: +0,1416358800
0.322,3,Nov 20 2014 01: +0,1416445200
0.329,1,Nov 22 2014 01: +0,1416618000
0.302,3,Nov 23 2014 01: +0,1416704400
0.364,2,Nov 25 2014 01: +0,1416877200
0.515,2,Nov 26 2014 01: +0,1416963600
0.328,2,Nov 27 2014 01: +0,1417050000
0.364,2,Nov 28 2014 01: +0,1417136400
0.314,1,Nov 29 2014 01: +0,1417222800
0.356,1,Nov 30 2014 01: +0,1417309200
0.277,2,Dec 01 2014 01: +0,1417395600
0.317,4,Dec 03 2014 01: +0,1417568400
0.741,1,Dec 05 2014 01: +0,1417741200
0.466,1,Dec 06 2014 01: +0,1417827600
0.579,1,Dec 07 2014 01: +0,1417914000
0.353,1,Dec 08 2014 01: +0,1418000400
0.243,2,Dec 10 2014 01: +0,1418173200
0.304,3,Dec 11 2014 01: +0,1418259600
0.421,6,Dec 13 2014 01: +0,1418432400
0.311,4,Dec 14 2014 01: +0,1418518800
0.368,4,Dec 15 2014 01: +0,1418605200
0.312,3,Dec 16 2014 01: +0,1418691600
0.398,4,Dec 17 2014 01: +0,1418778000
0.315,3,Dec 18 2014 01: +0,1418864400
0.431,3,Dec 20 2014 01: +0,1419037200
0.433,1,Dec 21 2014 01: +0,1419123600
1.365,1,Dec 22 2014 01: +0,1419210000
1.199,1,Dec 23 2014 01: +0,1419296400
0.575,5,Dec 24 2014 01: +0,1419382800
0.403,1,Dec 25 2014 01: +0,1419469200
0.44,2,Dec 26 2014 01: +0,1419555600
0.45,1,Dec 27 2014 01: +0,1419642000
0.304,4,Dec 29 2014 01: +0,1419814800
0.382,1,Dec 30 2014 01: +0,1419901200
0.587,4,Dec 31 2014 01: +0,1419987600
0.523,1,Jan 01 2015 01: +0,1420074000
0.417,3,Jan 02 2015 01: +0,1420160400
0.543,3,Jan 03 2015 01: +0,1420246800
0.555,5,Jan 04 2015 01: +0,1420333200
0.641,2,Jan 05 2015 01: +0,1420419600
0.623,2,Jan 06 2015 01: +0,1420506000
0.644,1,Jan 07 2015 01: +0,1420592400
0.563,2,Jan 09 2015 01: +0,1420765200
0.606,2,Jan 10 2015 01: +0,1420851600
0.506,5,Jan 11 2015 01: +0,1420938000
0.447,3,Jan 13 2015 01: +0,1421110800
0.412,5,Jan 14 2015 01: +0,1421197200
0.413,1,Jan 15 2015 01: +0,1421283600
0.591,2,Jan 16 2015 01: +0,1421370000
0.621,1,Jan 17 2015 01: +0,1421456400
0.721,4,Jan 18 2015 01: +0,1421542800
0.721,3,Jan 19 2015 01: +0,1421629200
0.62,3,Jan 20 2015 01: +0,1421715600
0.474,2,Jan 22 2015 01: +0,1421888400
0.637,1,Jan 23 2015 01: +0,1421974800
0.621,2,Jan 24 2015 01: +0,1422061200
0.553,4,Jan 25 2015 01: +0,1422147600
1.288,6,Jan 26 2015 01: +0,1422234000
0.367,1,Jan 27 2015 01: +0,1422320400
0.635,1,Jan 28 2015 01: +0,1422406800
0.553,2,Jan 29 2015 01: +0,1422493200
0.527,4,Jan 30 2015 01: +0,1422579600
0.518,2,Jan 31 2015 01: +0,1422666000
0.488,7,Feb 01 2015 01: +0,1422752400
8.656,6,Feb 02 2015 01: +0,1422838800
0.472,1,Feb 03 2015 01: +0,1422925200
0.701,8,Feb 04 2015 01: +0,1423011600
1.415,1,Feb 05 2015 01: +0,1423098000
0.688,2,Feb 06 2015 01: +0,1423184400
0.73,4,Feb 07 2015 01: +0,1423270800
0.633,3,Feb 08 2015 01: +0,1423357200
0.851,2,Feb 09 2015 01: +0,1423443600
0.495,1,Feb 11 2015 01: +0,1423616400
1.067,1,Feb 12 2015 01: +0,1423702800
0.59,11,Feb 14 2015 01: +0,1423875600
5.608,4,Feb 15 2015 01: +0,1423962000
0.625,7,Feb 16 2015 01: +0,1424048400
0.684,2,Feb 17 2015 01: +0,1424134800
0.601,2,Feb 18 2015 01: +0,1424221200
0.693,2,Feb 20 2015 01: +0,1424394000
0.7,1,Feb 21 2015 01: +0,1424480400
0.61,3,Feb 22 2015 01: +0,1424566800
0.798,2,Feb 23 2015 01: +0,1424653200
0.866,1,Feb 24 2015 01: +0,1424739600
1.009,2,Feb 25 2015 01: +0,1424826000
0.925,1,Feb 27 2015 01: +0,1424998800
0.871,2,Mar 01 2015 01: +0,1425171600
0.771,1,Mar 03 2015 01: +0,1425344400
0.652,1,Mar 04 2015 01: +0,1425430800
0.684,2,Mar 05 2015 01: +0,1425517200
0.664,3,Mar 06 2015 01: +0,1425603600
0.806,2,Mar 07 2015 01: +0,1425690000
1.033,1,Mar 08 2015 01: +0,1425776400
0.641,3,Mar 11 2015 01: +0,1426035600
0.61,4,Mar 13 2015 01: +0,1426208400
0.802,1,Mar 14 2015 01: +0,1426294800
0.614,2,Mar 15 2015 01: +0,1426381200
0.409,3,Mar 16 2015 01: +0,1426467600
0.481,2,Mar 17 2015 01: +0,1426554000
0.816,4,Mar 18 2015 01: +0,1426640400
0.612,1,Mar 19 2015 01: +0,1426726800
0.582,5,Mar 21 2015 01: +0,1426899600
1.911,1,Mar 22 2015 01: +0,1426986000
0.91,1,Mar 23 2015 01: +0,1427072400
1.586,1,Mar 24 2015 01: +0,1427158800
0.715,6,Mar 25 2015 01: +0,1427245200
0.717,1,Mar 27 2015 01: +0,1427418000
0.827,1,Mar 28 2015 01: +0,1427504400
2.556,2,Mar 31 2015 01: +0,1427760000
0.648,1,Apr 01 2015 01: +0,1427846400
0.704,2,Apr 02 2015 01: +0,1427932800
0.725,2,Apr 03 2015 01: +0,1428019200
0.729,1,Apr 06 2015 01: +0,1428278400
0.68,3,Apr 07 2015 01: +0,1428364800
0.447,1,Apr 08 2015 01: +0,1428451200
0.657,4,Apr 09 2015 01: +0,1428537600
0.655,2,Apr 10 2015 01: +0,1428624000
0.666,1,Apr 11 2015 01: +0,1428710400
0.737,2,Apr 13 2015 01: +0,1428883200
0.737,1,Apr 15 2015 01: +0,1429056000
0.631,2,Apr 16 2015 01: +0,1429142400
0.782,2,Apr 18 2015 01: +0,1429315200
0.835,2,Apr 19 2015 01: +0,1429401600
0.776,2,Apr 20 2015 01: +0,1429488000
0.805,2,Apr 21 2015 01: +0,1429574400
0.83,2,Apr 24 2015 01: +0,1429833600
0.825,2,Apr 25 2015 01: +0,1429920000
0.771,2,Apr 26 2015 01: +0,1430006400
0.718,1,Apr 27 2015 01: +0,1430092800
0.55,3,Apr 28 2015 01: +0,1430179200
0.963,1,Apr 29 2015 01: +0,1430265600
0.692,3,Apr 30 2015 01: +0,1430352000
0.839,3,May 01 2015 01: +0,1430438400
0.832,3,May 04 2015 01: +0,1430697600
0.898,2,May 05 2015 01: +0,1430784000
1.0,2,May 06 2015 01: +0,1430870400
0.91,3,May 08 2015 01: +0,1431043200
0.868,2,May 09 2015 01: +0,1431129600
0.929,1,May 10 2015 01: +0,1431216000
0.937,2,May 12 2015 01: +0,1431388800
0.875,1,May 13 2015 01: +0,1431475200
0.789,4,May 14 2015 01: +0,1431561600
1.798,3,May 15 2015 01: +0,1431648000
0.834,1,May 16 2015 01: +0,1431734400
0.761,1,May 18 2015 01: +0,1431907200
0.808,4,May 19 2015 01: +0,1431993600
0.718,4,May 20 2015 01: +0,1432080000
0.749,1,May 22 2015 01: +0,1432252800
0.71,1,May 23 2015 01: +0,1432339200
0.626,4,May 24 2015 01: +0,1432425600
0.81,1,May 25 2015 01: +0,1432512000
0.662,1,May 27 2015 01: +0,1432684800
0.649,6,May 28 2015 01: +0,1432771200
0.635,2,May 29 2015 01: +0,1432857600
0.678,4,May 30 2015 01: +0,1432944000
0.722,2,May 31 2015 01: +0,1433030400
0.88,1,Jun 03 2015 01: +0,1433289600
0.732,1,Jun 05 2015 01: +0,1433462400
0.764,3,Jun 07 2015 01: +0,1433635200
0.611,1,Jun 08 2015 01: +0,1433721600
0.587,2,Jun 09 2015 01: +0,1433808000
0.795,1,Jun 10 2015 01: +0,1433894400
0.794,1,Jun 11 2015 01: +0,1433980800
0.792,4,Jun 12 2015 01: +0,1434067200
0.875,2,Jun 13 2015 01: +0,1434153600
0.555,2,Jun 14 2015 01: +0,1434240000
0.687,1,Jun 15 2015 01: +0,1434326400
0.678,1,Jun 16 2015 01: +0,1434412800
1.041,4,Jun 17 2015 01: +0,1434499200
0.825,3,Jun 18 2015 01: +0,1434585600
0.887,2,Jun 19 2015 01: +0,1434672000
0.872,6,Jun 20 2015 01: +0,1434758400
0.993,3,Jun 21 2015 01: +0,1434844800
0.7,1,Jun 22 2015 01: +0,1434931200
0.776,2,Jun 23 2015 01: +0,1435017600
0.679,2,Jun 24 2015 01: +0,1435104000
0.934,1,Jun 25 2015 01: +0,1435190400
0.84,1,Jun 26 2015 01: +0,1435276800
1.247,2,Jun 27 2015 01: +0,1435363200
0.774,3,Jun 29 2015 01: +0,1435536000
0.63,1,Jun 30 2015 01: +0,1435622400
0.762,2,Jul 01 2015 01: +0,1435708800
0.689,3,Jul 03 2015 01: +0,1435881600
0.769,1,Jul 04 2015 01: +0,1435968000
0.761,1,Jul 05 2015 01: +0,1436054400
0.819,3,Jul 06 2015 01: +0,1436140800
0.593,2,Jul 07 2015 01: +0,1436227200
0.956,2,Jul 08 2015 01: +0,1436313600
1.023,5,Jul 09 2015 01: +0,1436400000
2.217,3,Jul 10 2015 01: +0,1436486400
1.869,1,Jul 18 2015 01: +0,1437177600
1.122,2,Jul 19 2015 01: +0,1437264000
1.569,3,Jul 20 2015 01: +0,1437350400
3.84,3,Jul 21 2015 01: +0,1437436800
1.266,1,Jul 25 2015 01: +0,1437782400
1.541,1,Jul 28 2015 01: +0,1438041600
1.577,1,Jul 29 2015 01: +0,1438128000
1.521,2,Jul 31 2015 01: +0,1438300800
0.846,1,Aug 03 2015 01: +0,1438560000
2.7,1,Aug 05 2015 01: +0,1438732800
1.512,1,Aug 06 2015 01: +0,1438819200
1.489,1,Aug 07 2015 01: +0,1438905600
1.431,2,Aug 08 2015 01: +0,1438992000
1.836,1,Aug 09 2015 01: +0,1439078400
1.497,1,Aug 10 2015 01: +0,1439164800
0.827,1,Aug 11 2015 01: +0,1439251200
0.534,2,Aug 12 2015 01: +0,1439337600
1.184,3,Aug 13 2015 01: +0,1439424000
1.523,1,Aug 15 2015 01: +0,1439596800
0.725,6,Aug 20 2015 01: +0,1440028800
0.852,13,Aug 21 2015 01: +0,1440115200
0.904,16,Aug 22 2015 01: +0,1440201600
0.576,27,Aug 23 2015 01: +0,1440288000
0.681,18,Aug 24 2015 01: +0,1440374400
0.668,21,Aug 25 2015 01: +0,1440460800
1.152,11,Aug 26 2015 01: +0,1440547200
1.257,7,Aug 27 2015 01: +0,1440633600
1.083,8,Aug 28 2015 01: +0,1440720000
0.901,13,Aug 29 2015 01: +0,1440806400
0.945,12,Aug 30 2015 01: +0,1440892800
0.729,14,Aug 31 2015 01: +0,1440979200
0.857,13,Sep 01 2015 01: +0,1441065600
0.784,9,Sep 02 2015 01: +0,1441152000
0.903,8,Sep 03 2015 01: +0,1441238400
0.746,13,Sep 04 2015 01: +0,1441324800
0.755,10,Sep 05 2015 01: +0,1441411200
0.69,8,Sep 06 2015 01: +0,1441497600
0.732,11,Sep 07 2015 01: +0,1441584000
0.817,5,Sep 08 2015 01: +0,1441670400
0.66,12,Sep 09 2015 01: +0,1441756800
0.715,9,Sep 10 2015 01: +0,1441843200
0.679,9,Sep 11 2015 01: +0,1441929600
0.708,15,Sep 12 2015 01: +0,1442016000
0.869,8,Sep 13 2015 01: +0,1442102400
0.695,8,Sep 14 2015 01: +0,1442188800
1.06,7,Sep 15 2015 01: +0,1442275200
1.006,4,Sep 16 2015 01: +0,1442361600
1.016,9,Sep 17 2015 01: +0,1442448000
0.783,12,Sep 18 2015 01: +0,1442534400
0.843,15,Sep 19 2015 01: +0,1442620800
0.905,16,Sep 20 2015 01: +0,1442707200
8.352,14,Sep 21 2015 01: +0,1442793600
0.902,19,Sep 22 2015 01: +0,1442880000
0.944,8,Sep 23 2015 01: +0,1442966400
0.757,12,Sep 24 2015 01: +0,1443052800
0.91,11,Sep 25 2015 01: +0,1443139200
0.911,13,Sep 26 2015 01: +0,1443225600
0.894,18,Sep 27 2015 01: +0,1443312000
0.811,5,Sep 28 2015 01: +0,1443398400
0.873,11,Sep 29 2015 01: +0,1443484800
0.891,10,Sep 30 2015 01: +0,1443571200
0.889,14,Oct 01 2015 01: +0,1443657600
1.065,9,Oct 02 2015 01: +0,1443744000
0.892,13,Oct 03 2015 01: +0,1443830400
0.779,5,Oct 04 2015 01: +0,1443916800
0.8,5,Oct 05 2015 01: +0,1444003200
0.766,8,Oct 06 2015 01: +0,1444089600
0.767,11,Oct 07 2015 01: +0,1444176000
0.803,7,Oct 08 2015 01: +0,1444262400
0.847,6,Oct 09 2015 01: +0,1444348800
0.802,8,Oct 10 2015 01: +0,1444435200
0.86,6,Oct 11 2015 01: +0,1444521600
0.86,8,Oct 12 2015 01: +0,1444608000
0.869,3,Oct 13 2015 01: +0,1444694400
0.715,6,Oct 14 2015 01: +0,1444780800
0.846,5,Oct 15 2015 01: +0,1444867200
0.879,6,Oct 16 2015 01: +0,1444953600
1.274,13,Oct 17 2015 01: +0,1445040000
0.853,6,Oct 18 2015 01: +0,1445126400
1.014,6,Oct 19 2015 01: +0,1445212800
0.842,3,Oct 20 2015 01: +0,1445299200
0.744,9,Oct 21 2015 01: +0,1445385600
0.648,3,Oct 22 2015 01: +0,1445472000
0.734,14,Oct 23 2015 01: +0,1445558400
0.623,11,Oct 24 2015 01: +0,1445644800
0.636,8,Oct 25 2015 01: +0,1445731200
0.771,12,Oct 26 2015 01: +0,1445821200
0.866,6,Oct 27 2015 01: +0,1445907600
0.879,3,Oct 28 2015 01: +0,1445994000
0.614,12,Oct 29 2015 01: +0,1446080400
0.64,23,Oct 30 2015 01: +0,1446166800
0.586,57,Oct 31 2015 01: +0,1446253200
0.441,37,Nov 01 2015 01: +0,1446339600
0.389,51,Nov 02 2015 01: +0,1446426000
0.51,35,Nov 03 2015 01: +0,1446512400
0.475,20,Nov 04 2015 01: +0,1446598800
0.595,17,Nov 05 2015 01: +0,1446685200
0.552,32,Nov 06 2015 01: +0,1446771600
0.604,25,Nov 07 2015 01: +0,1446858000
0.626,16,Nov 08 2015 01: +0,1446944400
0.519,27,Nov 09 2015 01: +0,1447030800
0.545,17,Nov 10 2015 01: +0,1447117200
0.593,14,Nov 11 2015 01: +0,1447203600
0.506,16,Nov 12 2015 01: +0,1447290000
0.57,24,Nov 13 2015 01: +0,1447376400
0.633,18,Nov 14 2015 01: +0,1447462800
0.685,19,Nov 15 2015 01: +0,1447549200
0.575,10,Nov 16 2015 01: +0,1447635600
0.585,15,Nov 17 2015 01: +0,1447722000
0.749,5,Nov 18 2015 01: +0,1447808400
0.601,16,Nov 19 2015 01: +0,1447894800
0.537,21,Nov 20 2015 01: +0,1447981200
0.53,20,Nov 21 2015 01: +0,1448067600
0.552,19,Nov 22 2015 01: +0,1448154000
0.525,17,Nov 23 2015 01: +0,1448240400
0.601,11,Nov 24 2015 01: +0,1448326800
0.59,17,Nov 25 2015 01: +0,1448413200
0.606,10,Nov 26 2015 01: +0,1448499600
0.441,15,Nov 27 2015 01: +0,1448586000
0.419,23,Nov 28 2015 01: +0,1448672400
0.445,22,Nov 29 2015 01: +0,1448758800
0.417,15,Nov 30 2015 01: +0,1448845200
0.519,17,Dec 01 2015 01: +0,1448931600
0.61,10,Dec 02 2015 01: +0,1449018000
0.546,10,Dec 03 2015 01: +0,1449104400
0.537,10,Dec 04 2015 01: +0,1449190800
0.55,18,Dec 05 2015 01: +0,1449277200
0.737,16,Dec 06 2015 01: +0,1449363600
0.659,16,Dec 07 2015 01: +0,1449450000
0.644,14,Dec 08 2015 01: +0,1449536400
0.599,12,Dec 09 2015 01: +0,1449622800
0.504,14,Dec 10 2015 01: +0,1449709200
0.542,19,Dec 11 2015 01: +0,1449795600
0.583,26,Dec 12 2015 01: +0,1449882000
0.707,15,Dec 13 2015 01: +0,1449968400
0.761,10,Dec 14 2015 01: +0,1450054800
0.659,17,Dec 15 2015 01: +0,1450141200
0.727,15,Dec 16 2015 01: +0,1450227600
0.742,4,Dec 17 2015 01: +0,1450314000
0.558,9,Dec 18 2015 01: +0,1450400400
0.596,16,Dec 19 2015 01: +0,1450486800
0.615,19,Dec 20 2015 01: +0,1450573200
0.572,15,Dec 21 2015 01: +0,1450659600
0.572,9,Dec 22 2015 01: +0,1450746000
0.51,16,Dec 23 2015 01: +0,1450832400
0.515,15,Dec 24 2015 01: +0,1450918800
0.501,11,Dec 25 2015 01: +0,1451005200
0.588,10,Dec 26 2015 01: +0,1451091600
0.512,12,Dec 27 2015 01: +0,1451178000
0.526,17,Dec 28 2015 01: +0,1451264400
0.546,13,Dec 29 2015 01: +0,1451350800
0.512,6,Dec 30 2015 01: +0,1451437200
0.509,11,Dec 31 2015 01: +0,1451523600
0.465,17,Jan 01 2016 01: +0,1451610000
0.42,21,Jan 02 2016 01: +0,1451696400
0.44,18,Jan 03 2016 01: +0,1451782800
0.781,17,Jan 04 2016 01: +0,1451869200
0.51,15,Jan 05 2016 01: +0,1451955600
0.501,18,Jan 06 2016 01: +0,1452042000
0.594,9,Jan 07 2016 01: +0,1452128400
0.657,9,Jan 08 2016 01: +0,1452214800
0.592,10,Jan 09 2016 01: +0,1452301200
0.525,11,Jan 10 2016 01: +0,1452387600
0.63,5,Jan 11 2016 01: +0,1452474000
0.521,16,Jan 12 2016 01: +0,1452560400
0.745,12,Jan 13 2016 01: +0,1452646800
0.597,13,Jan 14 2016 01: +0,1452733200
0.649,14,Jan 15 2016 01: +0,1452819600
0.696,12,Jan 16 2016 01: +0,1452906000
0.622,12,Jan 17 2016 01: +0,1452992400
0.545,3,Jan 18 2016 01: +0,1453078800
0.546,16,Jan 19 2016 01: +0,1453165200
0.517,13,Jan 20 2016 01: +0,1453251600
0.589,13,Jan 21 2016 01: +0,1453338000
0.507,18,Jan 22 2016 01: +0,1453424400
0.511,27,Jan 23 2016 01: +0,1453510800
0.635,14,Jan 24 2016 01: +0,1453597200
0.597,18,Jan 25 2016 01: +0,1453683600
0.694,7,Jan 26 2016 01: +0,1453770000
0.828,5,Jan 27 2016 01: +0,1453856400
0.705,8,Jan 28 2016 01: +0,1453942800
0.662,9,Jan 29 2016 01: +0,1454029200
0.6,18,Jan 30 2016 01: +0,1454115600
0.784,9,Jan 31 2016 01: +0,1454202000
0.579,6,Feb 01 2016 01: +0,1454288400
0.57,8,Feb 02 2016 01: +0,1454374800
0.713,15,Feb 03 2016 01: +0,1454461200
0.643,18,Feb 04 2016 01: +0,1454547600
1.471,7,Feb 05 2016 01: +0,1454634000
0.536,16,Feb 06 2016 01: +0,1454720400
0.498,15,Feb 07 2016 01: +0,1454806800
0.442,8,Feb 08 2016 01: +0,1454893200
0.491,12,Feb 09 2016 01: +0,1454979600
0.502,9,Feb 10 2016 01: +0,1455066000
0.466,15,Feb 11 2016 01: +0,1455152400
0.603,16,Feb 12 2016 01: +0,1455238800
0.542,12,Feb 13 2016 01: +0,1455325200
0.488,14,Feb 14 2016 01: +0,1455411600
1.094,13,Feb 15 2016 01: +0,1455498000
0.55,10,Feb 16 2016 01: +0,1455584400
0.7,10,Feb 17 2016 01: +0,1455670800
0.556,14,Feb 18 2016 01: +0,1455757200
0.527,19,Feb 19 2016 01: +0,1455843600
0.64,15,Feb 20 2016 01: +0,1455930000
0.504,11,Feb 21 2016 01: +0,1456016400
0.538,17,Feb 22 2016 01: +0,1456102800
0.57,21,Feb 23 2016 01: +0,1456189200
0.637,8,Feb 24 2016 01: +0,1456275600
0.639,7,Feb 25 2016 01: +0,1456362000
0.556,18,Feb 26 2016 01: +0,1456448400
0.588,16,Feb 27 2016 01: +0,1456534800
0.607,18,Feb 28 2016 01: +0,1456621200
0.642,13,Feb 29 2016 01: +0,1456707600
0.61,10,Mar 01 2016 01: +0,1456794000
0.591,13,Mar 02 2016 01: +0,1456880400
0.639,23,Mar 03 2016 01: +0,1456966800
0.792,15,Mar 04 2016 01: +0,1457053200
0.625,12,Mar 05 2016 01: +0,1457139600
0.714,17,Mar 06 2016 01: +0,1457226000
0.724,14,Mar 07 2016 01: +0,1457312400
0.658,13,Mar 08 2016 01: +0,1457398800
0.593,11,Mar 09 2016 01: +0,1457485200
0.646,8,Mar 10 2016 01: +0,1457571600
0.644,11,Mar 11 2016 01: +0,1457658000
0.771,8,Mar 12 2016 01: +0,1457744400
0.824,11,Mar 13 2016 01: +0,1457830800
0.997,8,Mar 14 2016 01: +0,1457917200
1.319,3,Mar 15 2016 01: +0,1458003600
0.858,5,Mar 16 2016 01: +0,1458090000
0.835,3,Mar 17 2016 01: +0,1458176400
0.702,7,Mar 18 2016 01: +0,1458262800
0.776,11,Mar 19 2016 01: +0,1458349200
0.749,5,Mar 20 2016 01: +0,1458435600
0.655,11,Mar 21 2016 01: +0,1458522000
0.61,3,Mar 22 2016 01: +0,1458608400
0.644,7,Mar 23 2016 01: +0,1458694800
0.599,13,Mar 24 2016 01: +0,1458781200
0.916,12,Mar 25 2016 01: +0,1458867600
0.695,10,Mar 26 2016 01: +0,1458954000
0.603,9,Mar 27 2016 01: +0,1459040400
0.615,7,Mar 28 2016 01: +0,1459123200
0.686,14,Mar 29 2016 01: +0,1459209600
0.607,16,Mar 30 2016 01: +0,1459296000
0.665,15,Mar 31 2016 01: +0,1459382400
0.608,16,Apr 01 2016 01: +0,1459468800
0.724,14,Apr 02 2016 01: +0,1459555200
0.768,15,Apr 03 2016 01: +0,1459641600
0.641,8,Apr 04 2016 01: +0,1459728000
0.638,8,Apr 05 2016 01: +0,1459814400
0.993,13,Apr 06 2016 01: +0,1459900800
0.606,13,Apr 07 2016 01: +0,1459987200
0.776,9,Apr 08 2016 01: +0,1460073600
0.734,13,Apr 09 2016 01: +0,1460160000
0.831,9,Apr 10 2016 01: +0,1460246400
0.814,14,Apr 11 2016 01: +0,1460332800
0.675,3,Apr 12 2016 01: +0,1460419200
0.644,6,Apr 13 2016 01: +0,1460505600
0.604,6,Apr 14 2016 01: +0,1460592000
0.808,16,Apr 15 2016 01: +0,1460678400
0.623,18,Apr 16 2016 01: +0,1460764800
0.729,14,Apr 17 2016 01: +0,1460851200
0.727,9,Apr 18 2016 01: +0,1460937600
0.586,5,Apr 19 2016 01: +0,1461024000
0.535,12,Apr 20 2016 01: +0,1461110400
0.677,7,Apr 21 2016 01: +0,1461196800
0.525,4,Apr 22 2016 01: +0,1461283200
0.599,11,Apr 23 2016 01: +0,1461369600
0.591,11,Apr 24 2016 01: +0,1461456000
0.53,12,Apr 25 2016 01: +0,1461542400
0.564,7,Apr 26 2016 01: +0,1461628800
1.758,9,Apr 27 2016 01: +0,1461715200
0.597,9,Apr 28 2016 01: +0,1461801600
0.551,12,Apr 29 2016 01: +0,1461888000
0.593,24,Apr 30 2016 01: +0,1461974400
0.674,19,May 01 2016 01: +0,1462060800
0.659,11,May 02 2016 01: +0,1462147200
0.708,6,May 03 2016 01: +0,1462233600
0.777,6,May 04 2016 01: +0,1462320000
0.675,6,May 05 2016 01: +0,1462406400
0.71,4,May 06 2016 01: +0,1462492800
0.696,6,May 07 2016 01: +0,1462579200
0.681,16,May 08 2016 01: +0,1462665600
0.701,8,May 09 2016 01: +0,1462752000
0.774,11,May 10 2016 01: +0,1462838400
0.863,4,May 11 2016 01: +0,1462924800
0.757,9,May 12 2016 01: +0,1463011200
0.719,14,May 13 2016 01: +0,1463097600
0.696,15,May 14 2016 01: +0,1463184000
0.802,8,May 15 2016 01: +0,1463270400
0.673,8,May 16 2016 01: +0,1463356800
0.636,9,May 17 2016 01: +0,1463443200
0.793,10,May 18 2016 01: +0,1463529600
0.59,3,May 19 2016 01: +0,1463616000
0.674,9,May 20 2016 01: +0,1463702400
0.657,13,May 21 2016 01: +0,1463788800
0.78,5,May 22 2016 01: +0,1463875200
0.659,7,May 23 2016 01: +0,1463961600
0.627,4,May 24 2016 01: +0,1464048000
0.773,7,May 25 2016 01: +0,1464134400
0.627,7,May 26 2016 01: +0,1464220800
0.645,10,May 27 2016 01: +0,1464307200
0.643,12,May 28 2016 01: +0,1464393600
0.663,5,May 29 2016 01: +0,1464480000
0.612,6,May 30 2016 01: +0,1464566400
0.637,3,May 31 2016 01: +0,1464652800
0.685,6,Jun 01 2016 01: +0,1464739200
0.594,3,Jun 02 2016 01: +0,1464825600
0.596,14,Jun 03 2016 01: +0,1464912000
0.58,8,Jun 04 2016 01: +0,1464998400
0.642,5,Jun 05 2016 01: +0,1465084800
0.752,5,Jun 06 2016 01: +0,1465171200
0.61,6,Jun 07 2016 01: +0,1465257600
0.584,7,Jun 08 2016 01: +0,1465344000
0.575,8,Jun 09 2016 01: +0,1465430400
0.573,5,Jun 10 2016 01: +0,1465516800
0.591,19,Jun 11 2016 01: +0,1465603200
0.676,13,Jun 12 2016 01: +0,1465689600
0.676,7,Jun 13 2016 01: +0,1465776000
0.592,5,Jun 14 2016 01: +0,1465862400
0.787,5,Jun 15 2016 01: +0,1465948800
0.788,2,Jun 16 2016 01: +0,1466035200
0.613,13,Jun 17 2016 01: +0,1466121600
0.621,12,Jun 18 2016 01: +0,1466208000
1.21,11,Jun 19 2016 01: +0,1466294400
0.683,5,Jun 20 2016 01: +0,1466380800
0.665,6,Jun 21 2016 01: +0,1466467200
0.648,5,Jun 22 2016 01: +0,1466553600
0.565,4,Jun 23 2016 01: +0,1466640000
0.495,10,Jun 24 2016 01: +0,1466726400
0.511,8,Jun 25 2016 01: +0,1466812800
0.402,9,Jun 26 2016 01: +0,1466899200
0.441,10,Jun 27 2016 01: +0,1466985600
0.459,14,Jun 28 2016 01: +0,1467072000
0.449,12,Jun 29 2016 01: +0,1467158400
0.463,15,Jun 30 2016 01: +0,1467244800
0.58,8,Jul 01 2016 01: +0,1467331200
0.426,8,Jul 02 2016 01: +0,1467417600
0.481,9,Jul 03 2016 01: +0,1467504000
0.442,4,Jul 04 2016 01: +0,1467590400
0.467,21,Jul 05 2016 01: +0,1467676800
0.426,35,Jul 06 2016 01: +0,1467763200
0.429,29,Jul 07 2016 01: +0,1467849600
0.383,38,Jul 08 2016 01: +0,1467936000
0.368,35,Jul 09 2016 01: +0,1468022400
0.382,37,Jul 10 2016 01: +0,1468108800
0.319,19,Jul 11 2016 01: +0,1468195200
0.345,26,Jul 12 2016 01: +0,1468281600
0.36,21,Jul 13 2016 01: +0,1468368000
0.426,35,Jul 14 2016 01: +0,1468454400
0.403,25,Jul 15 2016 01: +0,1468540800
0.377,25,Jul 16 2016 01: +0,1468627200
0.371,33,Jul 17 2016 01: +0,1468713600
0.417,15,Jul 18 2016 01: +0,1468800000
0.39,22,Jul 19 2016 01: +0,1468886400
0.435,19,Jul 20 2016 01: +0,1468972800
0.411,11,Jul 21 2016 01: +0,1469059200
0.399,16,Jul 22 2016 01: +0,1469145600
0.391,21,Jul 23 2016 01: +0,1469232000
0.409,20,Jul 24 2016 01: +0,1469318400
0.365,21,Jul 25 2016 01: +0,1469404800
0.484,14,Jul 26 2016 01: +0,1469491200
2.02,7,Jul 27 2016 01: +0,1469577600
1.14,15,Jul 28 2016 01: +0,1469664000
0.489,26,Jul 29 2016 01: +0,1469750400
0.41,27,Jul 30 2016 01: +0,1469836800
0.46,10,Jul 31 2016 01: +0,1469923200
0.392,9,Aug 01 2016 01: +0,1470009600
0.555,29,Aug 02 2016 01: +0,1470096000
0.443,15,Aug 03 2016 01: +0,1470182400
0.406,18,Aug 04 2016 01: +0,1470268800
0.38,19,Aug 05 2016 01: +0,1470355200
0.424,21,Aug 06 2016 01: +0,1470441600
0.398,20,Aug 07 2016 01: +0,1470528000
0.39,14,Aug 08 2016 01: +0,1470614400
0.393,24,Aug 09 2016 01: +0,1470700800
0.384,21,Aug 10 2016 01: +0,1470787200
0.409,13,Aug 11 2016 01: +0,1470873600
0.517,9,Aug 12 2016 01: +0,1470960000
0.44,12,Aug 13 2016 01: +0,1471046400
0.408,12,Aug 14 2016 01: +0,1471132800
0.487,26,Aug 15 2016 01: +0,1471219200
0.373,22,Aug 16 2016 01: +0,1471305600
0.378,20,Aug 17 2016 01: +0,1471392000
0.658,13,Aug 18 2016 01: +0,1471478400
0.462,14,Aug 19 2016 01: +0,1471564800
1.011,14,Aug 20 2016 01: +0,1471651200
0.394,22,Aug 21 2016 01: +0,1471737600
0.542,20,Aug 22 2016 01: +0,1471824000
0.36,21,Aug 23 2016 01: +0,1471910400
0.377,12,Aug 24 2016 01: +0,1471996800
0.387,16,Aug 25 2016 01: +0,1472083200
0.366,18,Aug 26 2016 01: +0,1472169600
0.438,23,Aug 27 2016 01: +0,1472256000
0.447,16,Aug 28 2016 01: +0,1472342400
1.287,17,Aug 29 2016 01: +0,1472428800
0.484,26,Aug 30 2016 01: +0,1472515200
0.49,15,Aug 31 2016 01: +0,1472601600
0.586,7,Sep 01 2016 01: +0,1472688000
0.547,10,Sep 02 2016 01: +0,1472774400
0.531,18,Sep 03 2016 01: +0,1472860800
0.516,14,Sep 04 2016 01: +0,1472947200
0.525,17,Sep 05 2016 01: +0,1473033600
0.497,17,Sep 06 2016 01: +0,1473120000
0.523,11,Sep 07 2016 01: +0,1473206400
0.496,15,Sep 08 2016 01: +0,1473292800
0.503,15,Sep 09 2016 01: +0,1473379200
0.468,22,Sep 10 2016 01: +0,1473465600
0.455,17,Sep 11 2016 01: +0,1473552000
0.399,12,Sep 12 2016 01: +0,1473638400
0.397,18,Sep 13 2016 01: +0,1473724800
0.45,11,Sep 14 2016 01: +0,1473811200
0.44,15,Sep 15 2016 01: +0,1473897600
0.42,11,Sep 16 2016 01: +0,1473984000
0.411,27,Sep 17 2016 01: +0,1474070400
0.402,17,Sep 18 2016 01: +0,1474156800
0.418,14,Sep 19 2016 01: +0,1474243200
0.462,9,Sep 20 2016 01: +0,1474329600
0.467,9,Sep 21 2016 01: +0,1474416000
0.428,9,Sep 22 2016 01: +0,1474502400
0.418,21,Sep 23 2016 01: +0,1474588800
0.538,15,Sep 24 2016 01: +0,1474675200
0.377,21,Sep 25 2016 01: +0,1474761600
0.413,11,Sep 26 2016 01: +0,1474848000
0.402,17,Sep 27 2016 01: +0,1474934400
0.513,8,Sep 28 2016 01: +0,1475020800
0.385,8,Sep 29 2016 01: +0,1475107200
0.377,14,Sep 30 2016 01: +0,1475193600
0.37,14,Oct 01 2016 01: +0,1475280000
0.374,10,Oct 02 2016 01: +0,1475366400
0.369,12,Oct 03 2016 01: +0,1475452800
0.339,15,Oct 04 2016 01: +0,1475539200
0.361,12,Oct 05 2016 01: +0,1475625600
0.348,14,Oct 06 2016 01: +0,1475712000
0.37,10,Oct 07 2016 01: +0,1475798400
0.324,13,Oct 08 2016 01: +0,1475884800
0.352,11,Oct 09 2016 01: +0,1475971200
0.335,15,Oct 10 2016 01: +0,1476057600
0.349,5,Oct 11 2016 01: +0,1476144000
0.387,9,Oct 12 2016 01: +0,1476230400
0.352,13,Oct 13 2016 01: +0,1476316800
0.372,7,Oct 14 2016 01: +0,1476403200
0.39,13,Oct 15 2016 01: +0,1476489600
0.363,16,Oct 16 2016 01: +0,1476576000
0.345,8,Oct 17 2016 01: +0,1476662400
0.343,9,Oct 18 2016 01: +0,1476748800
0.457,10,Oct 19 2016 01: +0,1476835200
0.324,7,Oct 20 2016 01: +0,1476921600
0.374,9,Oct 21 2016 01: +0,1477008000
0.322,8,Oct 22 2016 01: +0,1477094400
0.308,11,Oct 23 2016 01: +0,1477180800
0.301,12,Oct 24 2016 01: +0,1477267200
0.419,9,Oct 25 2016 01: +0,1477353600
0.345,8,Oct 26 2016 01: +0,1477440000
0.429,11,Oct 27 2016 01: +0,1477526400
0.369,7,Oct 28 2016 01: +0,1477612800
0.332,16,Oct 29 2016 01: +0,1477699200
0.41,9,Oct 30 2016 01: +0,1477785600
0.362,16,Oct 31 2016 01: +0,1477875600
0.351,3,Nov 01 2016 01: +0,1477962000
0.383,12,Nov 02 2016 01: +0,1478048400
0.478,4,Nov 03 2016 01: +0,1478134800
0.349,15,Nov 04 2016 01: +0,1478221200
0.36,7,Nov 05 2016 01: +0,1478307600
0.375,14,Nov 06 2016 01: +0,1478394000
0.387,6,Nov 07 2016 01: +0,1478480400
0.413,8,Nov 08 2016 01: +0,1478566800
0.346,14,Nov 09 2016 01: +0,1478653200
0.47,8,Nov 10 2016 01: +0,1478739600
0.476,5,Nov 11 2016 01: +0,1478826000
0.43,11,Nov 12 2016 01: +0,1478912400
0.357,9,Nov 13 2016 01: +0,1478998800
0.399,7,Nov 14 2016 01: +0,1479085200
0.359,13,Nov 15 2016 01: +0,1479171600
0.435,15,Nov 16 2016 01: +0,1479258000
0.657,9,Nov 17 2016 01: +0,1479344400
0.388,9,Nov 18 2016 01: +0,1479430800
0.408,11,Nov 19 2016 01: +0,1479517200
0.407,7,Nov 20 2016 01: +0,1479603600
0.34,13,Nov 21 2016 01: +0,1479690000
0.38,6,Nov 22 2016 01: +0,1479776400
0.359,8,Nov 23 2016 01: +0,1479862800
0.328,4,Nov 24 2016 01: +0,1479949200
0.319,16,Nov 25 2016 01: +0,1480035600
0.313,20,Nov 26 2016 01: +0,1480122000
0.299,12,Nov 27 2016 01: +0,1480208400
0.334,16,Nov 28 2016 01: +0,1480294800
0.35,10,Nov 29 2016 01: +0,1480381200
0.32,11,Nov 30 2016 01: +0,1480467600
0.347,17,Dec 01 2016 01: +0,1480554000
0.328,12,Dec 02 2016 01: +0,1480640400
0.363,17,Dec 03 2016 01: +0,1480726800
0.419,18,Dec 04 2016 01: +0,1480813200
0.402,13,Dec 05 2016 01: +0,1480899600
0.466,4,Dec 06 2016 01: +0,1480986000
0.643,10,Dec 07 2016 01: +0,1481072400
0.378,11,Dec 08 2016 01: +0,1481158800
0.371,11,Dec 09 2016 01: +0,1481245200
0.365,25,Dec 10 2016 01: +0,1481331600
0.481,16,Dec 11 2016 01: +0,1481418000
0.428,11,Dec 12 2016 01: +0,1481504400
0.374,12,Dec 13 2016 01: +0,1481590800
0.443,11,Dec 14 2016 01: +0,1481677200
0.406,9,Dec 15 2016 01: +0,1481763600
0.406,12,Dec 16 2016 01: +0,1481850000
0.383,12,Dec 17 2016 01: +0,1481936400
0.366,14,Dec 18 2016 01: +0,1482022800
0.365,22,Dec 19 2016 01: +0,1482109200
0.363,13,Dec 20 2016 01: +0,1482195600
0.424,13,Dec 21 2016 01: +0,1482282000
0.326,15,Dec 22 2016 01: +0,1482368400
0.346,13,Dec 23 2016 01: +0,1482454800
0.369,17,Dec 24 2016 01: +0,1482541200
0.409,12,Dec 25 2016 01: +0,1482627600
0.411,20,Dec 26 2016 01: +0,1482714000
0.363,9,Dec 27 2016 01: +0,1482800400
0.362,13,Dec 28 2016 01: +0,1482886800
0.372,14,Dec 29 2016 01: +0,1482973200
0.317,13,Dec 30 2016 01: +0,1483059600
0.372,15,Dec 31 2016 01: +0,1483146000
0.483,11,Jan 01 2017 01: +0,1483232400
0.397,8,Jan 02 2017 01: +0,1483318800
0.428,6,Jan 03 2017 01: +0,1483405200
0.379,14,Jan 04 2017 01: +0,1483491600
0.373,13,Jan 05 2017 01: +0,1483578000
0.384,16,Jan 06 2017 01: +0,1483664400
0.437,18,Jan 07 2017 01: +0,1483750800
0.518,6,Jan 08 2017 01: +0,1483837200
0.37,9,Jan 09 2017 01: +0,1483923600
0.48,4,Jan 10 2017 01: +0,1484010000
0.463,8,Jan 11 2017 01: +0,1484096400
0.49,7,Jan 12 2017 01: +0,1484182800
0.454,8,Jan 13 2017 01: +0,1484269200
0.42,7,Jan 14 2017 01: +0,1484355600
0.392,15,Jan 15 2017 01: +0,1484442000
0.965,8,Jan 16 2017 01: +0,1484528400
0.369,8,Jan 17 2017 01: +0,1484614800
0.387,14,Jan 18 2017 01: +0,1484701200
0.361,10,Jan 19 2017 01: +0,1484787600
0.447,6,Jan 20 2017 01: +0,1484874000
0.363,16,Jan 21 2017 01: +0,1484960400
0.437,12,Jan 22 2017 01: +0,1485046800
0.484,10,Jan 23 2017 01: +0,1485133200
0.444,25,Jan 24 2017 01: +0,1485219600
0.325,37,Jan 25 2017 01: +0,1485306000
0.356,26,Jan 26 2017 01: +0,1485392400
0.349,23,Jan 27 2017 01: +0,1485478800
0.385,27,Jan 28 2017 01: +0,1485565200
0.292,79,Jan 29 2017 01: +0,1485651600
0.269,50,Jan 30 2017 01: +0,1485738000
0.29,35,Jan 31 2017 01: +0,1485824400
0.297,27,Feb 01 2017 01: +0,1485910800
0.284,29,Feb 02 2017 01: +0,1485997200
0.397,29,Feb 03 2017 01: +0,1486083600
0.312,24,Feb 04 2017 01: +0,1486170000
0.324,30,Feb 05 2017 01: +0,1486256400
0.334,29,Feb 06 2017 01: +0,1486342800
0.328,19,Feb 07 2017 01: +0,1486429200
0.605,60,Feb 08 2017 01: +0,1486515600
0.627,22,Feb 09 2017 01: +0,1486602000
0.415,17,Feb 10 2017 01: +0,1486688400
0.33,30,Feb 11 2017 01: +0,1486774800
0.343,22,Feb 12 2017 01: +0,1486861200
0.324,19,Feb 13 2017 01: +0,1486947600
0.304,17,Feb 14 2017 01: +0,1487034000
0.315,13,Feb 15 2017 01: +0,1487120400
0.428,19,Feb 16 2017 01: +0,1487206800
0.301,15,Feb 17 2017 01: +0,1487293200
0.3,30,Feb 18 2017 01: +0,1487379600
0.346,16,Feb 19 2017 01: +0,1487466000
0.344,23,Feb 20 2017 01: +0,1487552400
0.332,16,Feb 21 2017 01: +0,1487638800
0.346,28,Feb 22 2017 01: +0,1487725200
0.333,19,Feb 23 2017 01: +0,1487811600
0.347,23,Feb 24 2017 01: +0,1487898000
0.359,30,Feb 25 2017 01: +0,1487984400
0.325,29,Feb 26 2017 01: +0,1488070800
0.364,22,Feb 27 2017 01: +0,1488157200
0.414,20,Feb 28 2017 01: +0,1488243600
0.388,14,Mar 01 2017 01: +0,1488330000
0.368,16,Mar 02 2017 01: +0,1488416400
0.35,16,Mar 03 2017 01: +0,1488502800
0.335,25,Mar 04 2017 01: +0,1488589200
0.447,21,Mar 05 2017 01: +0,1488675600
0.405,10,Mar 06 2017 01: +0,1488762000
0.34,12,Mar 07 2017 01: +0,1488848400
0.365,19,Mar 08 2017 01: +0,1488934800
0.32,7,Mar 09 2017 01: +0,1489021200
0.343,15,Mar 10 2017 01: +0,1489107600
0.341,20,Mar 11 2017 01: +0,1489194000
0.306,17,Mar 12 2017 01: +0,1489280400
0.436,17,Mar 13 2017 01: +0,1489366800
0.376,10,Mar 14 2017 01: +0,1489453200
0.299,12,Mar 15 2017 01: +0,1489539600
0.272,15,Mar 16 2017 01: +0,1489626000
0.276,23,Mar 17 2017 01: +0,1489712400
0.306,27,Mar 18 2017 01: +0,1489798800
0.278,26,Mar 19 2017 01: +0,1489885200
0.317,16,Mar 20 2017 01: +0,1489971600
0.325,16,Mar 21 2017 01: +0,1490058000
0.305,15,Mar 22 2017 01: +0,1490144400
0.359,18,Mar 23 2017 01: +0,1490230800
0.305,23,Mar 24 2017 01: +0,1490317200
0.291,21,Mar 25 2017 01: +0,1490403600
0.283,18,Mar 26 2017 01: +0,1490490000
0.335,19,Mar 27 2017 01: +0,1490572800
0.387,16,Mar 28 2017 01: +0,1490659200
0.327,13,Mar 29 2017 01: +0,1490745600
0.273,23,Mar 30 2017 01: +0,1490832000
0.274,12,Mar 31 2017 01: +0,1490918400
0.257,20,Apr 01 2017 01: +0,1491004800
0.288,21,Apr 02 2017 01: +0,1491091200
0.33,11,Apr 03 2017 01: +0,1491177600
0.278,15,Apr 04 2017 01: +0,1491264000
0.288,17,Apr 05 2017 01: +0,1491350400
0.29,24,Apr 06 2017 01: +0,1491436800
0.295,15,Apr 07 2017 01: +0,1491523200
0.296,26,Apr 08 2017 01: +0,1491609600
0.281,16,Apr 09 2017 01: +0,1491696000
0.301,12,Apr 10 2017 01: +0,1491782400
0.271,11,Apr 11 2017 01: +0,1491868800
0.296,13,Apr 12 2017 01: +0,1491955200
0.33,26,Apr 13 2017 01: +0,1492041600
0.344,15,Apr 14 2017 01: +0,1492128000
0.343,12,Apr 15 2017 01: +0,1492214400
0.349,11,Apr 16 2017 01: +0,1492300800
0.286,16,Apr 17 2017 01: +0,1492387200
0.295,14,Apr 18 2017 01: +0,1492473600
0.277,18,Apr 19 2017 01: +0,1492560000
0.284,15,Apr 20 2017 01: +0,1492646400
0.281,19,Apr 21 2017 01: +0,1492732800
0.308,18,Apr 22 2017 01: +0,1492819200
0.314,20,Apr 23 2017 01: +0,1492905600
0.301,16,Apr 24 2017 01: +0,1492992000
0.288,19,Apr 25 2017 01: +0,1493078400
0.259,12,Apr 26 2017 01: +0,1493164800
0.273,19,Apr 27 2017 01: +0,1493251200
0.309,9,Apr 28 2017 01: +0,1493337600
0.303,16,Apr 29 2017 01: +0,1493424000
0.349,18,Apr 30 2017 01: +0,1493510400
0.316,15,May 01 2017 01: +0,1493596800
0.355,16,May 02 2017 01: +0,1493683200
0.352,21,May 03 2017 01: +0,1493769600
0.313,18,May 04 2017 01: +0,1493856000
0.295,13,May 05 2017 01: +0,1493942400
0.263,24,May 06 2017 01: +0,1494028800
0.311,15,May 07 2017 01: +0,1494115200
0.279,16,May 08 2017 01: +0,1494201600
0.321,8,May 09 2017 01: +0,1494288000
0.414,8,May 10 2017 01: +0,1494374400
0.305,17,May 11 2017 01: +0,1494460800
0.28,15,May 12 2017 01: +0,1494547200
0.295,21,May 13 2017 01: +0,1494633600
0.304,15,May 14 2017 01: +0,1494720000
0.293,13,May 15 2017 01: +0,1494806400
0.268,18,May 16 2017 01: +0,1494892800
0.299,13,May 17 2017 01: +0,1494979200
0.296,21,May 18 2017 01: +0,1495065600
0.276,11,May 19 2017 01: +0,1495152000
0.342,16,May 20 2017 01: +0,1495238400
0.29,20,May 21 2017 01: +0,1495324800
0.292,15,May 22 2017 01: +0,1495411200
0.337,11,May 23 2017 01: +0,1495497600
0.254,32,May 24 2017 01: +0,1495584000
0.278,17,May 25 2017 01: +0,1495670400
0.282,20,May 26 2017 01: +0,1495756800
0.278,19,May 27 2017 01: +0,1495843200
0.309,24,May 28 2017 01: +0,1495929600
0.344,9,May 29 2017 01: +0,1496016000
0.32,16,May 30 2017 01: +0,1496102400
0.305,16,May 31 2017 01: +0,1496188800
0.306,14,Jun 01 2017 01: +0,1496275200
0.282,25,Jun 02 2017 01: +0,1496361600
0.282,20,Jun 03 2017 01: +0,1496448000
0.317,18,Jun 04 2017 01: +0,1496534400
0.298,13,Jun 05 2017 01: +0,1496620800
0.335,16,Jun 06 2017 01: +0,1496707200
0.317,24,Jun 07 2017 01: +0,1496793600
0.288,16,Jun 08 2017 01: +0,1496880000
0.272,17,Jun 09 2017 01: +0,1496966400
0.813,26,Jun 10 2017 01: +0,1497052800
0.275,14,Jun 11 2017 01: +0,1497139200
0.298,18,Jun 12 2017 01: +0,1497225600
0.272,18,Jun 13 2017 01: +0,1497312000
0.254,17,Jun 14 2017 01: +0,1497398400
0.277,13,Jun 15 2017 01: +0,1497484800
0.28,21,Jun 16 2017 01: +0,1497571200
0.284,17,Jun 17 2017 01: +0,1497657600
0.284,19,Jun 18 2017 01: +0,1497744000
0.274,16,Jun 19 2017 01: +0,1497830400
0.299,14,Jun 20 2017 01: +0,1497916800
0.28,18,Jun 21 2017 01: +0,1498003200
0.284,14,Jun 22 2017 01: +0,1498089600
0.252,19,Jun 23 2017 01: +0,1498176000
0.273,14,Jun 24 2017 01: +0,1498262400
0.244,16,Jun 25 2017 01: +0,1498348800
0.244,20,Jun 26 2017 01: +0,1498435200
0.232,15,Jun 27 2017 01: +0,1498521600
0.242,13,Jun 28 2017 01: +0,1498608000
0.241,18,Jun 29 2017 01: +0,1498694400
0.235,16,Jun 30 2017 01: +0,1498780800
0.242,15,Jul 01 2017 01: +0,1498867200
0.248,22,Jul 02 2017 01: +0,1498953600
0.212,13,Jul 03 2017 01: +0,1499040000
0.23,18,Jul 04 2017 01: +0,1499126400
0.232,19,Jul 05 2017 01: +0,1499212800
0.276,14,Jul 06 2017 01: +0,1499299200
0.281,11,Jul 07 2017 01: +0,1499385600
0.285,13,Jul 08 2017 01: +0,1499472000
0.307,19,Jul 09 2017 01: +0,1499558400
0.278,12,Jul 10 2017 01: +0,1499644800
0.262,24,Jul 11 2017 01: +0,1499731200
0.244,11,Jul 12 2017 01: +0,1499817600
0.279,14,Jul 13 2017 01: +0,1499904000
0.264,4,Jul 14 2017 01: +0,1499990400
0.258,17,Jul 15 2017 01: +0,1500076800
0.26,18,Jul 16 2017 01: +0,1500163200
0.238,31,Jul 17 2017 01: +0,1500249600
0.246,37,Jul 18 2017 01: +0,1500336000
0.266,32,Jul 19 2017 01: +0,1500422400
0.244,44,Jul 20 2017 01: +0,1500508800
0.242,32,Jul 21 2017 01: +0,1500595200
0.231,60,Jul 22 2017 01: +0,1500681600
0.203,43,Jul 23 2017 01: +0,1500768000
0.188,42,Jul 24 2017 01: +0,1500854400
0.18,38,Jul 25 2017 01: +0,1500940800
0.186,35,Jul 26 2017 01: +0,1501027200
0.227,24,Jul 27 2017 01: +0,1501113600
0.233,30,Jul 28 2017 01: +0,1501200000
0.24,17,Jul 29 2017 01: +0,1501286400
0.257,24,Jul 30 2017 01: +0,1501372800
0.25,28,Jul 31 2017 01: +0,1501459200
0.25,23,Aug 01 2017 01: +0,1501545600
0.551,29,Aug 02 2017 01: +0,1501632000
0.252,26,Aug 03 2017 01: +0,1501718400
0.293,26,Aug 04 2017 01: +0,1501804800
0.255,23,Aug 05 2017 01: +0,1501891200
0.238,28,Aug 06 2017 01: +0,1501977600
0.221,30,Aug 07 2017 01: +0,1502064000
0.22,43,Aug 08 2017 01: +0,1502150400
0.226,24,Aug 09 2017 01: +0,1502236800
0.273,23,Aug 10 2017 01: +0,1502323200
0.25,22,Aug 11 2017 01: +0,1502409600
0.251,17,Aug 12 2017 01: +0,1502496000
0.244,22,Aug 13 2017 01: +0,1502582400
0.22,19,Aug 14 2017 01: +0,1502668800
0.217,18,Aug 15 2017 01: +0,1502755200
0.237,25,Aug 16 2017 01: +0,1502841600
0.243,22,Aug 17 2017 01: +0,1502928000
0.253,13,Aug 18 2017 01: +0,1503014400
0.238,26,Aug 19 2017 01: +0,1503100800
0.231,16,Aug 20 2017 01: +0,1503187200
0.206,19,Aug 21 2017 01: +0,1503273600
0.222,20,Aug 22 2017 01: +0,1503360000
0.21,13,Aug 23 2017 01: +0,1503446400
0.22,13,Aug 24 2017 01: +0,1503532800
0.196,29,Aug 25 2017 01: +0,1503619200
0.207,29,Aug 26 2017 01: +0,1503705600
0.215,27,Aug 27 2017 01: +0,1503792000
0.237,21,Aug 28 2017 01: +0,1503878400
0.238,19,Aug 29 2017 01: +0,1503964800
0.231,15,Aug 30 2017 01: +0,1504051200
0.247,7,Aug 31 2017 01: +0,1504137600
0.231,23,Sep 01 2017 01: +0,1504224000
0.241,16,Sep 02 2017 01: +0,1504310400
0.217,11,Sep 03 2017 01: +0,1504396800
0.216,14,Sep 04 2017 01: +0,1504483200
0.225,8,Sep 05 2017 01: +0,1504569600
0.225,13,Sep 06 2017 01: +0,1504656000
0.242,17,Sep 07 2017 01: +0,1504742400
0.216,21,Sep 08 2017 01: +0,1504828800
0.213,25,Sep 09 2017 01: +0,1504915200
0.227,20,Sep 10 2017 01: +0,1505001600
0.235,12,Sep 11 2017 01: +0,1505088000
0.235,11,Sep 12 2017 01: +0,1505174400
0.32,11,Sep 13 2017 01: +0,1505260800
0.223,11,Sep 14 2017 01: +0,1505347200
0.233,14,Sep 15 2017 01: +0,1505433600
0.219,25,Sep 16 2017 01: +0,1505520000
0.228,21,Sep 17 2017 01: +0,1505606400
0.225,14,Sep 18 2017 01: +0,1505692800
0.222,6,Sep 19 2017 01: +0,1505779200
0.213,12,Sep 20 2017 01: +0,1505865600
0.266,10,Sep 21 2017 01: +0,1505952000
0.224,21,Sep 22 2017 01: +0,1506038400
0.218,19,Sep 23 2017 01: +0,1506124800
0.227,18,Sep 24 2017 01: +0,1506211200
0.231,21,Sep 25 2017 01: +0,1506297600
0.231,12,Sep 26 2017 01: +0,1506384000
0.222,8,Sep 27 2017 01: +0,1506470400
0.21,6,Sep 28 2017 01: +0,1506556800
0.215,8,Sep 29 2017 01: +0,1506643200
0.213,9,Sep 30 2017 01: +0,1506729600
0.19,15,Oct 01 2017 01: +0,1506816000
0.202,13,Oct 02 2017 01: +0,1506902400
0.2,14,Oct 03 2017 01: +0,1506988800
0.2,13,Oct 04 2017 01: +0,1507075200
0.19,9,Oct 05 2017 01: +0,1507161600
0.199,10,Oct 06 2017 01: +0,1507248000
0.35,14,Oct 07 2017 01: +0,1507334400
0.207,12,Oct 08 2017 01: +0,1507420800
0.196,13,Oct 09 2017 01: +0,1507507200
0.195,9,Oct 10 2017 01: +0,1507593600
0.185,15,Oct 11 2017 01: +0,1507680000
0.194,15,Oct 12 2017 01: +0,1507766400
0.176,30,Oct 13 2017 01: +0,1507852800
0.182,30,Oct 14 2017 01: +0,1507939200
0.186,39,Oct 15 2017 01: +0,1508025600
0.194,13,Oct 16 2017 01: +0,1508112000
0.179,18,Oct 17 2017 01: +0,1508198400
0.193,17,Oct 18 2017 01: +0,1508284800
0.209,6,Oct 19 2017 01: +0,1508371200
0.2,14,Oct 20 2017 01: +0,1508457600
0.202,11,Oct 21 2017 01: +0,1508544000
0.21,10,Oct 22 2017 01: +0,1508630400
0.191,7,Oct 23 2017 01: +0,1508716800
0.199,11,Oct 24 2017 01: +0,1508803200
0.189,15,Oct 25 2017 01: +0,1508889600
0.201,11,Oct 26 2017 01: +0,1508976000
0.208,13,Oct 27 2017 01: +0,1509062400
0.189,17,Oct 28 2017 01: +0,1509148800
0.183,13,Oct 29 2017 01: +0,1509235200
0.181,18,Oct 30 2017 01: +0,1509325200
0.177,12,Oct 31 2017 01: +0,1509411600
0.193,12,Nov 01 2017 01: +0,1509498000
0.187,7,Nov 02 2017 01: +0,1509584400
0.189,20,Nov 03 2017 01: +0,1509670800
0.194,21,Nov 04 2017 01: +0,1509757200
0.167,16,Nov 05 2017 01: +0,1509843600
0.178,12,Nov 06 2017 01: +0,1509930000
0.18,14,Nov 07 2017 01: +0,1510016400
0.167,11,Nov 08 2017 01: +0,1510102800
0.181,7,Nov 09 2017 01: +0,1510189200
0.167,12,Nov 10 2017 01: +0,1510275600
0.183,19,Nov 11 2017 01: +0,1510362000
0.171,10,Nov 12 2017 01: +0,1510448400
0.178,10,Nov 13 2017 01: +0,1510534800
0.168,6,Nov 14 2017 01: +0,1510621200
0.181,7,Nov 15 2017 01: +0,1510707600
0.205,7,Nov 16 2017 01: +0,1510794000
0.17,25,Nov 17 2017 01: +0,1510880400
0.179,16,Nov 18 2017 01: +0,1510966800
0.171,15,Nov 19 2017 01: +0,1511053200
0.179,11,Nov 20 2017 01: +0,1511139600
0.155,9,Nov 21 2017 01: +0,1511226000
0.16,10,Nov 22 2017 01: +0,1511312400
0.149,17,Nov 23 2017 01: +0,1511398800
0.138,14,Nov 24 2017 01: +0,1511485200
0.122,24,Nov 25 2017 01: +0,1511571600
0.141,14,Nov 26 2017 01: +0,1511658000
0.135,15,Nov 27 2017 01: +0,1511744400
0.128,11,Nov 28 2017 01: +0,1511830800
0.149,5,Nov 29 2017 01: +0,1511917200
0.137,11,Nov 30 2017 01: +0,1512003600
0.166,13,Dec 01 2017 01: +0,1512090000
0.17,7,Dec 02 2017 01: +0,1512176400
0.168,19,Dec 03 2017 01: +0,1512262800
0.174,12,Dec 04 2017 01: +0,1512349200
0.171,8,Dec 05 2017 01: +0,1512435600
0.176,6,Dec 06 2017 01: +0,1512522000
0.176,8,Dec 07 2017 01: +0,1512608400
0.172,11,Dec 08 2017 01: +0,1512694800
0.161,12,Dec 09 2017 01: +0,1512781200
0.172,9,Dec 10 2017 01: +0,1512867600
0.176,15,Dec 11 2017 01: +0,1512954000
0.167,11,Dec 12 2017 01: +0,1513040400
0.17,9,Dec 13 2017 01: +0,1513126800
0.179,8,Dec 14 2017 01: +0,1513213200
0.162,8,Dec 15 2017 01: +0,1513299600
0.173,13,Dec 16 2017 01: +0,1513386000
0.164,13,Dec 17 2017 01: +0,1513472400
0.177,11,Dec 18 2017 01: +0,1513558800
0.155,8,Dec 19 2017 01: +0,1513645200
0.161,16,Dec 20 2017 01: +0,1513731600
0.168,9,Dec 21 2017 01: +0,1513818000
0.161,16,Dec 22 2017 01: +0,1513904400
0.178,14,Dec 23 2017 01: +0,1513990800
0.164,6,Dec 24 2017 01: +0,1514077200
0.17,11,Dec 25 2017 01: +0,1514163600
0.158,12,Dec 26 2017 01: +0,1514250000
0.165,8,Dec 27 2017 01: +0,1514336400
0.163,13,Dec 28 2017 01: +0,1514422800
0.479,10,Dec 29 2017 01: +0,1514509200
0.17,10,Dec 30 2017 01: +0,1514595600
0.162,7,Dec 31 2017 01: +0,1514682000
0.177,18,Jan 01 2018 01: +0,1514768400
0.166,18,Jan 02 2018 01: +0,1514854800
0.176,8,Jan 03 2018 01: +0,1514941200
0.188,13,Jan 04 2018 01: +0,1515027600
0.17,20,Jan 05 2018 01: +0,1515114000
0.168,13,Jan 06 2018 01: +0,1515200400
0.178,13,Jan 07 2018 01: +0,1515286800
0.165,9,Jan 08 2018 01: +0,1515373200
0.161,13,Jan 09 2018 01: +0,1515459600
0.191,16,Jan 10 2018 01: +0,1515546000
0.16,13,Jan 11 2018 01: +0,1515632400
0.202,20,Jan 12 2018 01: +0,1515718800
0.17,24,Jan 13 2018 01: +0,1515805200
0.159,24,Jan 14 2018 01: +0,1515891600
0.16,27,Jan 15 2018 01: +0,1515978000
0.156,26,Jan 16 2018 01: +0,1516064400
0.167,22,Jan 17 2018 01: +0,1516150800
0.159,15,Jan 18 2018 01: +0,1516237200
0.16,28,Jan 19 2018 01: +0,1516323600
0.165,33,Jan 20 2018 01: +0,1516410000
0.166,25,Jan 21 2018 01: +0,1516496400
0.157,31,Jan 22 2018 01: +0,1516582800
0.154,28,Jan 23 2018 01: +0,1516669200
0.251,23,Jan 24 2018 01: +0,1516755600
0.152,17,Jan 25 2018 01: +0,1516842000
0.148,36,Jan 26 2018 01: +0,1516928400
0.138,22,Jan 27 2018 01: +0,1517014800
0.145,24,Jan 28 2018 01: +0,1517101200
0.123,11,Jan 29 2018 01: +0,1517187600
0.129,16,Jan 30 2018 01: +0,1517274000
0.209,24,Jan 31 2018 01: +0,1517360400
0.123,14,Feb 01 2018 01: +0,1517446800
0.12,16,Feb 02 2018 01: +0,1517533200
0.144,21,Feb 03 2018 01: +0,1517619600
0.143,13,Feb 04 2018 01: +0,1517706000
0.14,9,Feb 05 2018 01: +0,1517792400
0.139,24,Feb 06 2018 01: +0,1517878800
0.151,20,Feb 07 2018 01: +0,1517965200
0.131,19,Feb 08 2018 01: +0,1518051600
0.141,23,Feb 09 2018 01: +0,1518138000
0.141,23,Feb 10 2018 01: +0,1518224400
0.256,12,Feb 11 2018 01: +0,1518310800
0.125,19,Feb 12 2018 01: +0,1518397200
0.14,10,Feb 13 2018 01: +0,1518483600
0.14,15,Feb 14 2018 01: +0,1518570000
0.136,18,Feb 15 2018 01: +0,1518656400
0.167,15,Feb 16 2018 01: +0,1518742800
0.134,24,Feb 17 2018 01: +0,1518829200
0.136,25,Feb 18 2018 01: +0,1518915600
0.138,15,Feb 19 2018 01: +0,1519002000
0.14,14,Feb 20 2018 01: +0,1519088400
0.145,9,Feb 21 2018 01: +0,1519174800
0.135,16,Feb 22 2018 01: +0,1519261200
0.146,17,Feb 23 2018 01: +0,1519347600
0.141,17,Feb 24 2018 01: +0,1519434000
0.142,15,Feb 25 2018 01: +0,1519520400
0.134,20,Feb 26 2018 01: +0,1519606800
0.133,14,Feb 27 2018 01: +0,1519693200
0.161,13,Feb 28 2018 01: +0,1519779600
0.13,16,Mar 01 2018 01: +0,1519866000
0.141,16,Mar 02 2018 01: +0,1519952400
0.135,14,Mar 03 2018 01: +0,1520038800
0.134,7,Mar 04 2018 01: +0,1520125200
0.152,6,Mar 05 2018 01: +0,1520211600
0.144,9,Mar 06 2018 01: +0,1520298000
0.142,15,Mar 07 2018 01: +0,1520384400
0.144,12,Mar 08 2018 01: +0,1520470800
0.143,14,Mar 09 2018 01: +0,1520557200
0.13,7,Mar 10 2018 01: +0,1520643600
0.129,15,Mar 11 2018 01: +0,1520730000
0.134,13,Mar 12 2018 01: +0,1520816400
0.126,9,Mar 13 2018 01: +0,1520902800
0.13,8,Mar 14 2018 01: +0,1520989200
0.122,8,Mar 15 2018 01: +0,1521075600
0.114,14,Mar 16 2018 01: +0,1521162000
0.146,11,Mar 17 2018 01: +0,1521248400
0.145,19,Mar 18 2018 01: +0,1521334800
0.134,9,Mar 19 2018 01: +0,1521421200
0.114,13,Mar 20 2018 01: +0,1521507600
0.138,11,Mar 21 2018 01: +0,1521594000
0.144,7,Mar 22 2018 01: +0,1521680400
0.135,24,Mar 23 2018 01: +0,1521766800
0.171,21,Mar 24 2018 01: +0,1521853200
0.147,14,Mar 25 2018 01: +0,1521939600
0.139,8,Mar 26 2018 01: +0,1522022400
0.134,13,Mar 27 2018 01: +0,1522108800
0.138,12,Mar 28 2018 01: +0,1522195200
0.133,16,Mar 29 2018 01: +0,1522281600
0.153,16,Mar 30 2018 01: +0,1522368000
0.129,16,Mar 31 2018 01: +0,1522454400
0.133,19,Apr 01 2018 01: +0,1522540800
0.138,15,Apr 02 2018 01: +0,1522627200
0.144,21,Apr 03 2018 01: +0,1522713600
0.144,17,Apr 04 2018 01: +0,1522800000
0.142,21,Apr 05 2018 01: +0,1522886400
0.233,17,Apr 06 2018 01: +0,1522972800
0.139,12,Apr 07 2018 01: +0,1523059200
0.147,20,Apr 08 2018 01: +0,1523145600
0.184,17,Apr 09 2018 01: +0,1523232000
0.156,18,Apr 10 2018 01: +0,1523318400
0.152,11,Apr 11 2018 01: +0,1523404800
0.204,8,Apr 12 2018 01: +0,1523491200
0.181,7,Apr 13 2018 01: +0,1523577600
0.245,21,Apr 14 2018 01: +0,1523664000
0.187,12,Apr 15 2018 01: +0,1523750400
0.217,7,Apr 16 2018 01: +0,1523836800
0.227,7,Apr 17 2018 01: +0,1523923200
0.192,10,Apr 18 2018 01: +0,1524009600
0.211,9,Apr 19 2018 01: +0,1524096000
0.197,5,Apr 20 2018 01: +0,1524182400
0.187,9,Apr 21 2018 01: +0,1524268800
0.177,13,Apr 22 2018 01: +0,1524355200
0.157,5,Apr 23 2018 01: +0,1524441600
0.179,7,Apr 24 2018 01: +0,1524528000
0.187,5,Apr 25 2018 01: +0,1524614400
0.138,4,Apr 26 2018 01: +0,1524700800
0.149,7,Apr 27 2018 01: +0,1524787200
0.145,13,Apr 28 2018 01: +0,1524873600
0.137,5,Apr 29 2018 01: +0,1524960000
0.146,7,Apr 30 2018 01: +0,1525046400
0.123,6,May 01 2018 01: +0,1525132800
0.137,17,May 02 2018 01: +0,1525219200
0.151,12,May 03 2018 01: +0,1525305600
0.193,8,May 04 2018 01: +0,1525392000
0.156,6,May 05 2018 01: +0,1525478400
0.182,12,May 06 2018 01: +0,1525564800
0.176,5,May 07 2018 01: +0,1525651200
0.174,6,May 08 2018 01: +0,1525737600
0.198,6,May 09 2018 01: +0,1525824000
0.17,11,May 10 2018 01: +0,1525910400
0.171,8,May 11 2018 01: +0,1525996800
0.161,10,May 12 2018 01: +0,1526083200
0.159,15,May 13 2018 01: +0,1526169600
0.181,8,May 14 2018 01: +0,1526256000
0.194,11,May 15 2018 01: +0,1526342400
0.207,5,May 16 2018 01: +0,1526428800
0.18,8,May 17 2018 01: +0,1526515200
0.487,16,May 18 2018 01: +0,1526601600
0.171,8,May 19 2018 01: +0,1526688000
0.175,14,May 20 2018 01: +0,1526774400
0.173,6,May 21 2018 01: +0,1526860800
0.215,4,May 22 2018 01: +0,1526947200
0.207,7,May 23 2018 01: +0,1527033600
0.213,7,May 24 2018 01: +0,1527120000
0.233,5,May 25 2018 01: +0,1527206400
0.309,9,May 26 2018 01: +0,1527292800
0.217,8,May 27 2018 01: +0,1527379200
0.217,10,May 28 2018 01: +0,1527465600
0.191,5,May 29 2018 01: +0,1527552000
0.225,20,May 30 2018 01: +0,1527638400
0.25,4,May 31 2018 01: +0,1527724800
0.201,8,Jun 01 2018 01: +0,1527811200
0.241,9,Jun 02 2018 01: +0,1527897600
0.26,7,Jun 03 2018 01: +0,1527984000
0.219,8,Jun 04 2018 01: +0,1528070400
0.245,2,Jun 05 2018 01: +0,1528156800
0.212,8,Jun 06 2018 01: +0,1528243200
0.185,11,Jun 07 2018 01: +0,1528329600
0.166,8,Jun 08 2018 01: +0,1528416000
0.174,11,Jun 09 2018 01: +0,1528502400
0.171,12,Jun 10 2018 01: +0,1528588800
0.214,10,Jun 11 2018 01: +0,1528675200
0.25,12,Jun 12 2018 01: +0,1528761600
0.269,6,Jun 13 2018 01: +0,1528848000
0.247,8,Jun 14 2018 01: +0,1528934400
0.219,12,Jun 15 2018 01: +0,1529020800
0.237,6,Jun 16 2018 01: +0,1529107200
0.233,6,Jun 17 2018 01: +0,1529193600
0.216,6,Jun 18 2018 01: +0,1529280000
0.201,6,Jun 19 2018 01: +0,1529366400
0.194,5,Jun 20 2018 01: +0,1529452800
0.169,11,Jun 21 2018 01: +0,1529539200
0.159,15,Jun 22 2018 01: +0,1529625600
0.217,19,Jun 23 2018 01: +0,1529712000
0.15,9,Jun 24 2018 01: +0,1529798400
0.158,13,Jun 25 2018 01: +0,1529884800
0.164,18,Jun 26 2018 01: +0,1529971200
0.151,13,Jun 27 2018 01: +0,1530057600
0.153,9,Jun 28 2018 01: +0,1530144000
0.146,10,Jun 29 2018 01: +0,1530230400
0.146,13,Jun 30 2018 01: +0,1530316800
0.14,12,Jul 01 2018 01: +0,1530403200
0.137,6,Jul 02 2018 01: +0,1530489600
0.142,6,Jul 03 2018 01: +0,1530576000
0.152,5,Jul 04 2018 01: +0,1530662400
0.14,6,Jul 05 2018 01: +0,1530748800
0.14,7,Jul 06 2018 01: +0,1530835200
0.146,8,Jul 07 2018 01: +0,1530921600
0.147,7,Jul 08 2018 01: +0,1531008000
0.15,5,Jul 09 2018 01: +0,1531094400
0.154,5,Jul 10 2018 01: +0,1531180800
0.175,3,Jul 11 2018 01: +0,1531267200
0.214,4,Jul 12 2018 01: +0,1531353600
0.146,4,Jul 13 2018 01: +0,1531440000
0.167,5,Jul 14 2018 01: +0,1531526400
0.163,2,Jul 15 2018 01: +0,1531612800
0.156,5,Jul 16 2018 01: +0,1531699200
2.544,5,Jul 17 2018 01: +0,1531785600
0.164,8,Jul 18 2018 01: +0,1531872000
0.179,3,Jul 19 2018 01: +0,1531958400
0.165,5,Jul 20 2018 01: +0,1532044800
0.174,7,Jul 21 2018 01: +0,1532131200
0.156,4,Jul 22 2018 01: +0,1532217600
0.204,9,Jul 23 2018 01: +0,1532304000
0.14,7,Jul 24 2018 01: +0,1532390400
0.257,5,Jul 25 2018 01: +0,1532476800
0.303,5,Jul 26 2018 01: +0,1532563200
0.15,7,Jul 27 2018 01: +0,1532649600
0.167,2,Jul 28 2018 01: +0,1532736000
0.154,5,Jul 29 2018 01: +0,1532822400
0.168,9,Jul 30 2018 01: +0,1532908800
0.159,7,Jul 31 2018 01: +0,1532995200
0.171,7,Aug 01 2018 01: +0,1533081600
0.196,10,Aug 02 2018 01: +0,1533168000
0.195,7,Aug 03 2018 01: +0,1533254400
0.156,8,Aug 04 2018 01: +0,1533340800
0.156,8,Aug 05 2018 01: +0,1533427200
0.148,7,Aug 06 2018 01: +0,1533513600
0.166,12,Aug 07 2018 01: +0,1533600000
0.199,7,Aug 08 2018 01: +0,1533686400
0.165,11,Aug 09 2018 01: +0,1533772800
0.22,11,Aug 10 2018 01: +0,1533859200
0.15,4,Aug 11 2018 01: +0,1533945600
0.152,6,Aug 12 2018 01: +0,1534032000
0.139,7,Aug 13 2018 01: +0,1534118400
0.143,13,Aug 14 2018 01: +0,1534204800
0.145,6,Aug 15 2018 01: +0,1534291200
0.139,10,Aug 16 2018 01: +0,1534377600
0.156,11,Aug 17 2018 01: +0,1534464000
0.139,11,Aug 18 2018 01: +0,1534550400
0.188,12,Aug 19 2018 01: +0,1534636800
0.174,10,Aug 20 2018 01: +0,1534723200
0.194,8,Aug 21 2018 01: +0,1534809600
0.13,8,Aug 22 2018 01: +0,1534896000
0.157,16,Aug 23 2018 01: +0,1534982400
0.149,8,Aug 24 2018 01: +0,1535068800
0.162,8,Aug 25 2018 01: +0,1535155200
0.167,15,Aug 26 2018 01: +0,1535241600
0.156,15,Aug 27 2018 01: +0,1535328000
0.172,3,Aug 28 2018 01: +0,1535414400
0.159,7,Aug 29 2018 01: +0,1535500800
0.164,7,Aug 30 2018 01: +0,1535587200
0.19,5,Aug 31 2018 01: +0,1535673600
0.155,11,Sep 01 2018 01: +0,1535760000
0.162,7,Sep 02 2018 01: +0,1535846400
0.164,7,Sep 03 2018 01: +0,1535932800
0.158,9,Sep 04 2018 01: +0,1536019200
0.168,6,Sep 05 2018 01: +0,1536105600
0.207,11,Sep 06 2018 01: +0,1536192000
0.154,13,Sep 07 2018 01: +0,1536278400
0.134,13,Sep 08 2018 01: +0,1536364800
0.134,12,Sep 09 2018 01: +0,1536451200
0.171,8,Sep 10 2018 01: +0,1536537600
0.126,10,Sep 11 2018 01: +0,1536624000
0.124,13,Sep 12 2018 01: +0,1536710400
0.131,9,Sep 13 2018 01: +0,1536796800
0.121,23,Sep 14 2018 01: +0,1536883200
0.237,21,Sep 15 2018 01: +0,1536969600
0.125,20,Sep 16 2018 01: +0,1537056000
0.13,14,Sep 17 2018 01: +0,1537142400
0.135,12,Sep 18 2018 01: +0,1537228800
0.122,13,Sep 19 2018 01: +0,1537315200
0.127,9,Sep 20 2018 01: +0,1537401600
0.128,5,Sep 21 2018 01: +0,1537488000
0.116,19,Sep 22 2018 01: +0,1537574400
0.111,25,Sep 23 2018 01: +0,1537660800
0.121,7,Sep 24 2018 01: +0,1537747200
0.151,14,Sep 25 2018 01: +0,1537833600
0.116,19,Sep 26 2018 01: +0,1537920000
0.102,6,Sep 27 2018 01: +0,1538006400
0.125,23,Sep 28 2018 01: +0,1538092800
0.125,13,Sep 29 2018 01: +0,1538179200
0.126,18,Sep 30 2018 01: +0,1538265600
0.134,7,Oct 01 2018 01: +0,1538352000
0.124,9,Oct 02 2018 01: +0,1538438400
0.124,12,Oct 03 2018 01: +0,1538524800
0.123,8,Oct 04 2018 01: +0,1538611200
0.117,9,Oct 05 2018 01: +0,1538697600
0.121,15,Oct 06 2018 01: +0,1538784000
0.127,9,Oct 07 2018 01: +0,1538870400
0.128,11,Oct 08 2018 01: +0,1538956800
0.127,7,Oct 09 2018 01: +0,1539043200
0.134,10,Oct 10 2018 01: +0,1539129600
0.128,7,Oct 11 2018 01: +0,1539216000
0.111,10,Oct 12 2018 01: +0,1539302400
0.175,12,Oct 13 2018 01: +0,1539388800
0.125,15,Oct 14 2018 01: +0,1539475200
0.127,9,Oct 15 2018 01: +0,1539561600
0.133,11,Oct 16 2018 01: +0,1539648000
0.117,13,Oct 17 2018 01: +0,1539734400
0.122,10,Oct 18 2018 01: +0,1539820800
0.12,16,Oct 19 2018 01: +0,1539907200
0.128,15,Oct 20 2018 01: +0,1539993600
0.118,15,Oct 21 2018 01: +0,1540080000
0.123,11,Oct 22 2018 01: +0,1540166400
0.324,10,Oct 23 2018 01: +0,1540252800
0.118,9,Oct 24 2018 01: +0,1540339200
0.115,7,Oct 25 2018 01: +0,1540425600
0.129,12,Oct 26 2018 01: +0,1540512000
0.129,11,Oct 27 2018 01: +0,1540598400
0.133,5,Oct 28 2018 01: +0,1540684800
0.123,8,Oct 29 2018 01: +0,1540774800
0.105,7,Oct 30 2018 01: +0,1540861200
0.099,11,Oct 31 2018 01: +0,1540947600
0.102,10,Nov 01 2018 01: +0,1541034000
0.11,14,Nov 02 2018 01: +0,1541120400
0.114,10,Nov 03 2018 01: +0,1541206800
0.12,12,Nov 04 2018 01: +0,1541293200
0.112,8,Nov 05 2018 01: +0,1541379600
0.119,18,Nov 06 2018 01: +0,1541466000
0.121,5,Nov 07 2018 01: +0,1541552400
0.117,13,Nov 08 2018 01: +0,1541638800
0.118,11,Nov 09 2018 01: +0,1541725200
0.11,16,Nov 10 2018 01: +0,1541811600
0.112,14,Nov 11 2018 01: +0,1541898000
0.113,14,Nov 12 2018 01: +0,1541984400
0.107,7,Nov 13 2018 01: +0,1542070800
0.117,14,Nov 14 2018 01: +0,1542157200
0.12,9,Nov 15 2018 01: +0,1542243600
1.76,9,Nov 16 2018 01: +0,1542330000
0.114,16,Nov 17 2018 01: +0,1542416400
0.107,19,Nov 18 2018 01: +0,1542502800
0.109,20,Nov 19 2018 01: +0,1542589200
0.106,11,Nov 20 2018 01: +0,1542675600
0.11,10,Nov 21 2018 01: +0,1542762000
0.099,8,Nov 22 2018 01: +0,1542848400
0.088,16,Nov 23 2018 01: +0,1542934800
0.096,15,Nov 24 2018 01: +0,1543021200
0.099,10,Nov 25 2018 01: +0,1543107600
0.105,17,Nov 26 2018 01: +0,1543194000
0.098,7,Nov 27 2018 01: +0,1543280400
0.105,9,Nov 28 2018 01: +0,1543366800
0.101,5,Nov 29 2018 01: +0,1543453200
0.107,12,Nov 30 2018 01: +0,1543539600
0.139,14,Dec 01 2018 01: +0,1543626000
0.103,18,Dec 02 2018 01: +0,1543712400
0.098,10,Dec 03 2018 01: +0,1543798800
0.098,13,Dec 04 2018 01: +0,1543885200
0.103,7,Dec 05 2018 01: +0,1543971600
0.104,12,Dec 06 2018 01: +0,1544058000
0.102,19,Dec 07 2018 01: +0,1544144400
0.106,30,Dec 08 2018 01: +0,1544230800
0.094,15,Dec 09 2018 01: +0,1544317200
0.101,17,Dec 10 2018 01: +0,1544403600
0.095,17,Dec 11 2018 01: +0,1544490000
0.098,16,Dec 12 2018 01: +0,1544576400
0.101,19,Dec 13 2018 01: +0,1544662800
0.099,24,Dec 14 2018 01: +0,1544749200
0.097,27,Dec 15 2018 01: +0,1544835600
0.142,25,Dec 16 2018 01: +0,1544922000
0.108,15,Dec 17 2018 01: +0,1545008400
0.108,15,Dec 18 2018 01: +0,1545094800
0.113,7,Dec 19 2018 01: +0,1545181200
0.108,14,Dec 20 2018 01: +0,1545267600
0.104,16,Dec 21 2018 01: +0,1545354000
0.136,16,Dec 22 2018 01: +0,1545440400
0.22,20,Dec 23 2018 01: +0,1545526800
0.092,14,Dec 24 2018 01: +0,1545613200
0.108,18,Dec 25 2018 01: +0,1545699600
0.592,12,Dec 26 2018 01: +0,1545786000
0.082,11,Dec 27 2018 01: +0,1545872400
1.075,13,Dec 28 2018 01: +0,1545958800
0.086,10,Dec 29 2018 01: +0,1546045200
0.091,14,Dec 30 2018 01: +0,1546131600
0.078,10,Dec 31 2018 01: +0,1546218000
0.087,10,Jan 01 2019 01: +0,1546304400
0.084,21,Jan 02 2019 01: +0,1546390800
0.082,12,Jan 03 2019 01: +0,1546477200
0.101,21,Jan 04 2019 01: +0,1546563600
0.128,15,Jan 05 2019 01: +0,1546650000
0.107,10,Jan 06 2019 01: +0,1546736400
0.117,10,Jan 07 2019 01: +0,1546822800
0.162,19,Jan 08 2019 01: +0,1546909200
0.169,7,Jan 09 2019 01: +0,1546995600
0.174,11,Jan 10 2019 01: +0,1547082000
0.176,6,Jan 11 2019 01: +0,1547168400
0.134,14,Jan 12 2019 01: +0,1547254800
0.123,14,Jan 13 2019 01: +0,1547341200
0.12,11,Jan 14 2019 01: +0,1547427600
0.107,14,Jan 15 2019 01: +0,1547514000
0.129,8,Jan 16 2019 01: +0,1547600400
0.12,10,Jan 17 2019 01: +0,1547686800
0.124,17,Jan 18 2019 01: +0,1547773200
0.117,15,Jan 19 2019 01: +0,1547859600
0.135,13,Jan 20 2019 01: +0,1547946000
0.126,10,Jan 21 2019 01: +0,1548032400
0.158,14,Jan 22 2019 01: +0,1548118800
0.107,9,Jan 23 2019 01: +0,1548205200
0.109,11,Jan 24 2019 01: +0,1548291600
0.118,16,Jan 25 2019 01: +0,1548378000
0.121,12,Jan 26 2019 01: +0,1548464400
0.124,7,Jan 27 2019 01: +0,1548550800
0.115,16,Jan 28 2019 01: +0,1548637200
0.117,11,Jan 29 2019 01: +0,1548723600
0.134,9,Jan 30 2019 01: +0,1548810000
0.113,12,Jan 31 2019 01: +0,1548896400
0.114,18,Feb 01 2019 01: +0,1548982800
0.119,11,Feb 02 2019 01: +0,1549069200
0.128,15,Feb 03 2019 01: +0,1549155600
0.154,16,Feb 04 2019 01: +0,1549242000
0.131,8,Feb 05 2019 01: +0,1549328400
0.131,12,Feb 06 2019 01: +0,1549414800
0.118,14,Feb 07 2019 01: +0,1549501200
0.112,10,Feb 08 2019 01: +0,1549587600
0.122,12,Feb 09 2019 01: +0,1549674000
0.113,11,Feb 10 2019 01: +0,1549760400
0.102,10,Feb 11 2019 01: +0,1549846800
0.123,11,Feb 12 2019 01: +0,1549933200
0.103,17,Feb 13 2019 01: +0,1550019600
0.116,14,Feb 14 2019 01: +0,1550106000
0.12,16,Feb 15 2019 01: +0,1550192400
0.12,12,Feb 16 2019 01: +0,1550278800
0.168,16,Feb 17 2019 01: +0,1550365200
0.106,12,Feb 18 2019 01: +0,1550451600
0.133,20,Feb 19 2019 01: +0,1550538000
0.135,19,Feb 20 2019 01: +0,1550624400
0.214,7,Feb 21 2019 01: +0,1550710800
0.175,8,Feb 22 2019 01: +0,1550797200
0.155,10,Feb 23 2019 01: +0,1550883600
0.159,6,Feb 24 2019 01: +0,1550970000
0.16,11,Feb 25 2019 01: +0,1551056400
0.174,18,Feb 26 2019 01: +0,1551142800
0.191,6,Feb 27 2019 01: +0,1551229200
0.17,7,Feb 28 2019 01: +0,1551315600
0.148,6,Mar 01 2019 01: +0,1551402000
0.141,18,Mar 02 2019 01: +0,1551488400
0.103,19,Mar 03 2019 01: +0,1551574800
0.107,20,Mar 04 2019 01: +0,1551661200
0.106,22,Mar 05 2019 01: +0,1551747600
0.165,20,Mar 06 2019 01: +0,1551834000
0.099,13,Mar 07 2019 01: +0,1551920400
0.131,17,Mar 08 2019 01: +0,1552006800
0.094,21,Mar 09 2019 01: +0,1552093200
0.115,16,Mar 10 2019 01: +0,1552179600
0.12,18,Mar 11 2019 01: +0,1552266000
0.128,11,Mar 12 2019 01: +0,1552352400
0.128,24,Mar 13 2019 01: +0,1552438800
0.142,21,Mar 14 2019 01: +0,1552525200
0.126,24,Mar 15 2019 01: +0,1552611600
0.133,18,Mar 16 2019 01: +0,1552698000
0.19,25,Mar 17 2019 01: +0,1552784400
0.126,11,Mar 18 2019 01: +0,1552870800
0.121,12,Mar 19 2019 01: +0,1552957200
0.127,14,Mar 20 2019 01: +0,1553043600
0.143,20,Mar 21 2019 01: +0,1553130000
0.137,19,Mar 22 2019 01: +0,1553216400
0.126,20,Mar 23 2019 01: +0,1553302800
0.151,15,Mar 24 2019 01: +0,1553389200
0.124,19,Mar 25 2019 01: +0,1553475600
0.114,10,Mar 26 2019 01: +0,1553562000
0.125,17,Mar 27 2019 01: +0,1553648400
0.117,13,Mar 28 2019 01: +0,1553734800
0.127,18,Mar 29 2019 01: +0,1553821200
0.452,10,Mar 30 2019 01: +0,1553907600
0.108,16,Mar 31 2019 01: +0,1553994000
0.093,16,Apr 01 2019 01: +0,1554076800
0.11,13,Apr 02 2019 01: +0,1554163200
0.109,16,Apr 03 2019 01: +0,1554249600
0.11,7,Apr 04 2019 01: +0,1554336000
0.101,18,Apr 05 2019 01: +0,1554422400
0.1,18,Apr 06 2019 01: +0,1554508800
0.102,14,Apr 07 2019 01: +0,1554595200
0.118,10,Apr 08 2019 01: +0,1554681600
0.13,14,Apr 09 2019 01: +0,1554768000
0.112,13,Apr 10 2019 01: +0,1554854400
0.107,7,Apr 11 2019 01: +0,1554940800
0.112,18,Apr 12 2019 01: +0,1555027200
0.118,20,Apr 13 2019 01: +0,1555113600
0.106,18,Apr 14 2019 01: +0,1555200000
0.123,10,Apr 15 2019 01: +0,1555286400
0.119,10,Apr 16 2019 01: +0,1555372800
0.132,15,Apr 17 2019 01: +0,1555459200
0.147,11,Apr 18 2019 01: +0,1555545600
0.121,16,Apr 19 2019 01: +0,1555632000
0.14,14,Apr 20 2019 01: +0,1555718400
0.127,13,Apr 21 2019 01: +0,1555804800
0.114,15,Apr 22 2019 01: +0,1555891200
0.134,11,Apr 23 2019 01: +0,1555977600
0.146,19,Apr 24 2019 01: +0,1556064000
0.123,8,Apr 25 2019 01: +0,1556150400
0.107,10,Apr 26 2019 01: +0,1556236800
0.108,20,Apr 27 2019 01: +0,1556323200
0.108,22,Apr 28 2019 01: +0,1556409600
0.137,13,Apr 29 2019 01: +0,1556496000
0.113,9,Apr 30 2019 01: +0,1556582400
0.134,14,May 01 2019 01: +0,1556668800
0.113,12,May 02 2019 01: +0,1556755200
0.111,12,May 03 2019 01: +0,1556841600
0.1,13,May 04 2019 01: +0,1556928000
0.112,15,May 05 2019 01: +0,1557014400
0.127,11,May 06 2019 01: +0,1557100800
0.134,10,May 07 2019 01: +0,1557187200
0.13,10,May 08 2019 01: +0,1557273600
0.138,11,May 09 2019 01: +0,1557360000
0.118,12,May 10 2019 01: +0,1557446400
0.164,18,May 11 2019 01: +0,1557532800
0.11,14,May 12 2019 01: +0,1557619200
0.12,9,May 13 2019 01: +0,1557705600
0.125,12,May 14 2019 01: +0,1557792000
0.119,10,May 15 2019 01: +0,1557878400
0.126,9,May 16 2019 01: +0,1557964800
0.115,10,May 17 2019 01: +0,1558051200
0.127,12,May 18 2019 01: +0,1558137600
0.323,17,May 19 2019 01: +0,1558224000
0.171,7,May 20 2019 01: +0,1558310400
0.121,6,May 21 2019 01: +0,1558396800
0.141,4,May 22 2019 01: +0,1558483200
0.169,10,May 23 2019 01: +0,1558569600
0.091,5,May 24 2019 01: +0,1558656000
0.35,13,May 25 2019 01: +0,1558742400
0.121,14,May 26 2019 01: +0,1558828800
0.138,8,May 27 2019 01: +0,1558915200
0.122,11,May 28 2019 01: +0,1559001600
0.125,6,May 29 2019 01: +0,1559088000
0.146,11,May 30 2019 01: +0,1559174400
0.132,11,May 31 2019 01: +0,1559260800
0.124,16,Jun 01 2019 01: +0,1559347200
0.131,13,Jun 02 2019 01: +0,1559433600
0.124,8,Jun 03 2019 01: +0,1559520000
0.124,14,Jun 04 2019 01: +0,1559606400
0.114,8,Jun 05 2019 01: +0,1559692800
0.123,15,Jun 06 2019 01: +0,1559779200
0.135,7,Jun 07 2019 01: +0,1559865600
0.136,11,Jun 08 2019 01: +0,1559952000
0.148,18,Jun 09 2019 01: +0,1560038400
0.155,10,Jun 10 2019 01: +0,1560124800
0.122,8,Jun 11 2019 01: +0,1560211200
0.133,11,Jun 12 2019 01: +0,1560297600
0.148,8,Jun 13 2019 01: +0,1560384000
0.139,11,Jun 14 2019 01: +0,1560470400
0.119,4,Jun 15 2019 01: +0,1560556800
0.116,6,Jun 16 2019 01: +0,1560643200
0.129,10,Jun 17 2019 01: +0,1560729600
0.125,6,Jun 18 2019 01: +0,1560816000
0.135,14,Jun 19 2019 01: +0,1560902400
0.169,18,Jun 20 2019 01: +0,1560988800
0.149,15,Jun 21 2019 01: +0,1561075200
0.178,11,Jun 22 2019 01: +0,1561161600
0.141,13,Jun 23 2019 01: +0,1561248000
0.186,17,Jun 24 2019 01: +0,1561334400
0.129,15,Jun 25 2019 01: +0,1561420800
0.135,17,Jun 26 2019 01: +0,1561507200
0.128,8,Jun 27 2019 01: +0,1561593600
0.121,14,Jun 28 2019 01: +0,1561680000
0.124,18,Jun 29 2019 01: +0,1561766400
0.113,18,Jun 30 2019 01: +0,1561852800
0.125,9,Jul 01 2019 01: +0,1561939200
0.13,14,Jul 02 2019 01: +0,1562025600
0.117,14,Jul 03 2019 01: +0,1562112000
0.181,12,Jul 04 2019 01: +0,1562198400
0.12,7,Jul 05 2019 01: +0,1562284800
0.111,7,Jul 06 2019 01: +0,1562371200
0.124,13,Jul 07 2019 01: +0,1562457600
0.127,17,Jul 08 2019 01: +0,1562544000
0.171,14,Jul 09 2019 01: +0,1562630400
0.163,8,Jul 10 2019 01: +0,1562716800
0.139,16,Jul 11 2019 01: +0,1562803200
0.156,16,Jul 12 2019 01: +0,1562889600
0.218,9,Jul 13 2019 01: +0,1562976000
0.145,15,Jul 14 2019 01: +0,1563062400
0.145,10,Jul 15 2019 01: +0,1563148800
0.157,10,Jul 16 2019 01: +0,1563235200
0.148,6,Jul 17 2019 01: +0,1563321600
0.134,10,Jul 18 2019 01: +0,1563408000
0.252,17,Jul 19 2019 01: +0,1563494400
0.134,19,Jul 20 2019 01: +0,1563580800
0.139,18,Jul 21 2019 01: +0,1563667200
0.13,6,Jul 22 2019 01: +0,1563753600
0.32,17,Jul 23 2019 01: +0,1563840000
0.157,12,Jul 24 2019 01: +0,1563926400
0.191,13,Jul 25 2019 01: +0,1564012800
0.141,14,Jul 26 2019 01: +0,1564099200
0.144,15,Jul 27 2019 01: +0,1564185600
0.143,10,Jul 28 2019 01: +0,1564272000
0.143,15,Jul 29 2019 01: +0,1564358400
0.149,16,Jul 30 2019 01: +0,1564444800
0.154,16,Jul 31 2019 01: +0,1564531200
0.204,11,Aug 01 2019 01: +0,1564617600
0.156,9,Aug 02 2019 01: +0,1564704000
0.2,11,Aug 03 2019 01: +0,1564790400
0.197,10,Aug 04 2019 01: +0,1564876800
0.152,11,Aug 05 2019 01: +0,1564963200
0.164,8,Aug 06 2019 01: +0,1565049600
0.195,4,Aug 07 2019 01: +0,1565136000
0.158,9,Aug 08 2019 01: +0,1565222400
0.178,5,Aug 09 2019 01: +0,1565308800
0.185,12,Aug 10 2019 01: +0,1565395200
0.184,8,Aug 11 2019 01: +0,1565481600
0.191,6,Aug 12 2019 01: +0,1565568000
0.187,10,Aug 13 2019 01: +0,1565654400
0.187,6,Aug 14 2019 01: +0,1565740800
0.169,8,Aug 15 2019 01: +0,1565827200
0.179,13,Aug 16 2019 01: +0,1565913600
0.178,13,Aug 17 2019 01: +0,1566000000
0.171,9,Aug 18 2019 01: +0,1566086400
0.188,10,Aug 19 2019 01: +0,1566172800
0.19,9,Aug 20 2019 01: +0,1566259200
0.183,8,Aug 21 2019 01: +0,1566345600
0.173,11,Aug 22 2019 01: +0,1566432000
0.18,18,Aug 23 2019 01: +0,1566518400
0.171,25,Aug 24 2019 01: +0,1566604800
0.152,17,Aug 25 2019 01: +0,1566691200
0.157,19,Aug 26 2019 01: +0,1566777600
0.174,14,Aug 27 2019 01: +0,1566864000
0.144,16,Aug 28 2019 01: +0,1566950400
0.151,17,Aug 29 2019 01: +0,1567036800
0.138,25,Aug 30 2019 01: +0,1567123200
0.197,14,Aug 31 2019 01: +0,1567209600
0.181,10,Sep 01 2019 01: +0,1567296000
0.206,9,Sep 02 2019 01: +0,1567382400
0.142,18,Sep 03 2019 01: +0,1567468800
0.149,12,Sep 04 2019 01: +0,1567555200
0.129,14,Sep 05 2019 01: +0,1567641600
0.122,17,Sep 06 2019 01: +0,1567728000
0.192,18,Sep 07 2019 01: +0,1567814400
0.167,24,Sep 08 2019 01: +0,1567900800
0.109,22,Sep 09 2019 01: +0,1567987200
0.114,16,Sep 10 2019 01: +0,1568073600
0.113,13,Sep 11 2019 01: +0,1568160000
0.103,13,Sep 12 2019 01: +0,1568246400
0.141,14,Sep 13 2019 01: +0,1568332800
0.241,18,Sep 14 2019 01: +0,1568419200
0.119,12,Sep 15 2019 01: +0,1568505600
2.612,14,Sep 16 2019 01: +0,1568592000
0.174,11,Sep 17 2019 01: +0,1568678400
0.177,12,Sep 18 2019 01: +0,1568764800
0.146,10,Sep 19 2019 01: +0,1568851200
0.162,12,Sep 20 2019 01: +0,1568937600
0.158,11,Sep 21 2019 01: +0,1569024000
0.16,14,Sep 22 2019 01: +0,1569110400
0.139,8,Sep 23 2019 01: +0,1569196800
0.14,11,Sep 24 2019 01: +0,1569283200
0.279,11,Sep 25 2019 01: +0,1569369600
0.162,12,Sep 26 2019 01: +0,1569456000
0.258,16,Sep 27 2019 01: +0,1569542400
0.149,21,Sep 28 2019 01: +0,1569628800
0.137,18,Sep 29 2019 01: +0,1569715200
0.125,12,Sep 30 2019 01: +0,1569801600
0.134,15,Oct 01 2019 01: +0,1569888000
0.169,12,Oct 02 2019 01: +0,1569974400
0.138,13,Oct 03 2019 01: +0,1570060800
0.133,18,Oct 04 2019 01: +0,1570147200
0.169,20,Oct 05 2019 01: +0,1570233600
0.131,21,Oct 06 2019 01: +0,1570320000
0.133,8,Oct 07 2019 01: +0,1570406400
0.145,12,Oct 08 2019 01: +0,1570492800
0.151,12,Oct 09 2019 01: +0,1570579200
0.145,7,Oct 10 2019 01: +0,1570665600
0.153,24,Oct 11 2019 01: +0,1570752000
0.172,18,Oct 12 2019 01: +0,1570838400
0.161,22,Oct 13 2019 01: +0,1570924800
1.026,16,Oct 14 2019 01: +0,1571011200
0.361,13,Oct 15 2019 01: +0,1571097600
0.172,7,Oct 16 2019 01: +0,1571184000
0.185,8,Oct 17 2019 01: +0,1571270400
0.161,10,Oct 18 2019 01: +0,1571356800
0.155,24,Oct 19 2019 01: +0,1571443200
0.153,20,Oct 20 2019 01: +0,1571529600
0.154,14,Oct 21 2019 01: +0,1571616000
0.187,16,Oct 22 2019 01: +0,1571702400
0.146,23,Oct 23 2019 01: +0,1571788800
0.149,16,Oct 24 2019 01: +0,1571875200
0.152,12,Oct 25 2019 01: +0,1571961600
0.139,33,Oct 26 2019 01: +0,1572048000
2.743,22,Oct 27 2019 01: +0,1572134400
0.266,6,Oct 28 2019 01: +0,1572224400
0.145,15,Oct 29 2019 01: +0,1572310800
0.141,12,Oct 30 2019 01: +0,1572397200
0.134,16,Oct 31 2019 01: +0,1572483600
0.118,9,Nov 01 2019 01: +0,1572570000
0.149,16,Nov 02 2019 01: +0,1572656400
0.144,15,Nov 03 2019 01: +0,1572742800
0.144,12,Nov 04 2019 01: +0,1572829200
0.158,4,Nov 05 2019 01: +0,1572915600
0.149,15,Nov 06 2019 01: +0,1573002000
0.142,10,Nov 07 2019 01: +0,1573088400
0.142,10,Nov 08 2019 01: +0,1573174800
0.137,19,Nov 09 2019 01: +0,1573261200
0.142,10,Nov 10 2019 01: +0,1573347600
0.132,10,Nov 11 2019 01: +0,1573434000
0.205,9,Nov 12 2019 01: +0,1573520400
0.13,16,Nov 13 2019 01: +0,1573606800
0.126,10,Nov 14 2019 01: +0,1573693200
0.131,9,Nov 15 2019 01: +0,1573779600
0.144,16,Nov 16 2019 01: +0,1573866000
0.15,14,Nov 17 2019 01: +0,1573952400
0.25,5,Nov 18 2019 01: +0,1574038800
0.108,17,Nov 19 2019 01: +0,1574125200
0.097,12,Nov 20 2019 01: +0,1574211600
0.118,10,Nov 21 2019 01: +0,1574298000
0.112,9,Nov 22 2019 01: +0,1574384400
0.11,18,Nov 23 2019 01: +0,1574470800
0.127,13,Nov 24 2019 01: +0,1574557200
0.14,9,Nov 25 2019 01: +0,1574643600
0.11,9,Nov 26 2019 01: +0,1574730000
0.104,12,Nov 27 2019 01: +0,1574816400
0.104,13,Nov 28 2019 01: +0,1574902800
0.119,19,Nov 29 2019 01: +0,1574989200
0.106,20,Nov 30 2019 01: +0,1575075600
0.107,14,Dec 01 2019 01: +0,1575162000
0.104,9,Dec 02 2019 01: +0,1575248400
0.117,13,Dec 03 2019 01: +0,1575334800
0.103,14,Dec 04 2019 01: +0,1575421200
0.103,12,Dec 05 2019 01: +0,1575507600
0.104,7,Dec 06 2019 01: +0,1575594000
0.108,9,Dec 07 2019 01: +0,1575680400
0.131,10,Dec 08 2019 01: +0,1575766800
0.506,14,Dec 09 2019 01: +0,1575853200
0.129,8,Dec 10 2019 01: +0,1575939600
0.142,5,Dec 11 2019 01: +0,1576026000
0.15,7,Dec 12 2019 01: +0,1576112400
0.144,12,Dec 13 2019 01: +0,1576198800
0.136,16,Dec 14 2019 01: +0,1576285200
0.125,10,Dec 15 2019 01: +0,1576371600
0.124,10,Dec 16 2019 01: +0,1576458000
0.128,15,Dec 17 2019 01: +0,1576544400
0.127,16,Dec 18 2019 01: +0,1576630800
0.128,12,Dec 19 2019 01: +0,1576717200
0.119,12,Dec 20 2019 01: +0,1576803600
0.122,16,Dec 21 2019 01: +0,1576890000
0.117,8,Dec 22 2019 01: +0,1576976400
0.126,7,Dec 23 2019 01: +0,1577062800
0.129,11,Dec 24 2019 01: +0,1577149200
0.112,13,Dec 25 2019 01: +0,1577235600
0.127,5,Dec 26 2019 01: +0,1577322000
0.145,12,Dec 27 2019 01: +0,1577408400
0.122,17,Dec 28 2019 01: +0,1577494800
0.121,15,Dec 29 2019 01: +0,1577581200
0.114,11,Dec 30 2019 01: +0,1577667600
0.118,18,Dec 31 2019 01: +0,1577754000
0.115,12,Jan 01 2020 01: +0,1577840400
0.118,14,Jan 02 2020 01: +0,1577926800
0.114,14,Jan 03 2020 01: +0,1578013200
0.115,18,Jan 04 2020 01: +0,1578099600
0.118,26,Jan 05 2020 01: +0,1578186000
0.121,12,Jan 06 2020 01: +0,1578272400
0.148,12,Jan 07 2020 01: +0,1578358800
0.14,9,Jan 08 2020 01: +0,1578445200
0.146,20,Jan 09 2020 01: +0,1578531600
0.185,12,Jan 10 2020 01: +0,1578618000
0.198,10,Jan 11 2020 01: +0,1578704400
0.168,13,Jan 12 2020 01: +0,1578790800
0.186,7,Jan 13 2020 01: +0,1578877200
0.182,14,Jan 14 2020 01: +0,1578963600
0.179,6,Jan 15 2020 01: +0,1579050000
0.188,17,Jan 16 2020 01: +0,1579136400
0.176,16,Jan 17 2020 01: +0,1579222800
0.172,11,Jan 18 2020 01: +0,1579309200
0.172,11,Jan 19 2020 01: +0,1579395600
1.59,16,Jan 20 2020 01: +0,1579482000
0.172,13,Jan 21 2020 01: +0,1579568400
0.161,14,Jan 22 2020 01: +0,1579654800
0.16,11,Jan 23 2020 01: +0,1579741200
0.268,14,Jan 24 2020 01: +0,1579827600
0.171,17,Jan 25 2020 01: +0,1579914000
0.167,17,Jan 26 2020 01: +0,1580000400
0.164,13,Jan 27 2020 01: +0,1580086800
0.169,8,Jan 28 2020 01: +0,1580173200
0.145,6,Jan 29 2020 01: +0,1580259600
0.187,14,Jan 30 2020 01: +0,1580346000
0.152,16,Jan 31 2020 01: +0,1580432400
0.166,12,Feb 01 2020 01: +0,1580518800
0.141,4,Feb 02 2020 01: +0,1580605200
0.147,13,Feb 03 2020 01: +0,1580691600
0.188,9,Feb 04 2020 01: +0,1580778000
0.158,11,Feb 05 2020 01: +0,1580864400
0.133,7,Feb 06 2020 01: +0,1580950800
0.14,18,Feb 07 2020 01: +0,1581037200
0.154,16,Feb 08 2020 01: +0,1581123600
0.143,19,Feb 09 2020 01: +0,1581210000
0.158,10,Feb 10 2020 01: +0,1581296400
0.144,9,Feb 11 2020 01: +0,1581382800
0.142,16,Feb 12 2020 01: +0,1581469200
0.139,9,Feb 13 2020 01: +0,1581555600
0.146,6,Feb 14 2020 01: +0,1581642000
0.137,8,Feb 15 2020 01: +0,1581728400
0.151,18,Feb 16 2020 01: +0,1581814800
0.158,17,Feb 17 2020 01: +0,1581901200
0.181,5,Feb 18 2020 01: +0,1581987600
0.181,15,Feb 19 2020 01: +0,1582074000
0.156,10,Feb 20 2020 01: +0,1582160400
0.18,14,Feb 21 2020 01: +0,1582246800
0.15,9,Feb 22 2020 01: +0,1582333200
0.154,14,Feb 23 2020 01: +0,1582419600
1.409,10,Feb 24 2020 01: +0,1582506000
0.135,18,Feb 25 2020 01: +0,1582592400
0.149,9,Feb 26 2020 01: +0,1582678800
0.145,14,Feb 27 2020 01: +0,1582765200
0.148,15,Feb 28 2020 01: +0,1582851600
0.146,17,Feb 29 2020 01: +0,1582938000
0.156,23,Mar 01 2020 01: +0,1583024400
0.173,14,Mar 02 2020 01: +0,1583110800
0.186,7,Mar 03 2020 01: +0,1583197200
0.14,17,Mar 04 2020 01: +0,1583283600
0.134,19,Mar 05 2020 01: +0,1583370000
0.169,19,Mar 06 2020 01: +0,1583456400
0.163,21,Mar 07 2020 01: +0,1583542800
0.171,14,Mar 08 2020 01: +0,1583629200
0.165,8,Mar 09 2020 01: +0,1583715600
0.144,10,Mar 10 2020 01: +0,1583802000
0.157,5,Mar 11 2020 01: +0,1583888400
0.155,11,Mar 12 2020 01: +0,1583974800
0.554,13,Mar 13 2020 01: +0,1584061200
0.183,16,Mar 14 2020 01: +0,1584147600
0.149,17,Mar 15 2020 01: +0,1584234000
0.168,9,Mar 16 2020 01: +0,1584320400
0.163,15,Mar 17 2020 01: +0,1584406800
0.16,14,Mar 18 2020 01: +0,1584493200
0.132,23,Mar 19 2020 01: +0,1584579600
0.126,16,Mar 20 2020 01: +0,1584666000
0.129,17,Mar 21 2020 01: +0,1584752400
0.123,24,Mar 22 2020 01: +0,1584838800
0.128,16,Mar 23 2020 01: +0,1584925200
0.132,20,Mar 24 2020 01: +0,1585011600
0.131,25,Mar 25 2020 01: +0,1585098000
0.13,18,Mar 26 2020 01: +0,1585184400
0.121,21,Mar 27 2020 01: +0,1585270800
0.13,17,Mar 28 2020 01: +0,1585357200
0.146,13,Mar 29 2020 01: +0,1585443600
0.186,13,Mar 30 2020 01: +0,1585526400
0.127,32,Mar 31 2020 01: +0,1585612800
0.127,19,Apr 01 2020 01: +0,1585699200
0.126,31,Apr 02 2020 01: +0,1585785600
0.132,22,Apr 03 2020 01: +0,1585872000
0.151,29,Apr 04 2020 01: +0,1585958400
0.151,15,Apr 05 2020 01: +0,1586044800
0.136,23,Apr 06 2020 01: +0,1586131200
0.14,24,Apr 07 2020 01: +0,1586217600
0.135,11,Apr 08 2020 01: +0,1586304000
0.136,16,Apr 09 2020 01: +0,1586390400
0.13,19,Apr 10 2020 01: +0,1586476800
0.159,31,Apr 11 2020 01: +0,1586563200
0.18,20,Apr 12 2020 01: +0,1586649600
0.21,21,Apr 13 2020 01: +0,1586736000
0.154,12,Apr 14 2020 01: +0,1586822400
0.171,13,Apr 15 2020 01: +0,1586908800
0.151,16,Apr 16 2020 01: +0,1586995200
0.156,27,Apr 17 2020 01: +0,1587081600
0.157,24,Apr 18 2020 01: +0,1587168000
0.193,18,Apr 19 2020 01: +0,1587254400
0.168,20,Apr 20 2020 01: +0,1587340800
0.166,10,Apr 21 2020 01: +0,1587427200
0.177,19,Apr 22 2020 01: +0,1587513600
0.161,12,Apr 23 2020 01: +0,1587600000
0.147,10,Apr 24 2020 01: +0,1587686400
0.162,14,Apr 25 2020 01: +0,1587772800
0.186,14,Apr 26 2020 01: +0,1587859200
0.173,18,Apr 27 2020 01: +0,1587945600
0.146,22,Apr 28 2020 01: +0,1588032000
0.17,12,Apr 29 2020 01: +0,1588118400
0.21,13,Apr 30 2020 01: +0,1588204800
0.188,16,May 01 2020 01: +0,1588291200
0.183,19,May 02 2020 01: +0,1588377600
0.197,8,May 03 2020 01: +0,1588464000
0.187,17,May 04 2020 01: +0,1588550400
0.184,15,May 05 2020 01: +0,1588636800
0.173,26,May 06 2020 01: +0,1588723200
0.19,14,May 07 2020 01: +0,1588809600
0.192,13,May 08 2020 01: +0,1588896000
0.199,22,May 09 2020 01: +0,1588982400
0.264,13,May 10 2020 01: +0,1589068800
0.172,23,May 11 2020 01: +0,1589155200
0.253,10,May 12 2020 01: +0,1589241600
0.222,8,May 13 2020 01: +0,1589328000
0.206,15,May 14 2020 01: +0,1589414400
0.209,14,May 15 2020 01: +0,1589500800
0.18,16,May 16 2020 01: +0,1589587200
0.283,14,May 17 2020 01: +0,1589673600
0.175,17,May 18 2020 01: +0,1589760000
0.214,15,May 19 2020 01: +0,1589846400
0.181,12,May 20 2020 01: +0,1589932800
0.189,17,May 21 2020 01: +0,1590019200
0.199,15,May 22 2020 01: +0,1590105600
0.256,11,May 23 2020 01: +0,1590192000
0.26,11,May 24 2020 01: +0,1590278400
0.329,10,May 25 2020 01: +0,1590364800
0.199,17,May 26 2020 01: +0,1590451200
0.239,16,May 27 2020 01: +0,1590537600
0.21,11,May 28 2020 01: +0,1590624000
0.218,12,May 29 2020 01: +0,1590710400
0.219,18,May 30 2020 01: +0,1590796800
0.208,19,May 31 2020 01: +0,1590883200
0.206,12,Jun 01 2020 01: +0,1590969600
0.231,8,Jun 02 2020 01: +0,1591056000
0.211,13,Jun 03 2020 01: +0,1591142400
0.432,10,Jun 04 2020 01: +0,1591228800
0.215,9,Jun 05 2020 01: +0,1591315200
0.201,10,Jun 06 2020 01: +0,1591401600
0.222,12,Jun 07 2020 01: +0,1591488000
0.225,13,Jun 08 2020 01: +0,1591574400
0.225,5,Jun 09 2020 01: +0,1591660800
0.227,15,Jun 10 2020 01: +0,1591747200
0.237,7,Jun 11 2020 01: +0,1591833600
0.209,5,Jun 12 2020 01: +0,1591920000
0.2,8,Jun 13 2020 01: +0,1592006400
0.292,7,Jun 14 2020 01: +0,1592092800
0.439,7,Jun 15 2020 01: +0,1592179200
0.201,16,Jun 16 2020 01: +0,1592265600
1.493,11,Jun 17 2020 01: +0,1592352000
0.316,10,Jun 18 2020 01: +0,1592438400
0.202,12,Jun 19 2020 01: +0,1592524800
0.188,13,Jun 20 2020 01: +0,1592611200
0.181,10,Jun 21 2020 01: +0,1592697600
0.21,11,Jun 22 2020 01: +0,1592784000
0.22,16,Jun 23 2020 01: +0,1592870400
0.19,15,Jun 24 2020 01: +0,1592956800
0.214,17,Jun 25 2020 01: +0,1593043200
0.186,18,Jun 26 2020 01: +0,1593129600
0.159,5,Jun 27 2020 01: +0,1593216000
0.178,16,Jun 28 2020 01: +0,1593302400
0.196,9,Jun 29 2020 01: +0,1593388800
0.228,15,Jun 30 2020 01: +0,1593475200
0.221,9,Jul 01 2020 01: +0,1593561600
0.163,9,Jul 02 2020 01: +0,1593648000
0.175,9,Jul 03 2020 01: +0,1593734400
0.158,9,Jul 04 2020 01: +0,1593820800
1.343,18,Jul 05 2020 01: +0,1593907200
0.443,11,Jul 06 2020 01: +0,1593993600
0.219,12,Jul 07 2020 01: +0,1594080000
0.225,8,Jul 08 2020 01: +0,1594166400
0.242,16,Jul 09 2020 01: +0,1594252800
0.185,12,Jul 10 2020 01: +0,1594339200
0.184,19,Jul 11 2020 01: +0,1594425600
0.208,20,Jul 12 2020 01: +0,1594512000
0.239,7,Jul 13 2020 01: +0,1594598400
0.268,10,Jul 14 2020 01: +0,1594684800
0.347,9,Jul 15 2020 01: +0,1594771200
0.274,19,Jul 16 2020 01: +0,1594857600
0.267,11,Jul 17 2020 01: +0,1594944000
0.258,7,Jul 18 2020 01: +0,1595030400
0.231,8,Jul 19 2020 01: +0,1595116800
0.227,9,Jul 20 2020 01: +0,1595203200
0.212,15,Jul 21 2020 01: +0,1595289600
0.261,11,Jul 22 2020 01: +0,1595376000
0.695,12,Jul 23 2020 01: +0,1595462400
0.225,6,Jul 24 2020 01: +0,1595548800
0.225,16,Jul 25 2020 01: +0,1595635200
0.203,12,Jul 26 2020 01: +0,1595721600
0.216,12,Jul 27 2020 01: +0,1595808000
0.266,11,Jul 28 2020 01: +0,1595894400
0.273,6,Jul 29 2020 01: +0,1595980800
0.267,8,Jul 30 2020 01: +0,1596067200
0.22,8,Jul 31 2020 01: +0,1596153600
0.232,5,Aug 01 2020 01: +0,1596240000
0.211,4,Aug 02 2020 01: +0,1596326400
0.241,4,Aug 03 2020 01: +0,1596412800
0.297,7,Aug 04 2020 01: +0,1596499200
0.31,6,Aug 05 2020 01: +0,1596585600
0.213,10,Aug 06 2020 01: +0,1596672000
0.302,14,Aug 07 2020 01: +0,1596758400
0.199,8,Aug 08 2020 01: +0,1596844800
0.22,11,Aug 09 2020 01: +0,1596931200
0.199,17,Aug 10 2020 01: +0,1597017600
0.193,13,Aug 11 2020 01: +0,1597104000
0.242,8,Aug 12 2020 01: +0,1597190400
0.206,7,Aug 13 2020 01: +0,1597276800
0.189,8,Aug 14 2020 01: +0,1597363200
0.211,13,Aug 15 2020 01: +0,1597449600
0.24,8,Aug 16 2020 01: +0,1597536000
0.185,13,Aug 17 2020 01: +0,1597622400
0.188,13,Aug 18 2020 01: +0,1597708800
0.172,17,Aug 19 2020 01: +0,1597795200
0.229,17,Aug 20 2020 01: +0,1597881600
0.193,7,Aug 21 2020 01: +0,1597968000
0.201,14,Aug 22 2020 01: +0,1598054400
0.248,7,Aug 23 2020 01: +0,1598140800
0.199,6,Aug 24 2020 01: +0,1598227200
0.215,5,Aug 25 2020 01: +0,1598313600
0.207,7,Aug 26 2020 01: +0,1598400000
0.199,3,Aug 27 2020 01: +0,1598486400
0.231,16,Aug 28 2020 01: +0,1598572800
0.245,9,Aug 29 2020 01: +0,1598659200
0.208,7,Aug 30 2020 01: +0,1598745600
0.243,14,Aug 31 2020 01: +0,1598832000
0.197,12,Sep 01 2020 01: +0,1598918400
0.211,7,Sep 02 2020 01: +0,1599004800
0.199,9,Sep 03 2020 01: +0,1599091200
0.237,10,Sep 04 2020 01: +0,1599177600
0.195,8,Sep 05 2020 01: +0,1599264000
0.367,10,Sep 06 2020 01: +0,1599350400
0.297,12,Sep 07 2020 01: +0,1599436800
0.202,7,Sep 08 2020 01: +0,1599523200
0.209,7,Sep 09 2020 01: +0,1599609600
0.189,4,Sep 10 2020 01: +0,1599696000
0.461,4,Sep 11 2020 01: +0,1599782400
0.263,8,Sep 12 2020 01: +0,1599868800
0.272,12,Sep 13 2020 01: +0,1599955200
0.192,7,Sep 14 2020 01: +0,1600041600
0.223,9,Sep 15 2020 01: +0,1600128000
0.203,7,Sep 16 2020 01: +0,1600214400
0.205,6,Sep 17 2020 01: +0,1600300800
0.189,10,Sep 18 2020 01: +0,1600387200
0.203,10,Sep 19 2020 01: +0,1600473600
0.191,8,Sep 20 2020 01: +0,1600560000
0.209,6,Sep 21 2020 01: +0,1600646400
0.187,11,Sep 22 2020 01: +0,1600732800
0.194,6,Sep 23 2020 01: +0,1600819200
0.202,6,Sep 24 2020 01: +0,1600905600
0.218,8,Sep 25 2020 01: +0,1600992000
0.261,7,Sep 26 2020 01: +0,1601078400
0.209,11,Sep 27 2020 01: +0,1601164800
0.25,6,Sep 28 2020 01: +0,1601251200
0.216,7,Sep 29 2020 01: +0,1601337600
0.27,7,Sep 30 2020 01: +0,1601424000
0.239,15,Oct 01 2020 01: +0,1601510400
0.208,9,Oct 02 2020 01: +0,1601596800
0.245,9,Oct 03 2020 01: +0,1601683200
0.214,10,Oct 04 2020 01: +0,1601769600
0.309,9,Oct 05 2020 01: +0,1601856000
0.23,8,Oct 06 2020 01: +0,1601942400
0.215,4,Oct 07 2020 01: +0,1602028800
0.201,7,Oct 08 2020 01: +0,1602115200
0.382,12,Oct 09 2020 01: +0,1602201600
0.225,10,Oct 10 2020 01: +0,1602288000
0.205,8,Oct 11 2020 01: +0,1602374400
0.291,9,Oct 12 2020 01: +0,1602460800
0.255,6,Oct 13 2020 01: +0,1602547200
0.306,8,Oct 14 2020 01: +0,1602633600
0.257,10,Oct 15 2020 01: +0,1602720000
0.282,10,Oct 16 2020 01: +0,1602806400
0.261,6,Oct 17 2020 01: +0,1602892800
0.302,13,Oct 18 2020 01: +0,1602979200
0.228,7,Oct 19 2020 01: +0,1603065600
0.231,6,Oct 20 2020 01: +0,1603152000
1.824,3,Oct 21 2020 01: +0,1603238400
0.212,5,Oct 22 2020 01: +0,1603324800
0.194,7,Oct 23 2020 01: +0,1603411200
0.225,11,Oct 24 2020 01: +0,1603497600
0.269,9,Oct 25 2020 01: +0,1603584000
0.305,8,Oct 26 2020 01: +0,1603674000
0.242,6,Oct 27 2020 01: +0,1603760400
0.269,3,Oct 28 2020 01: +0,1603846800
0.236,9,Oct 29 2020 01: +0,1603933200
0.247,4,Oct 30 2020 01: +0,1604019600
0.229,15,Oct 31 2020 01: +0,1604106000
0.226,8,Nov 01 2020 01: +0,1604192400
0.227,3,Nov 02 2020 01: +0,1604278800
0.213,9,Nov 03 2020 01: +0,1604365200
0.244,12,Nov 04 2020 01: +0,1604451600
0.209,8,Nov 05 2020 01: +0,1604538000
0.424,12,Nov 06 2020 01: +0,1604624400
0.202,12,Nov 07 2020 01: +0,1604710800
0.219,10,Nov 08 2020 01: +0,1604797200
0.231,13,Nov 09 2020 01: +0,1604883600
0.206,3,Nov 10 2020 01: +0,1604970000
0.187,7,Nov 11 2020 01: +0,1605056400
0.276,6,Nov 12 2020 01: +0,1605142800
0.232,12,Nov 13 2020 01: +0,1605229200
0.243,8,Nov 14 2020 01: +0,1605315600
0.242,9,Nov 15 2020 01: +0,1605402000
0.278,6,Nov 16 2020 01: +0,1605488400
0.226,6,Nov 17 2020 01: +0,1605574800
0.224,10,Nov 18 2020 01: +0,1605661200
0.232,7,Nov 19 2020 01: +0,1605747600
0.235,7,Nov 20 2020 01: +0,1605834000
0.23,8,Nov 21 2020 01: +0,1605920400
0.33,11,Nov 22 2020 01: +0,1606006800
0.25,6,Nov 23 2020 01: +0,1606093200
0.287,2,Nov 24 2020 01: +0,1606179600
0.241,6,Nov 25 2020 01: +0,1606266000
0.203,13,Nov 26 2020 01: +0,1606352400
0.248,8,Nov 27 2020 01: +0,1606438800
0.224,10,Nov 28 2020 01: +0,1606525200
0.304,10,Nov 29 2020 01: +0,1606611600
0.235,8,Nov 30 2020 01: +0,1606698000
0.206,7,Dec 01 2020 01: +0,1606784400
0.231,10,Dec 02 2020 01: +0,1606870800
0.213,17,Dec 03 2020 01: +0,1606957200
0.201,11,Dec 04 2020 01: +0,1607043600
0.227,6,Dec 05 2020 01: +0,1607130000
0.222,7,Dec 06 2020 01: +0,1607216400
0.212,8,Dec 07 2020 01: +0,1607302800
0.208,10,Dec 08 2020 01: +0,1607389200
0.216,14,Dec 09 2020 01: +0,1607475600
0.233,8,Dec 10 2020 01: +0,1607562000
0.25,6,Dec 11 2020 01: +0,1607648400
0.227,14,Dec 12 2020 01: +0,1607734800
0.207,9,Dec 13 2020 01: +0,1607821200
0.246,9,Dec 14 2020 01: +0,1607907600
0.227,8,Dec 15 2020 01: +0,1607994000
0.241,8,Dec 16 2020 01: +0,1608080400
0.23,8,Dec 17 2020 01: +0,1608166800
0.227,6,Dec 18 2020 01: +0,1608253200
0.233,7,Dec 19 2020 01: +0,1608339600
0.212,11,Dec 20 2020 01: +0,1608426000
0.224,6,Dec 21 2020 01: +0,1608512400
0.211,7,Dec 22 2020 01: +0,1608598800
0.223,9,Dec 23 2020 01: +0,1608685200
0.207,9,Dec 24 2020 01: +0,1608771600
0.216,9,Dec 25 2020 01: +0,1608858000
0.222,7,Dec 26 2020 01: +0,1608944400
0.223,6,Dec 27 2020 01: +0,1609030800
0.236,11,Dec 28 2020 01: +0,1609117200
0.217,17,Dec 29 2020 01: +0,1609203600
0.21,14,Dec 30 2020 01: +0,1609290000
0.213,12,Dec 31 2020 01: +0,1609376400
0.221,8,Jan 01 2021 01: +0,1609462800
0.271,15,Jan 02 2021 01: +0,1609549200
0.286,12,Jan 03 2021 01: +0,1609635600
0.855,11,Jan 04 2021 01: +0,1609722000
0.262,15,Jan 05 2021 01: +0,1609808400
0.265,9,Jan 06 2021 01: +0,1609894800
0.273,11,Jan 07 2021 01: +0,1609981200
0.306,10,Jan 08 2021 01: +0,1610067600
0.292,8,Jan 09 2021 01: +0,1610154000
0.266,12,Jan 10 2021 01: +0,1610240400
0.31,16,Jan 11 2021 01: +0,1610326800
0.283,19,Jan 12 2021 01: +0,1610413200
0.285,11,Jan 13 2021 01: +0,1610499600
0.304,9,Jan 14 2021 01: +0,1610586000
0.287,18,Jan 15 2021 01: +0,1610672400
0.298,9,Jan 16 2021 01: +0,1610758800
0.277,7,Jan 17 2021 01: +0,1610845200
0.274,7,Jan 18 2021 01: +0,1610931600
0.322,6,Jan 19 2021 01: +0,1611018000
0.274,13,Jan 20 2021 01: +0,1611104400
0.291,12,Jan 21 2021 01: +0,1611190800
0.292,6,Jan 22 2021 01: +0,1611277200
0.3,11,Jan 23 2021 01: +0,1611363600
0.289,14,Jan 24 2021 01: +0,1611450000
0.324,11,Jan 25 2021 01: +0,1611536400
0.386,14,Jan 26 2021 01: +0,1611622800
0.34,7,Jan 27 2021 01: +0,1611709200
0.308,18,Jan 28 2021 01: +0,1611795600
0.29,8,Jan 29 2021 01: +0,1611882000
0.29,19,Jan 30 2021 01: +0,1611968400
0.295,7,Jan 31 2021 01: +0,1612054800
0.339,9,Feb 01 2021 01: +0,1612141200
0.313,12,Feb 02 2021 01: +0,1612227600
0.308,15,Feb 03 2021 01: +0,1612314000
0.282,8,Feb 04 2021 01: +0,1612400400
0.305,15,Feb 05 2021 01: +0,1612486800
0.317,12,Feb 06 2021 01: +0,1612573200
0.281,8,Feb 07 2021 01: +0,1612659600
0.274,11,Feb 08 2021 01: +0,1612746000
0.28,10,Feb 09 2021 01: +0,1612832400
0.273,10,Feb 10 2021 01: +0,1612918800
0.293,16,Feb 11 2021 01: +0,1613005200
0.357,21,Feb 12 2021 01: +0,1613091600
0.264,13,Feb 13 2021 01: +0,1613178000
0.301,10,Feb 14 2021 01: +0,1613264400
0.271,9,Feb 15 2021 01: +0,1613350800
0.29,15,Feb 16 2021 01: +0,1613437200
0.333,9,Feb 17 2021 01: +0,1613523600
0.28,7,Feb 18 2021 01: +0,1613610000
0.266,12,Feb 19 2021 01: +0,1613696400
0.258,13,Feb 20 2021 01: +0,1613782800
0.262,10,Feb 21 2021 01: +0,1613869200
0.279,9,Feb 22 2021 01: +0,1613955600
0.287,30,Feb 23 2021 01: +0,1614042000
0.286,14,Feb 24 2021 01: +0,1614128400
0.302,9,Feb 25 2021 01: +0,1614214800
0.368,6,Feb 26 2021 01: +0,1614301200
0.289,16,Feb 27 2021 01: +0,1614387600
0.258,22,Feb 28 2021 01: +0,1614474000
0.316,11,Mar 01 2021 01: +0,1614560400
0.338,4,Mar 02 2021 01: +0,1614646800
0.338,12,Mar 03 2021 01: +0,1614733200
0.415,11,Mar 04 2021 01: +0,1614819600
0.299,11,Mar 05 2021 01: +0,1614906000
0.325,14,Mar 06 2021 01: +0,1614992400
0.311,18,Mar 07 2021 01: +0,1615078800
0.311,14,Mar 08 2021 01: +0,1615165200
0.369,14,Mar 09 2021 01: +0,1615251600
0.411,8,Mar 10 2021 01: +0,1615338000
0.458,11,Mar 11 2021 01: +0,1615424400
0.368,8,Mar 12 2021 01: +0,1615510800
0.345,7,Mar 13 2021 01: +0,1615597200
0.373,6,Mar 14 2021 01: +0,1615683600
0.341,6,Mar 15 2021 01: +0,1615770000
0.346,15,Mar 16 2021 01: +0,1615856400
0.414,14,Mar 17 2021 01: +0,1615942800
0.472,8,Mar 18 2021 01: +0,1616029200
0.324,32,Mar 19 2021 01: +0,1616115600
0.443,9,Mar 20 2021 01: +0,1616202000
0.347,14,Mar 21 2021 01: +0,1616288400
0.368,17,Mar 22 2021 01: +0,1616374800
0.375,3,Mar 23 2021 01: +0,1616461200
0.395,8,Mar 24 2021 01: +0,1616547600
0.426,16,Mar 25 2021 01: +0,1616634000
0.458,8,Mar 26 2021 01: +0,1616720400
0.405,12,Mar 27 2021 01: +0,1616806800
0.411,14,Mar 28 2021 01: +0,1616893200
0.402,10,Mar 29 2021 01: +0,1616976000
0.499,11,Mar 30 2021 01: +0,1617062400
0.348,11,Mar 31 2021 01: +0,1617148800
0.352,12,Apr 01 2021 01: +0,1617235200
0.524,15,Apr 02 2021 01: +0,1617321600
0.372,8,Apr 03 2021 01: +0,1617408000
0.506,7,Apr 04 2021 01: +0,1617494400
0.396,10,Apr 05 2021 01: +0,1617580800
0.364,9,Apr 06 2021 01: +0,1617667200
0.329,14,Apr 07 2021 01: +0,1617753600
0.326,27,Apr 08 2021 01: +0,1617840000
0.339,13,Apr 09 2021 01: +0,1617926400
0.321,10,Apr 10 2021 01: +0,1618012800
0.493,8,Apr 11 2021 01: +0,1618099200
0.429,4,Apr 12 2021 01: +0,1618185600
0.388,3,Apr 13 2021 01: +0,1618272000
0.292,2,Apr 14 2021 01: +0,1618358400
0.295,10,Apr 15 2021 01: +0,1618444800
0.328,10,Apr 16 2021 01: +0,1618531200
0.309,10,Apr 17 2021 01: +0,1618617600
0.318,6,Apr 18 2021 01: +0,1618704000
0.53,13,Apr 19 2021 01: +0,1618790400
0.297,8,Apr 20 2021 01: +0,1618876800
0.285,11,Apr 21 2021 01: +0,1618963200
0.311,11,Apr 22 2021 01: +0,1619049600
0.313,16,Apr 23 2021 01: +0,1619136000
0.33,6,Apr 24 2021 01: +0,1619222400
0.341,8,Apr 25 2021 01: +0,1619308800
0.318,8,Apr 26 2021 01: +0,1619395200
0.301,11,Apr 27 2021 01: +0,1619481600
0.318,14,Apr 28 2021 01: +0,1619568000
0.303,11,Apr 29 2021 01: +0,1619654400
0.346,5,Apr 30 2021 01: +0,1619740800
0.37,7,May 01 2021 01: +0,1619827200
0.35,9,May 02 2021 01: +0,1619913600
0.36,5,May 03 2021 01: +0,1620000000
0.401,2,May 04 2021 01: +0,1620086400
0.359,7,May 05 2021 01: +0,1620172800
2.335,10,May 06 2021 01: +0,1620259200
1.671,11,May 07 2021 01: +0,1620345600
0.318,8,May 08 2021 01: +0,1620432000
0.336,6,May 09 2021 01: +0,1620518400
0.339,16,May 10 2021 01: +0,1620604800
0.339,21,May 11 2021 01: +0,1620691200
0.326,7,May 12 2021 01: +0,1620777600
0.373,6,May 13 2021 01: +0,1620864000
0.316,12,May 14 2021 01: +0,1620950400
0.3,8,May 15 2021 01: +0,1621036800
0.31,13,May 16 2021 01: +0,1621123200
2.828,10,May 17 2021 01: +0,1621209600
0.314,8,May 18 2021 01: +0,1621296000
0.323,7,May 19 2021 01: +0,1621382400
0.501,13,May 20 2021 01: +0,1621468800
7.19,6,May 21 2021 01: +0,1621555200
0.451,9,May 22 2021 01: +0,1621641600
0.399,7,May 23 2021 01: +0,1621728000
0.385,9,May 24 2021 01: +0,1621814400
0.62,4,May 25 2021 01: +0,1621900800
0.351,4,May 26 2021 01: +0,1621987200
0.345,8,May 27 2021 01: +0,1622073600
0.361,4,May 28 2021 01: +0,1622160000
0.477,6,May 29 2021 01: +0,1622246400
0.367,13,May 30 2021 01: +0,1622332800
0.351,7,May 31 2021 01: +0,1622419200
1.894,10,Jun 01 2021 01: +0,1622505600
0.34,2,Jun 02 2021 01: +0,1622592000
0.397,10,Jun 03 2021 01: +0,1622678400
0.34,17,Jun 04 2021 01: +0,1622764800
0.366,6,Jun 05 2021 01: +0,1622851200
0.353,7,Jun 06 2021 01: +0,1622937600
0.286,10,Jun 07 2021 01: +0,1623024000
0.307,6,Jun 08 2021 01: +0,1623110400
0.487,11,Jun 09 2021 01: +0,1623196800
0.34,5,Jun 10 2021 01: +0,1623283200
0.292,13,Jun 11 2021 01: +0,1623369600
0.326,6,Jun 12 2021 01: +0,1623456000
0.321,7,Jun 13 2021 01: +0,1623542400
0.306,8,Jun 14 2021 01: +0,1623628800
0.62,12,Jun 15 2021 01: +0,1623715200
0.322,9,Jun 16 2021 01: +0,1623801600
0.436,3,Jun 17 2021 01: +0,1623888000
0.329,5,Jun 18 2021 01: +0,1623974400
0.349,6,Jun 19 2021 01: +0,1624060800
0.419,3,Jun 20 2021 01: +0,1624147200
0.322,4,Jun 21 2021 01: +0,1624233600
0.347,3,Jun 22 2021 01: +0,1624320000
0.357,3,Jun 23 2021 01: +0,1624406400
0.382,5,Jun 24 2021 01: +0,1624492800
0.307,8,Jun 25 2021 01: +0,1624579200
0.285,5,Jun 26 2021 01: +0,1624665600
0.3,6,Jun 27 2021 01: +0,1624752000
0.379,6,Jun 28 2021 01: +0,1624838400
0.29,9,Jun 29 2021 01: +0,1624924800
0.33,5,Jun 30 2021 01: +0,1625011200
0.299,5,Jul 01 2021 01: +0,1625097600
0.296,7,Jul 02 2021 01: +0,1625184000
0.287,7,Jul 03 2021 01: +0,1625270400
0.298,7,Jul 04 2021 01: +0,1625356800
0.26,5,Jul 05 2021 01: +0,1625443200
0.303,6,Jul 06 2021 01: +0,1625529600
0.348,12,Jul 07 2021 01: +0,1625616000
0.299,11,Jul 08 2021 01: +0,1625702400
0.308,4,Jul 09 2021 01: +0,1625788800
0.326,5,Jul 10 2021 01: +0,1625875200
0.324,6,Jul 11 2021 01: +0,1625961600
0.346,6,Jul 12 2021 01: +0,1626048000
0.33,7,Jul 13 2021 01: +0,1626134400
0.33,6,Jul 14 2021 01: +0,1626220800
0.312,6,Jul 15 2021 01: +0,1626307200
0.327,6,Jul 16 2021 01: +0,1626393600
0.316,6,Jul 17 2021 01: +0,1626480000
0.291,8,Jul 18 2021 01: +0,1626566400
0.418,10,Jul 19 2021 01: +0,1626652800
0.546,9,Jul 20 2021 01: +0,1626739200
0.302,8,Jul 21 2021 01: +0,1626825600
0.264,9,Jul 22 2021 01: +0,1626912000
0.271,7,Jul 23 2021 01: +0,1626998400
0.318,3,Jul 24 2021 01: +0,1627084800
0.5,13,Jul 25 2021 01: +0,1627171200
0.308,6,Jul 26 2021 01: +0,1627257600
0.311,5,Jul 27 2021 01: +0,1627344000
0.283,7,Jul 28 2021 01: +0,1627430400
0.413,9,Jul 29 2021 01: +0,1627516800
0.324,9,Jul 30 2021 01: +0,1627603200
0.306,5,Jul 31 2021 01: +0,1627689600
0.323,1,Aug 01 2021 01: +0,1627776000
0.311,4,Aug 02 2021 01: +0,1627862400
0.283,10,Aug 03 2021 01: +0,1627948800
0.313,4,Aug 04 2021 01: +0,1628035200
0.343,5,Aug 05 2021 01: +0,1628121600
0.315,9,Aug 06 2021 01: +0,1628208000
0.301,10,Aug 07 2021 01: +0,1628294400
0.316,6,Aug 08 2021 01: +0,1628380800
0.323,7,Aug 09 2021 01: +0,1628467200
0.332,3,Aug 10 2021 01: +0,1628553600
0.315,6,Aug 11 2021 01: +0,1628640000
0.314,7,Aug 12 2021 01: +0,1628726400
0.307,5,Aug 13 2021 01: +0,1628812800
0.244,5,Aug 14 2021 01: +0,1628899200
0.402,16,Aug 15 2021 01: +0,1628985600
0.327,4,Aug 16 2021 01: +0,1629072000
0.317,11,Aug 17 2021 01: +0,1629158400
0.337,7,Aug 18 2021 01: +0,1629244800
0.322,4,Aug 19 2021 01: +0,1629331200
0.357,8,Aug 20 2021 01: +0,1629417600
0.37,8,Aug 21 2021 01: +0,1629504000
0.579,9,Aug 22 2021 01: +0,1629590400
0.347,7,Aug 23 2021 01: +0,1629676800
0.342,6,Aug 24 2021 01: +0,1629763200
0.334,10,Aug 25 2021 01: +0,1629849600
0.315,4,Aug 26 2021 01: +0,1629936000
0.895,9,Aug 27 2021 01: +0,1630022400
1.133,8,Aug 28 2021 01: +0,1630108800
0.351,20,Aug 29 2021 01: +0,1630195200
0.346,5,Aug 30 2021 01: +0,1630281600
0.374,8,Aug 31 2021 01: +0,1630368000
0.349,4,Sep 01 2021 01: +0,1630454400
2.22,7,Sep 02 2021 01: +0,1630540800
0.371,6,Sep 03 2021 01: +0,1630627200
0.357,7,Sep 04 2021 01: +0,1630713600
0.348,6,Sep 05 2021 01: +0,1630800000
0.375,10,Sep 06 2021 01: +0,1630886400
0.696,4,Sep 07 2021 01: +0,1630972800
0.414,5,Sep 08 2021 01: +0,1631059200
0.391,1,Sep 09 2021 01: +0,1631145600
0.414,11,Sep 10 2021 01: +0,1631232000
0.34,8,Sep 11 2021 01: +0,1631318400
0.352,5,Sep 12 2021 01: +0,1631404800
0.354,3,Sep 13 2021 01: +0,1631491200
0.307,6,Sep 14 2021 01: +0,1631577600
0.319,6,Sep 15 2021 01: +0,1631664000
0.285,3,Sep 16 2021 01: +0,1631750400
0.3,10,Sep 17 2021 01: +0,1631836800
0.3,9,Sep 18 2021 01: +0,1631923200
0.671,16,Sep 19 2021 01: +0,1632009600
0.929,4,Sep 20 2021 01: +0,1632096000
0.347,7,Sep 21 2021 01: +0,1632182400
0.317,8,Sep 22 2021 01: +0,1632268800
0.366,12,Sep 23 2021 01: +0,1632355200
0.366,8,Sep 24 2021 01: +0,1632441600
0.306,3,Sep 25 2021 01: +0,1632528000
1.466,6,Sep 26 2021 01: +0,1632614400
0.283,10,Sep 27 2021 01: +0,1632700800
0.321,8,Sep 28 2021 01: +0,1632787200
0.318,3,Sep 29 2021 01: +0,1632873600
0.412,7,Sep 30 2021 01: +0,1632960000
0.296,9,Oct 01 2021 01: +0,1633046400
0.312,5,Oct 02 2021 01: +0,1633132800
0.794,3,Oct 03 2021 01: +0,1633219200
0.321,6,Oct 04 2021 01: +0,1633305600
0.284,13,Oct 05 2021 01: +0,1633392000
0.287,8,Oct 06 2021 01: +0,1633478400
0.325,8,Oct 07 2021 01: +0,1633564800
2.628,10,Oct 08 2021 01: +0,1633651200
0.297,9,Oct 09 2021 01: +0,1633737600
0.297,10,Oct 10 2021 01: +0,1633824000
0.294,5,Oct 11 2021 01: +0,1633910400
0.281,4,Oct 12 2021 01: +0,1633996800
0.308,11,Oct 13 2021 01: +0,1634083200
0.294,5,Oct 14 2021 01: +0,1634169600
0.335,3,Oct 15 2021 01: +0,1634256000
0.286,4,Oct 16 2021 01: +0,1634342400
0.288,3,Oct 17 2021 01: +0,1634428800
0.239,6,Oct 18 2021 01: +0,1634515200
0.608,7,Oct 19 2021 01: +0,1634601600
0.301,9,Oct 20 2021 01: +0,1634688000
1.161,8,Oct 21 2021 01: +0,1634774400
0.246,6,Oct 22 2021 01: +0,1634860800
0.238,8,Oct 23 2021 01: +0,1634947200
0.247,6,Oct 24 2021 01: +0,1635033600
0.291,4,Oct 25 2021 01: +0,1635120000
0.29,1,Oct 26 2021 01: +0,1635206400
0.185,3,Oct 27 2021 01: +0,1635292800
0.43,6,Oct 28 2021 01: +0,1635379200
0.287,6,Oct 29 2021 01: +0,1635465600
0.082,1,Oct 30 2021 01: +0,1635552000
0.316,10,Oct 31 2021 01: +0,1635638400
0.348,5,Nov 01 2021 01: +0,1635728400
0.243,6,Nov 02 2021 01: +0,1635814800
0.251,3,Nov 03 2021 01: +0,1635901200
0.389,3,Nov 04 2021 01: +0,1635987600
0.237,4,Nov 05 2021 01: +0,1636074000
0.39,8,Nov 06 2021 01: +0,1636160400
0.34,9,Nov 07 2021 01: +0,1636246800
0.231,6,Nov 08 2021 01: +0,1636333200
0.207,1,Nov 09 2021 01: +0,1636419600
0.211,6,Nov 10 2021 01: +0,1636506000
0.209,3,Nov 11 2021 01: +0,1636592400
0.198,5,Nov 12 2021 01: +0,1636678800
0.226,9,Nov 13 2021 01: +0,1636765200
0.186,2,Nov 14 2021 01: +0,1636851600
0.181,2,Nov 15 2021 01: +0,1636938000
0.184,2,Nov 16 2021 01: +0,1637024400
0.24,6,Nov 17 2021 01: +0,1637110800
0.236,7,Nov 19 2021 01: +0,1637283600
0.201,6,Nov 20 2021 01: +0,1637370000
0.226,8,Nov 21 2021 01: +0,1637456400
0.185,3,Nov 22 2021 01: +0,1637542800
0.221,2,Nov 23 2021 01: +0,1637629200
0.447,10,Nov 24 2021 01: +0,1637715600
0.267,4,Nov 25 2021 01: +0,1637802000
0.217,1,Nov 26 2021 01: +0,1637888400
0.214,4,Nov 27 2021 01: +0,1637974800
0.202,2,Nov 28 2021 01: +0,1638061200
0.235,4,Nov 29 2021 01: +0,1638147600
0.196,5,Nov 30 2021 01: +0,1638234000
0.126,2,Dec 01 2021 01: +0,1638320400
0.186,2,Dec 02 2021 01: +0,1638406800
0.182,6,Dec 03 2021 01: +0,1638493200
0.159,5,Dec 04 2021 01: +0,1638579600
0.175,5,Dec 05 2021 01: +0,1638666000
0.183,5,Dec 06 2021 01: +0,1638752400
0.577,7,Dec 07 2021 01: +0,1638838800
0.181,2,Dec 08 2021 01: +0,1638925200
0.184,5,Dec 09 2021 01: +0,1639011600
0.177,4,Dec 10 2021 01: +0,1639098000
0.192,5,Dec 11 2021 01: +0,1639184400
0.178,1,Dec 12 2021 01: +0,1639270800
0.131,1,Dec 13 2021 01: +0,1639357200
0.199,4,Dec 14 2021 01: +0,1639443600
0.184,3,Dec 15 2021 01: +0,1639530000
0.201,3,Dec 16 2021 01: +0,1639616400
0.203,4,Dec 17 2021 01: +0,1639702800
0.212,3,Dec 18 2021 01: +0,1639789200
0.226,2,Dec 19 2021 01: +0,1639875600
0.19,4,Dec 20 2021 01: +0,1639962000
0.234,1,Dec 21 2021 01: +0,1640048400
0.236,1,Dec 22 2021 01: +0,1640134800
0.228,5,Dec 23 2021 01: +0,1640221200
0.226,2,Dec 24 2021 01: +0,1640307600
0.173,3,Dec 25 2021 01: +0,1640394000
0.585,4,Dec 26 2021 01: +0,1640480400
0.181,6,Dec 27 2021 01: +0,1640566800
0.278,3,Dec 28 2021 01: +0,1640653200
0.249,5,Dec 30 2021 01: +0,1640826000
0.441,5,Dec 31 2021 01: +0,1640912400
0.248,4,Jan 01 2022 01: +0,1640998800
0.375,1,Jan 02 2022 01: +0,1641085200
0.517,7,Jan 04 2022 01: +0,1641258000
0.142,2,Jan 05 2022 01: +0,1641344400
0.208,5,Jan 06 2022 01: +0,1641430800
0.226,6,Jan 07 2022 01: +0,1641517200
0.217,4,Jan 08 2022 01: +0,1641603600
0.233,2,Jan 09 2022 01: +0,1641690000
0.21,4,Jan 10 2022 01: +0,1641776400
0.211,4,Jan 11 2022 01: +0,1641862800
0.241,8,Jan 12 2022 01: +0,1641949200
0.228,3,Jan 13 2022 01: +0,1642035600
0.238,1,Jan 14 2022 01: +0,1642122000
0.221,7,Jan 15 2022 01: +0,1642208400
0.242,9,Jan 16 2022 01: +0,1642294800
0.222,2,Jan 17 2022 01: +0,1642381200
0.233,2,Jan 18 2022 01: +0,1642467600
0.307,2,Jan 19 2022 01: +0,1642554000
0.255,4,Jan 20 2022 01: +0,1642640400
0.2,2,Jan 21 2022 01: +0,1642726800
0.293,5,Jan 22 2022 01: +0,1642813200
0.218,9,Jan 23 2022 01: +0,1642899600
0.188,4,Jan 24 2022 01: +0,1642986000
0.245,5,Jan 25 2022 01: +0,1643072400
0.25,4,Jan 26 2022 01: +0,1643158800
0.243,10,Jan 27 2022 01: +0,1643245200
0.2,2,Jan 28 2022 01: +0,1643331600
0.274,5,Jan 29 2022 01: +0,1643418000
0.216,8,Jan 30 2022 01: +0,1643504400
0.25,8,Jan 31 2022 01: +0,1643590800
0.199,6,Feb 01 2022 01: +0,1643677200
0.26,6,Feb 02 2022 01: +0,1643763600
0.204,6,Feb 03 2022 01: +0,1643850000
0.216,4,Feb 04 2022 01: +0,1643936400
0.26,8,Feb 05 2022 01: +0,1644022800
0.246,6,Feb 06 2022 01: +0,1644109200
0.233,8,Feb 07 2022 01: +0,1644195600
0.293,4,Feb 08 2022 01: +0,1644282000
0.192,9,Feb 09 2022 01: +0,1644368400
0.242,2,Feb 10 2022 01: +0,1644454800
0.233,3,Feb 11 2022 01: +0,1644541200
0.269,5,Feb 12 2022 01: +0,1644627600
0.206,3,Feb 13 2022 01: +0,1644714000
0.22,2,Feb 14 2022 01: +0,1644800400
0.184,5,Feb 15 2022 01: +0,1644886800
0.221,11,Feb 16 2022 01: +0,1644973200
0.203,5,Feb 17 2022 01: +0,1645059600
0.417,8,Feb 18 2022 01: +0,1645146000
0.2,6,Feb 19 2022 01: +0,1645232400
0.223,9,Feb 20 2022 01: +0,1645318800
0.278,4,Feb 21 2022 01: +0,1645405200
0.318,2,Feb 22 2022 01: +0,1645491600
0.204,6,Feb 23 2022 01: +0,1645578000
0.242,6,Feb 24 2022 01: +0,1645664400
0.245,5,Feb 25 2022 01: +0,1645750800
0.241,7,Feb 26 2022 01: +0,1645837200
0.207,7,Feb 27 2022 01: +0,1645923600
0.227,5,Feb 28 2022 01: +0,1646010000
0.282,6,Mar 01 2022 01: +0,1646096400
0.258,3,Mar 02 2022 01: +0,1646182800
0.231,7,Mar 03 2022 01: +0,1646269200
0.209,3,Mar 04 2022 01: +0,1646355600
0.391,10,Mar 05 2022 01: +0,1646442000
0.219,5,Mar 06 2022 01: +0,1646528400
0.212,14,Mar 07 2022 01: +0,1646614800
0.195,3,Mar 08 2022 01: +0,1646701200
0.246,9,Mar 09 2022 01: +0,1646787600
0.197,10,Mar 10 2022 01: +0,1646874000
0.227,4,Mar 11 2022 01: +0,1646960400
0.207,3,Mar 12 2022 01: +0,1647046800
0.237,7,Mar 13 2022 01: +0,1647133200
0.298,4,Mar 14 2022 01: +0,1647219600
0.242,5,Mar 15 2022 01: +0,1647306000
0.203,4,Mar 16 2022 01: +0,1647392400
0.221,6,Mar 17 2022 01: +0,1647478800
0.243,3,Mar 18 2022 01: +0,1647565200
0.29,8,Mar 19 2022 01: +0,1647651600
0.244,2,Mar 20 2022 01: +0,1647738000
0.27,8,Mar 21 2022 01: +0,1647824400
0.278,5,Mar 22 2022 01: +0,1647910800
0.256,7,Mar 23 2022 01: +0,1647997200
0.257,3,Mar 24 2022 01: +0,1648083600
0.233,4,Mar 25 2022 01: +0,1648170000
0.245,3,Mar 26 2022 01: +0,1648256400
0.268,3,Mar 27 2022 01: +0,1648342800
0.34,6,Mar 28 2022 01: +0,1648425600
0.231,4,Mar 29 2022 01: +0,1648512000
0.211,4,Mar 30 2022 01: +0,1648598400
0.314,1,Mar 31 2022 01: +0,1648684800
0.561,9,Apr 01 2022 01: +0,1648771200
0.223,5,Apr 02 2022 01: +0,1648857600
0.192,3,Apr 03 2022 01: +0,1648944000
0.213,8,Apr 04 2022 01: +0,1649030400
0.327,4,Apr 05 2022 01: +0,1649116800
0.255,4,Apr 06 2022 01: +0,1649203200
0.31,4,Apr 07 2022 01: +0,1649289600
0.225,2,Apr 08 2022 01: +0,1649376000
0.259,6,Apr 09 2022 01: +0,1649462400
0.233,3,Apr 10 2022 01: +0,1649548800
0.237,7,Apr 11 2022 01: +0,1649635200
0.238,4,Apr 12 2022 01: +0,1649721600
0.224,4,Apr 13 2022 01: +0,1649808000
0.247,1,Apr 14 2022 01: +0,1649894400
0.246,3,Apr 15 2022 01: +0,1649980800
0.297,8,Apr 16 2022 01: +0,1650067200
0.261,6,Apr 17 2022 01: +0,1650153600
0.274,1,Apr 18 2022 01: +0,1650240000
0.305,10,Apr 19 2022 01: +0,1650326400
11.755,4,Apr 20 2022 01: +0,1650412800
0.297,2,Apr 21 2022 01: +0,1650499200
0.238,5,Apr 22 2022 01: +0,1650585600
0.462,6,Apr 23 2022 01: +0,1650672000
0.242,4,Apr 24 2022 01: +0,1650758400
0.24,1,Apr 25 2022 01: +0,1650844800
1.316,1,Apr 26 2022 01: +0,1650931200
0.229,4,Apr 27 2022 01: +0,1651017600
0.251,9,Apr 28 2022 01: +0,1651104000
0.363,2,Apr 29 2022 01: +0,1651190400
0.409,3,Apr 30 2022 01: +0,1651276800
0.298,4,May 01 2022 01: +0,1651363200
0.328,5,May 02 2022 01: +0,1651449600
0.238,3,May 03 2022 01: +0,1651536000
0.214,2,May 04 2022 01: +0,1651622400
0.26,4,May 05 2022 01: +0,1651708800
0.207,1,May 06 2022 01: +0,1651795200
0.381,2,May 07 2022 01: +0,1651881600
0.268,1,May 08 2022 01: +0,1651968000
0.335,2,May 09 2022 01: +0,1652054400
0.276,3,May 10 2022 01: +0,1652140800
0.349,2,May 11 2022 01: +0,1652227200
0.282,4,May 12 2022 01: +0,1652313600
0.219,3,May 13 2022 01: +0,1652400000
0.269,6,May 14 2022 01: +0,1652486400
0.304,5,May 15 2022 01: +0,1652572800
0.311,2,May 16 2022 01: +0,1652659200
0.228,2,May 17 2022 01: +0,1652745600
0.262,2,May 18 2022 01: +0,1652832000
0.257,3,May 19 2022 01: +0,1652918400
0.533,3,May 20 2022 01: +0,1653004800
0.228,3,May 21 2022 01: +0,1653091200
0.239,3,May 22 2022 01: +0,1653177600
0.229,2,May 23 2022 01: +0,1653264000
0.219,2,May 24 2022 01: +0,1653350400
0.449,2,May 25 2022 01: +0,1653436800
0.249,3,May 26 2022 01: +0,1653523200
0.657,2,May 27 2022 01: +0,1653609600
0.252,2,May 28 2022 01: +0,1653696000
0.238,4,May 29 2022 01: +0,1653782400
0.232,3,May 30 2022 01: +0,1653868800
0.229,4,May 31 2022 01: +0,1653955200
0.238,2,Jun 01 2022 01: +0,1654041600
0.238,4,Jun 02 2022 01: +0,1654128000
0.667,3,Jun 04 2022 01: +0,1654300800
0.263,6,Jun 05 2022 01: +0,1654387200
1.554,2,Jun 06 2022 01: +0,1654473600
0.271,5,Jun 07 2022 01: +0,1654560000
0.233,3,Jun 08 2022 01: +0,1654646400
0.282,4,Jun 09 2022 01: +0,1654732800
0.336,2,Jun 10 2022 01: +0,1654819200
0.269,3,Jun 12 2022 01: +0,1654992000
4.585,2,Jun 13 2022 01: +0,1655078400
0.287,4,Jun 14 2022 01: +0,1655164800
0.197,2,Jun 15 2022 01: +0,1655251200
0.246,3,Jun 16 2022 01: +0,1655337600
0.219,1,Jun 17 2022 01: +0,1655424000
0.265,2,Jun 18 2022 01: +0,1655510400
2.636,5,Jun 19 2022 01: +0,1655596800
0.376,2,Jun 20 2022 01: +0,1655683200
0.512,3,Jun 21 2022 01: +0,1655769600
0.235,2,Jun 22 2022 01: +0,1655856000
0.281,3,Jun 24 2022 01: +0,1656028800
0.421,5,Jun 25 2022 01: +0,1656115200
0.317,4,Jun 26 2022 01: +0,1656201600
0.271,1,Jun 27 2022 01: +0,1656288000
0.302,2,Jun 28 2022 01: +0,1656374400
0.329,8,Jun 29 2022 01: +0,1656460800
0.261,7,Jun 30 2022 01: +0,1656547200
0.318,3,Jul 01 2022 01: +0,1656633600
0.235,4,Jul 02 2022 01: +0,1656720000
0.204,1,Jul 03 2022 01: +0,1656806400
0.472,1,Jul 04 2022 01: +0,1656892800
0.231,3,Jul 05 2022 01: +0,1656979200
0.2,3,Jul 06 2022 01: +0,1657065600
0.197,4,Jul 07 2022 01: +0,1657152000
0.221,4,Jul 08 2022 01: +0,1657238400
0.638,5,Jul 09 2022 01: +0,1657324800
0.173,3,Jul 10 2022 01: +0,1657411200
0.179,2,Jul 11 2022 01: +0,1657497600
0.223,6,Jul 12 2022 01: +0,1657584000
0.37,4,Jul 13 2022 01: +0,1657670400
0.205,2,Jul 14 2022 01: +0,1657756800
0.694,3,Jul 15 2022 01: +0,1657843200
0.258,3,Jul 16 2022 01: +0,1657929600
0.408,1,Jul 17 2022 01: +0,1658016000
0.205,5,Jul 18 2022 01: +0,1658102400
1.233,1,Jul 19 2022 01: +0,1658188800
0.191,2,Jul 20 2022 01: +0,1658275200
0.195,3,Jul 21 2022 01: +0,1658361600
0.239,5,Jul 22 2022 01: +0,1658448000
0.182,3,Jul 23 2022 01: +0,1658534400
0.226,5,Jul 24 2022 01: +0,1658620800
0.21,5,Jul 25 2022 01: +0,1658707200
0.191,4,Jul 26 2022 01: +0,1658793600
0.235,2,Jul 27 2022 01: +0,1658880000
0.406,5,Jul 28 2022 01: +0,1658966400
0.203,3,Jul 29 2022 01: +0,1659052800
0.187,1,Jul 30 2022 01: +0,1659139200
0.206,2,Jul 31 2022 01: +0,1659225600
0.352,3,Aug 01 2022 01: +0,1659312000
0.397,2,Aug 02 2022 01: +0,1659398400
0.177,2,Aug 03 2022 01: +0,1659484800
0.864,4,Aug 04 2022 01: +0,1659571200
0.241,7,Aug 06 2022 01: +0,1659744000
0.966,3,Aug 07 2022 01: +0,1659830400
0.219,1,Aug 08 2022 01: +0,1659916800
0.224,5,Aug 10 2022 01: +0,1660089600
1.582,2,Aug 11 2022 01: +0,1660176000
0.124,1,Aug 12 2022 01: +0,1660262400
0.213,2,Aug 13 2022 01: +0,1660348800
0.185,3,Aug 14 2022 01: +0,1660435200
0.172,5,Aug 15 2022 01: +0,1660521600
0.191,6,Aug 16 2022 01: +0,1660608000
0.189,5,Aug 17 2022 01: +0,1660694400
0.22,6,Aug 18 2022 01: +0,1660780800
0.276,3,Aug 19 2022 01: +0,1660867200
1.41,3,Aug 20 2022 01: +0,1660953600
0.218,5,Aug 21 2022 01: +0,1661040000
0.178,3,Aug 22 2022 01: +0,1661126400
1.07,3,Aug 23 2022 01: +0,1661212800
0.232,3,Aug 24 2022 01: +0,1661299200
0.235,2,Aug 25 2022 01: +0,1661385600
1.977,5,Aug 26 2022 01: +0,1661472000
0.551,4,Aug 27 2022 01: +0,1661558400
0.207,5,Aug 28 2022 01: +0,1661644800
0.216,5,Aug 29 2022 01: +0,1661731200
0.185,5,Aug 30 2022 01: +0,1661817600
0.572,4,Aug 31 2022 01: +0,1661904000
0.183,2,Sep 01 2022 01: +0,1661990400
0.176,3,Sep 02 2022 01: +0,1662076800
0.236,7,Sep 03 2022 01: +0,1662163200
0.202,7,Sep 04 2022 01: +0,1662249600
0.221,3,Sep 05 2022 01: +0,1662336000
0.221,4,Sep 06 2022 01: +0,1662422400
0.479,2,Sep 07 2022 01: +0,1662508800
0.3,4,Sep 08 2022 01: +0,1662595200
0.199,5,Sep 09 2022 01: +0,1662681600
0.309,4,Sep 10 2022 01: +0,1662768000
0.273,4,Sep 11 2022 01: +0,1662854400
0.234,3,Sep 12 2022 01: +0,1662940800
0.387,8,Sep 13 2022 01: +0,1663027200
0.441,2,Sep 14 2022 01: +0,1663113600
0.288,3,Sep 15 2022 01: +0,1663200000
0.409,4,Sep 16 2022 01: +0,1663286400
0.386,1,Sep 17 2022 01: +0,1663372800
0.212,3,Sep 18 2022 01: +0,1663459200
0.23,5,Sep 19 2022 01: +0,1663545600
0.215,1,Sep 20 2022 01: +0,1663632000
0.263,3,Sep 21 2022 01: +0,1663718400
0.328,2,Sep 22 2022 01: +0,1663804800
0.308,4,Sep 23 2022 01: +0,1663891200
0.238,6,Sep 24 2022 01: +0,1663977600
3.617,3,Sep 25 2022 01: +0,1664064000
0.21,1,Sep 28 2022 01: +0,1664323200
0.222,4,Sep 29 2022 01: +0,1664409600
0.242,4,Sep 30 2022 01: +0,1664496000
0.211,2,Oct 01 2022 01: +0,1664582400
0.187,6,Oct 02 2022 01: +0,1664668800
0.218,7,Oct 03 2022 01: +0,1664755200
0.245,4,Oct 04 2022 01: +0,1664841600
2.59,4,Oct 05 2022 01: +0,1664928000
0.259,2,Oct 06 2022 01: +0,1665014400
0.357,6,Oct 07 2022 01: +0,1665100800
0.274,5,Oct 08 2022 01: +0,1665187200
0.188,2,Oct 09 2022 01: +0,1665273600
0.278,1,Oct 10 2022 01: +0,1665360000
0.264,2,Oct 11 2022 01: +0,1665446400
0.361,2,Oct 12 2022 01: +0,1665532800
0.308,2,Oct 13 2022 01: +0,1665619200
0.237,1,Oct 14 2022 01: +0,1665705600
5.9,6,Oct 15 2022 01: +0,1665792000
0.231,4,Oct 16 2022 01: +0,1665878400
0.209,5,Oct 17 2022 01: +0,1665964800
0.309,1,Oct 18 2022 01: +0,1666051200
0.231,5,Oct 19 2022 01: +0,1666137600
0.19,3,Oct 20 2022 01: +0,1666224000
0.227,1,Oct 21 2022 01: +0,1666310400
0.221,4,Oct 22 2022 01: +0,1666396800
10.286,4,Oct 23 2022 01: +0,1666483200
0.261,5,Oct 24 2022 01: +0,1666569600
0.235,4,Oct 25 2022 01: +0,1666656000
0.259,4,Oct 26 2022 01: +0,1666742400
0.257,2,Oct 27 2022 01: +0,1666828800
0.148,1,Oct 28 2022 01: +0,1666915200
0.268,1,Oct 29 2022 01: +0,1667001600
0.266,4,Oct 30 2022 01: +0,1667088000
0.278,4,Oct 31 2022 01: +0,1667178000
0.279,2,Nov 01 2022 01: +0,1667264400
0.321,1,Nov 02 2022 01: +0,1667350800
0.41,1,Nov 03 2022 01: +0,1667437200
0.259,6,Nov 04 2022 01: +0,1667523600
0.656,2,Nov 05 2022 01: +0,1667610000
0.386,6,Nov 06 2022 01: +0,1667696400
0.334,2,Nov 07 2022 01: +0,1667782800
0.318,3,Nov 08 2022 01: +0,1667869200
8.259,3,Nov 09 2022 01: +0,1667955600
0.333,3,Nov 10 2022 01: +0,1668042000
0.37,6,Nov 11 2022 01: +0,1668128400
0.26,5,Nov 12 2022 01: +0,1668214800
0.303,2,Nov 13 2022 01: +0,1668301200
0.294,2,Nov 14 2022 01: +0,1668387600
0.17,2,Nov 15 2022 01: +0,1668474000
0.234,2,Nov 16 2022 01: +0,1668560400
0.302,1,Nov 17 2022 01: +0,1668646800
0.509,1,Nov 18 2022 01: +0,1668733200
0.239,3,Nov 19 2022 01: +0,1668819600
0.243,3,Nov 21 2022 01: +0,1668992400
0.273,1,Nov 22 2022 01: +0,1669078800
0.244,5,Nov 23 2022 01: +0,1669165200
12.399,1,Nov 24 2022 01: +0,1669251600
0.44,3,Nov 25 2022 01: +0,1669338000
0.207,2,Nov 26 2022 01: +0,1669424400
0.174,1,Nov 27 2022 01: +0,1669510800
0.201,3,Nov 28 2022 01: +0,1669597200
0.244,6,Nov 29 2022 01: +0,1669683600
0.344,5,Nov 30 2022 01: +0,1669770000
0.19,3,Dec 01 2022 01: +0,1669856400
0.244,2,Dec 02 2022 01: +0,1669942800
0.22,3,Dec 03 2022 01: +0,1670029200
0.308,2,Dec 04 2022 01: +0,1670115600
0.243,9,Dec 05 2022 01: +0,1670202000
0.344,3,Dec 06 2022 01: +0,1670288400
0.239,4,Dec 07 2022 01: +0,1670374800
0.701,2,Dec 09 2022 01: +0,1670547600
0.2,6,Dec 10 2022 01: +0,1670634000
0.199,4,Dec 11 2022 01: +0,1670720400
0.229,4,Dec 12 2022 01: +0,1670806800
0.243,4,Dec 13 2022 01: +0,1670893200
0.192,4,Dec 14 2022 01: +0,1670979600
0.208,11,Dec 15 2022 01: +0,1671066000
0.23,6,Dec 16 2022 01: +0,1671152400
0.287,6,Dec 17 2022 01: +0,1671238800
0.449,3,Dec 18 2022 01: +0,1671325200
0.196,6,Dec 19 2022 01: +0,1671411600
1.779,4,Dec 20 2022 01: +0,1671498000
0.295,2,Dec 21 2022 01: +0,1671584400
0.256,9,Dec 22 2022 01: +0,1671670800
0.308,6,Dec 23 2022 01: +0,1671757200
0.322,4,Dec 24 2022 01: +0,1671843600
0.205,2,Dec 25 2022 01: +0,1671930000
0.23,6,Dec 26 2022 01: +0,1672016400
0.505,5,Dec 27 2022 01: +0,1672102800
0.476,2,Dec 28 2022 01: +0,1672189200
0.429,1,Dec 29 2022 01: +0,1672275600
0.18,2,Dec 30 2022 01: +0,1672362000
0.234,3,Dec 31 2022 01: +0,1672448400
0.256,1,Jan 01 2023 01: +0,1672534800
0.209,3,Jan 02 2023 01: +0,1672621200
0.31,5,Jan 03 2023 01: +0,1672707600
0.174,1,Jan 04 2023 01: +0,1672794000
0.202,3,Jan 05 2023 01: +0,1672880400
94.764,10,Jan 06 2023 01: +0,1672966800
0.539,5,Jan 07 2023 01: +0,1673053200
0.397,7,Jan 08 2023 01: +0,1673139600
0.334,2,Jan 09 2023 01: +0,1673226000
0.334,2,Jan 10 2023 01: +0,1673312400
0.221,2,Jan 11 2023 01: +0,1673398800
0.248,1,Jan 12 2023 01: +0,1673485200
0.241,7,Jan 13 2023 01: +0,1673571600
0.25,9,Jan 14 2023 01: +0,1673658000
0.266,3,Jan 15 2023 01: +0,1673744400
0.265,13,Jan 16 2023 01: +0,1673830800
0.389,3,Jan 17 2023 01: +0,1673917200
0.331,2,Jan 19 2023 01: +0,1674090000
0.29,6,Jan 20 2023 01: +0,1674176400
0.328,5,Jan 21 2023 01: +0,1674262800
0.344,5,Jan 22 2023 01: +0,1674349200
0.305,1,Jan 23 2023 01: +0,1674435600
0.318,6,Jan 24 2023 01: +0,1674522000
0.283,2,Jan 25 2023 01: +0,1674608400
0.469,7,Jan 26 2023 01: +0,1674694800
0.274,5,Jan 27 2023 01: +0,1674781200
0.265,2,Jan 28 2023 01: +0,1674867600
0.358,1,Jan 29 2023 01: +0,1674954000
0.662,3,Jan 30 2023 01: +0,1675040400
0.343,1,Jan 31 2023 01: +0,1675126800
0.274,2,Feb 01 2023 01: +0,1675213200
0.288,4,Feb 02 2023 01: +0,1675299600
0.301,4,Feb 03 2023 01: +0,1675386000
0.264,3,Feb 04 2023 01: +0,1675472400
0.428,4,Feb 05 2023 01: +0,1675558800
0.264,5,Feb 07 2023 01: +0,1675731600
0.306,7,Feb 08 2023 01: +0,1675818000
0.24,4,Feb 09 2023 01: +0,1675904400
0.282,5,Feb 10 2023 01: +0,1675990800
0.224,7,Feb 11 2023 01: +0,1676077200
0.369,7,Feb 12 2023 01: +0,1676163600
0.2,6,Feb 13 2023 01: +0,1676250000
0.226,2,Feb 14 2023 01: +0,1676336400
0.352,2,Feb 14 2023 22: +0,1676412000
0.255,1,Feb 15 2023 06: +0,1676440800
0.382,1,Feb 15 2023 15: +0,1676473200
0.311,1,Feb 15 2023 19: +0,1676487600
0.306,2,Feb 15 2023 20: +0,1676491200
0.309,1,Feb 16 2023 23: +0,1676588400
0.245,2,Feb 17 2023 11: +0,1676631600
0.29,1,Feb 17 2023 16: +0,1676649600
0.217,1,Feb 17 2023 17: +0,1676653200
0.253,1,Feb 18 2023 00: +0,1676678400
0.343,1,Feb 18 2023 06: +0,1676700000
0.22,1,Feb 18 2023 10: +0,1676714400
0.181,1,Feb 18 2023 11: +0,1676718000
0.22,1,Feb 18 2023 12: +0,1676721600
0.254,2,Feb 18 2023 18: +0,1676743200
0.263,1,Feb 18 2023 20: +0,1676750400
0.263,1,Feb 19 2023 08: +0,1676793600
0.219,4,Feb 19 2023 10: +0,1676800800
0.256,1,Feb 19 2023 13: +0,1676811600
0.405,2,Feb 19 2023 16: +0,1676822400
0.22,1,Feb 19 2023 19: +0,1676833200
0.233,1,Feb 20 2023 08: +0,1676880000
0.222,1,Feb 20 2023 17: +0,1676912400
0.255,1,Feb 20 2023 21: +0,1676926800
0.154,1,Feb 21 2023 11: +0,1676977200
0.23,1,Feb 21 2023 13: +0,1676984400
0.211,1,Feb 21 2023 18: +0,1677002400
0.204,1,Feb 22 2023 05: +0,1677042000
0.278,1,Feb 22 2023 19: +0,1677092400
0.189,1,Feb 22 2023 20: +0,1677096000
0.221,1,Feb 23 2023 04: +0,1677124800
0.207,1,Feb 23 2023 16: +0,1677168000
0.232,1,Feb 23 2023 23: +0,1677193200
0.276,1,Feb 24 2023 13: +0,1677243600
0.239,1,Feb 24 2023 22: +0,1677276000
0.241,1,Feb 25 2023 02: +0,1677290400
0.174,1,Feb 25 2023 09: +0,1677315600
0.435,1,Feb 25 2023 18: +0,1677348000
0.219,1,Feb 26 2023 06: +0,1677391200
0.221,1,Feb 26 2023 11: +0,1677409200
0.217,1,Feb 26 2023 16: +0,1677427200
0.174,1,Feb 26 2023 17: +0,1677430800
0.207,1,Feb 26 2023 18: +0,1677434400
0.332,1,Feb 26 2023 23: +0,1677452400
0.244,1,Feb 27 2023 08: +0,1677484800
0.207,1,Feb 27 2023 16: +0,1677513600
0.222,2,Feb 27 2023 19: +0,1677524400
0.304,1,Feb 27 2023 21: +0,1677531600
0.205,1,Feb 27 2023 22: +0,1677535200
0.252,1,Feb 28 2023 08: +0,1677571200
0.262,1,Feb 28 2023 12: +0,1677585600
0.245,1,Feb 28 2023 19: +0,1677610800
0.167,1,Mar 01 2023 16: +0,1677686400
0.19,1,Mar 01 2023 19: +0,1677697200
0.253,1,Mar 02 2023 02: +0,1677722400
0.207,1,Mar 02 2023 13: +0,1677762000
0.3,1,Mar 02 2023 20: +0,1677787200
0.192,1,Mar 03 2023 01: +0,1677805200
0.304,1,Mar 03 2023 02: +0,1677808800
0.262,2,Mar 03 2023 03: +0,1677812400
0.252,1,Mar 03 2023 13: +0,1677848400
0.201,1,Mar 04 2023 15: +0,1677942000
0.266,1,Mar 04 2023 22: +0,1677967200
0.263,2,Mar 04 2023 23: +0,1677970800
0.212,1,Mar 05 2023 00: +0,1677974400
0.298,1,Mar 05 2023 01: +0,1677978000
0.297,1,Mar 05 2023 02: +0,1677981600
0.213,1,Mar 05 2023 03: +0,1677985200
0.265,1,Mar 05 2023 09: +0,1678006800
0.242,1,Mar 05 2023 10: +0,1678010400
0.591,2,Mar 05 2023 11: +0,1678014000
0.271,1,Mar 05 2023 13: +0,1678021200
0.378,2,Mar 05 2023 19: +0,1678042800
0.271,1,Mar 05 2023 23: +0,1678057200
1.051,2,Mar 06 2023 02: +0,1678068000
0.261,1,Mar 06 2023 04: +0,1678075200
0.213,1,Mar 06 2023 07: +0,1678086000
0.284,1,Mar 06 2023 08: +0,1678089600
0.244,1,Mar 06 2023 19: +0,1678129200
0.325,1,Mar 06 2023 20: +0,1678132800
0.274,1,Mar 06 2023 22: +0,1678140000
0.22,1,Mar 07 2023 09: +0,1678179600
0.265,1,Mar 07 2023 11: +0,1678186800
0.22,1,Mar 07 2023 12: +0,1678190400
0.238,1,Mar 07 2023 14: +0,1678197600
0.262,1,Mar 07 2023 16: +0,1678204800
0.22,1,Mar 07 2023 23: +0,1678230000
0.22,1,Mar 08 2023 02: +0,1678240800
0.268,2,Mar 08 2023 07: +0,1678258800
0.182,1,Mar 08 2023 12: +0,1678276800
0.227,3,Mar 08 2023 14: +0,1678284000
0.262,1,Mar 08 2023 21: +0,1678309200
0.174,1,Mar 08 2023 22: +0,1678312800
0.24,1,Mar 09 2023 00: +0,1678320000
0.281,2,Mar 09 2023 01: +0,1678323600
0.238,1,Mar 09 2023 06: +0,1678341600
0.241,1,Mar 09 2023 09: +0,1678352400
0.288,2,Mar 10 2023 02: +0,1678413600
0.28,1,Mar 10 2023 07: +0,1678431600
0.218,1,Mar 10 2023 10: +0,1678442400
2.788,1,Mar 10 2023 13: +0,1678453200
0.222,2,Mar 10 2023 20: +0,1678478400
0.25,2,Mar 11 2023 03: +0,1678503600
0.22,1,Mar 11 2023 05: +0,1678510800
0.217,1,Mar 11 2023 12: +0,1678536000
0.229,1,Mar 11 2023 19: +0,1678561200
0.193,1,Mar 11 2023 20: +0,1678564800
0.247,1,Mar 11 2023 23: +0,1678575600
0.256,1,Mar 12 2023 00: +0,1678579200
0.188,1,Mar 12 2023 01: +0,1678582800
0.557,1,Mar 12 2023 03: +0,1678590000
0.25,1,Mar 12 2023 11: +0,1678618800
0.258,1,Mar 12 2023 12: +0,1678622400
0.264,1,Mar 12 2023 16: +0,1678636800
0.332,1,Mar 12 2023 17: +0,1678640400
0.253,1,Mar 12 2023 20: +0,1678651200
0.199,1,Mar 12 2023 23: +0,1678662000
0.477,1,Mar 13 2023 00: +0,1678665600
0.261,1,Mar 13 2023 09: +0,1678698000
0.207,1,Mar 13 2023 10: +0,1678701600
0.199,1,Mar 13 2023 18: +0,1678730400
0.263,1,Mar 13 2023 20: +0,1678737600
0.261,1,Mar 13 2023 21: +0,1678741200
0.24,2,Mar 14 2023 04: +0,1678766400
0.487,1,Mar 14 2023 10: +0,1678788000
0.385,1,Mar 14 2023 16: +0,1678809600
0.21,1,Mar 15 2023 08: +0,1678867200
0.249,1,Mar 15 2023 12: +0,1678881600
0.249,1,Mar 15 2023 17: +0,1678899600
0.245,1,Mar 15 2023 23: +0,1678921200
0.208,1,Mar 16 2023 07: +0,1678950000
0.166,1,Mar 16 2023 08: +0,1678953600
0.236,1,Mar 16 2023 14: +0,1678975200
0.264,2,Mar 16 2023 15: +0,1678978800
0.628,1,Mar 16 2023 21: +0,1679000400
0.272,1,Mar 17 2023 00: +0,1679011200
0.174,1,Mar 17 2023 01: +0,1679014800
0.421,1,Mar 17 2023 02: +0,1679018400
0.202,1,Mar 17 2023 09: +0,1679043600
0.252,1,Mar 17 2023 10: +0,1679047200
0.211,1,Mar 17 2023 15: +0,1679065200
0.25,1,Mar 17 2023 18: +0,1679076000
0.243,1,Mar 17 2023 22: +0,1679090400
0.233,1,Mar 18 2023 02: +0,1679104800
0.384,2,Mar 18 2023 11: +0,1679137200
2.677,1,Mar 18 2023 13: +0,1679144400
0.227,2,Mar 18 2023 20: +0,1679169600
0.191,1,Mar 18 2023 21: +0,1679173200
0.239,1,Mar 18 2023 22: +0,1679176800
0.367,2,Mar 18 2023 23: +0,1679180400
0.199,1,Mar 19 2023 00: +0,1679184000
0.254,1,Mar 19 2023 04: +0,1679198400
0.243,1,Mar 19 2023 07: +0,1679209200
0.269,1,Mar 19 2023 12: +0,1679227200
0.223,2,Mar 19 2023 16: +0,1679241600
0.219,1,Mar 19 2023 19: +0,1679252400
0.204,1,Mar 19 2023 22: +0,1679263200
0.247,1,Mar 19 2023 23: +0,1679266800
0.159,1,Mar 20 2023 09: +0,1679302800
0.204,1,Mar 20 2023 11: +0,1679310000
0.204,1,Mar 20 2023 12: +0,1679313600
0.204,1,Mar 20 2023 13: +0,1679317200
0.243,1,Mar 20 2023 14: +0,1679320800
0.243,1,Mar 20 2023 15: +0,1679324400
0.269,1,Mar 20 2023 17: +0,1679331600
0.199,2,Mar 21 2023 01: +0,1679360400
0.201,1,Mar 21 2023 09: +0,1679389200
0.244,1,Mar 21 2023 10: +0,1679392800
0.171,1,Mar 21 2023 12: +0,1679400000
0.197,2,Mar 21 2023 21: +0,1679432400
0.231,1,Mar 21 2023 22: +0,1679436000
0.209,1,Mar 21 2023 23: +0,1679439600
0.188,1,Mar 22 2023 04: +0,1679457600
0.202,1,Mar 22 2023 05: +0,1679461200
0.201,1,Mar 22 2023 11: +0,1679482800
41.266,1,Mar 22 2023 14: +0,1679493600
0.254,1,Mar 22 2023 18: +0,1679508000
0.218,2,Mar 22 2023 19: +0,1679511600
0.199,1,Mar 23 2023 10: +0,1679565600
0.202,1,Mar 23 2023 11: +0,1679569200
0.211,1,Mar 23 2023 15: +0,1679583600
0.423,1,Mar 23 2023 18: +0,1679594400
0.229,1,Mar 23 2023 19: +0,1679598000
0.254,2,Mar 24 2023 02: +0,1679623200
0.206,2,Mar 24 2023 07: +0,1679641200
0.428,2,Mar 24 2023 12: +0,1679659200
0.233,1,Mar 24 2023 15: +0,1679670000
0.818,1,Mar 25 2023 01: +0,1679706000
0.249,2,Mar 25 2023 02: +0,1679709600
0.255,1,Mar 25 2023 04: +0,1679716800
0.32,1,Mar 25 2023 10: +0,1679738400
0.254,1,Mar 25 2023 16: +0,1679760000
1.012,1,Mar 26 2023 00: +0,1679788800
0.202,1,Mar 26 2023 05: +0,1679803200
0.419,2,Mar 26 2023 08: +0,1679814000
0.246,1,Mar 26 2023 12: +0,1679828400
0.253,1,Mar 26 2023 13: +0,1679832000
0.196,1,Mar 26 2023 16: +0,1679842800
0.197,1,Mar 26 2023 17: +0,1679846400
0.623,1,Mar 26 2023 18: +0,1679850000
0.209,1,Mar 26 2023 19: +0,1679853600
0.176,1,Mar 26 2023 22: +0,1679864400
0.211,1,Mar 26 2023 23: +0,1679868000
0.202,1,Mar 27 2023 06: +0,1679893200
0.158,1,Mar 27 2023 12: +0,1679914800
0.22,1,Mar 27 2023 14: +0,1679922000
0.169,1,Mar 27 2023 16: +0,1679929200
0.232,1,Mar 27 2023 17: +0,1679932800
0.26,2,Mar 27 2023 18: +0,1679936400
0.223,1,Mar 28 2023 09: +0,1679990400
0.225,1,Mar 28 2023 11: +0,1679997600
0.243,1,Mar 28 2023 12: +0,1680001200
0.304,1,Mar 28 2023 15: +0,1680012000
0.311,2,Mar 28 2023 16: +0,1680015600
7.08,2,Mar 28 2023 22: +0,1680037200
0.206,2,Mar 29 2023 16: +0,1680102000
0.26,1,Mar 29 2023 18: +0,1680109200
0.274,1,Mar 29 2023 23: +0,1680127200
0.307,1,Mar 30 2023 03: +0,1680141600
0.26,1,Mar 30 2023 09: +0,1680163200
0.259,1,Mar 31 2023 05: +0,1680235200
0.256,1,Mar 31 2023 09: +0,1680249600
0.261,1,Mar 31 2023 13: +0,1680264000
0.405,1,Mar 31 2023 19: +0,1680285600
0.232,1,Mar 31 2023 22: +0,1680296400
0.442,1,Mar 31 2023 23: +0,1680300000
0.36,1,Apr 01 2023 10: +0,1680339600
0.299,1,Apr 01 2023 19: +0,1680372000
0.297,1,Apr 01 2023 22: +0,1680382800
0.273,1,Apr 01 2023 23: +0,1680386400
0.372,6,Apr 02 2023 03: +0,1680400800
1.375,1,Apr 02 2023 05: +0,1680408000
0.342,2,Apr 02 2023 07: +0,1680415200
0.341,1,Apr 02 2023 10: +0,1680426000
0.343,1,Apr 02 2023 17: +0,1680451200
0.287,1,Apr 02 2023 18: +0,1680454800
0.34,1,Apr 02 2023 20: +0,1680462000
0.334,3,Apr 02 2023 22: +0,1680469200
0.334,1,Apr 02 2023 23: +0,1680472800
0.331,1,Apr 03 2023 01: +0,1680480000
1.206,2,Apr 03 2023 03: +0,1680487200
0.226,1,Apr 03 2023 04: +0,1680490800
0.323,1,Apr 03 2023 07: +0,1680501600
0.289,1,Apr 03 2023 10: +0,1680512400
0.253,1,Apr 03 2023 13: +0,1680523200
1.547,1,Apr 03 2023 14: +0,1680526800
0.311,1,Apr 03 2023 17: +0,1680537600
0.309,1,Apr 03 2023 19: +0,1680544800
0.309,1,Apr 03 2023 20: +0,1680548400
0.309,1,Apr 03 2023 22: +0,1680555600
0.503,1,Apr 03 2023 23: +0,1680559200
0.339,1,Apr 04 2023 06: +0,1680584400
0.497,1,Apr 04 2023 10: +0,1680598800
0.258,2,Apr 04 2023 13: +0,1680609600
0.245,1,Apr 04 2023 17: +0,1680624000
0.264,1,Apr 04 2023 19: +0,1680631200
0.305,1,Apr 05 2023 01: +0,1680652800
0.495,1,Apr 05 2023 04: +0,1680663600
1.556,1,Apr 05 2023 09: +0,1680681600
0.249,3,Apr 05 2023 11: +0,1680688800
0.325,1,Apr 05 2023 21: +0,1680724800
0.16,1,Apr 05 2023 22: +0,1680728400
0.212,1,Apr 06 2023 21: +0,1680811200
0.298,1,Apr 06 2023 23: +0,1680818400
0.25,1,Apr 07 2023 10: +0,1680858000
0.338,1,Apr 07 2023 11: +0,1680861600
0.287,3,Apr 07 2023 19: +0,1680890400
0.309,1,Apr 07 2023 20: +0,1680894000
0.25,1,Apr 07 2023 21: +0,1680897600
0.272,1,Apr 08 2023 01: +0,1680912000
0.272,1,Apr 08 2023 08: +0,1680937200
0.272,1,Apr 08 2023 13: +0,1680955200
0.413,2,Apr 08 2023 22: +0,1680987600
0.315,1,Apr 09 2023 00: +0,1680994800
0.259,1,Apr 09 2023 02: +0,1681002000
0.309,1,Apr 09 2023 08: +0,1681023600
0.255,1,Apr 09 2023 10: +0,1681030800
0.216,1,Apr 09 2023 18: +0,1681059600
0.293,1,Apr 09 2023 19: +0,1681063200
0.25,1,Apr 09 2023 20: +0,1681066800
0.313,1,Apr 09 2023 21: +0,1681070400
1.463,1,Apr 09 2023 23: +0,1681077600
0.369,1,Apr 10 2023 00: +0,1681081200
0.27,1,Apr 10 2023 06: +0,1681102800
0.259,1,Apr 10 2023 19: +0,1681149600
0.243,1,Apr 10 2023 21: +0,1681156800
0.23,1,Apr 10 2023 23: +0,1681164000
0.227,1,Apr 11 2023 11: +0,1681207200
0.267,1,Apr 11 2023 13: +0,1681214400
0.245,1,Apr 11 2023 14: +0,1681218000
0.679,1,Apr 11 2023 18: +0,1681232400
0.271,1,Apr 11 2023 23: +0,1681250400
0.225,1,Apr 12 2023 05: +0,1681272000
0.26,1,Apr 12 2023 12: +0,1681297200
0.262,1,Apr 12 2023 16: +0,1681311600
0.249,1,Apr 12 2023 20: +0,1681326000
0.273,1,Apr 12 2023 23: +0,1681336800
0.275,1,Apr 13 2023 02: +0,1681347600
0.241,1,Apr 13 2023 07: +0,1681365600
0.291,1,Apr 13 2023 11: +0,1681380000
0.314,1,Apr 13 2023 17: +0,1681401600
0.308,1,Apr 13 2023 20: +0,1681412400
0.31,1,Apr 13 2023 22: +0,1681419600
0.305,1,Apr 13 2023 23: +0,1681423200
0.293,1,Apr 14 2023 09: +0,1681459200
0.25,2,Apr 14 2023 19: +0,1681495200
0.295,1,Apr 14 2023 22: +0,1681506000
0.295,1,Apr 15 2023 00: +0,1681513200
0.955,1,Apr 15 2023 02: +0,1681520400
0.295,1,Apr 15 2023 04: +0,1681527600
0.241,1,Apr 15 2023 07: +0,1681538400
0.242,2,Apr 15 2023 12: +0,1681556400
0.273,1,Apr 15 2023 21: +0,1681588800
0.241,1,Apr 15 2023 23: +0,1681596000
0.241,1,Apr 16 2023 03: +0,1681610400
0.295,1,Apr 16 2023 06: +0,1681621200
0.31,1,Apr 16 2023 13: +0,1681646400
0.335,1,Apr 16 2023 20: +0,1681671600
0.324,1,Apr 16 2023 21: +0,1681675200
0.249,1,Apr 16 2023 22: +0,1681678800
0.318,1,Apr 16 2023 23: +0,1681682400
0.271,2,Apr 17 2023 02: +0,1681693200
0.273,1,Apr 17 2023 03: +0,1681696800
0.313,1,Apr 17 2023 05: +0,1681704000
0.324,1,Apr 17 2023 21: +0,1681761600
0.3,1,Apr 17 2023 23: +0,1681768800
0.319,2,Apr 18 2023 01: +0,1681776000
2.543,1,Apr 18 2023 02: +0,1681779600
0.314,1,Apr 18 2023 03: +0,1681783200
1.604,1,Apr 18 2023 06: +0,1681794000
1.014,1,Apr 18 2023 09: +0,1681804800
0.317,1,Apr 18 2023 17: +0,1681833600
0.324,1,Apr 18 2023 18: +0,1681837200
0.323,1,Apr 18 2023 22: +0,1681851600
0.326,1,Apr 19 2023 02: +0,1681866000
0.492,1,Apr 19 2023 03: +0,1681869600
0.315,1,Apr 19 2023 15: +0,1681912800
1.777,1,Apr 19 2023 17: +0,1681920000
0.48,1,Apr 19 2023 20: +0,1681930800
0.287,2,Apr 20 2023 08: +0,1681974000
0.301,2,Apr 20 2023 09: +0,1681977600
0.196,1,Apr 20 2023 12: +0,1681988400
0.261,1,Apr 20 2023 13: +0,1681992000
0.256,1,Apr 20 2023 14: +0,1681995600
0.322,1,Apr 20 2023 22: +0,1682024400
0.582,1,Apr 21 2023 05: +0,1682049600
0.45,1,Apr 21 2023 08: +0,1682060400
0.314,1,Apr 21 2023 13: +0,1682078400
0.268,1,Apr 21 2023 20: +0,1682103600
0.319,1,Apr 21 2023 21: +0,1682107200
0.252,1,Apr 21 2023 23: +0,1682114400
0.303,2,Apr 22 2023 08: +0,1682146800
0.325,1,Apr 22 2023 10: +0,1682154000
0.295,1,Apr 22 2023 20: +0,1682190000
0.302,2,Apr 22 2023 23: +0,1682200800
0.325,1,Apr 23 2023 10: +0,1682240400
0.295,1,Apr 23 2023 12: +0,1682247600
0.236,1,Apr 23 2023 16: +0,1682262000
0.365,2,Apr 23 2023 17: +0,1682265600
2.382,1,Apr 23 2023 20: +0,1682276400
0.325,1,Apr 24 2023 05: +0,1682308800
0.327,1,Apr 24 2023 14: +0,1682341200
0.294,2,Apr 24 2023 15: +0,1682344800
0.257,1,Apr 24 2023 16: +0,1682348400
0.483,1,Apr 24 2023 17: +0,1682352000
0.448,1,Apr 25 2023 01: +0,1682380800
0.289,2,Apr 25 2023 05: +0,1682395200
0.35,1,Apr 25 2023 10: +0,1682413200
0.268,1,Apr 25 2023 11: +0,1682416800
0.255,1,Apr 25 2023 14: +0,1682427600
0.338,1,Apr 25 2023 16: +0,1682434800
0.355,1,Apr 25 2023 17: +0,1682438400
0.306,2,Apr 25 2023 20: +0,1682449200
0.47,1,Apr 25 2023 21: +0,1682452800
0.36,1,Apr 25 2023 23: +0,1682460000
0.258,1,Apr 26 2023 08: +0,1682492400
0.274,1,Apr 26 2023 18: +0,1682528400
0.274,1,Apr 26 2023 19: +0,1682532000
0.363,1,Apr 26 2023 21: +0,1682539200
0.364,2,Apr 26 2023 22: +0,1682542800
56.065,1,Apr 27 2023 02: +0,1682557200
0.434,1,Apr 27 2023 05: +0,1682568000
0.39,1,Apr 27 2023 10: +0,1682586000
0.419,1,Apr 27 2023 17: +0,1682611200
0.422,1,Apr 27 2023 18: +0,1682614800
0.411,1,Apr 27 2023 21: +0,1682625600
0.186,1,Apr 28 2023 01: +0,1682640000
0.324,1,Apr 28 2023 02: +0,1682643600
10.871,1,Apr 28 2023 10: +0,1682672400
1.947,1,Apr 28 2023 15: +0,1682690400
0.323,1,Apr 28 2023 17: +0,1682697600
0.372,1,Apr 28 2023 18: +0,1682701200
0.333,2,Apr 29 2023 07: +0,1682748000
0.364,1,Apr 29 2023 12: +0,1682766000
0.281,1,Apr 29 2023 14: +0,1682773200
0.24,1,Apr 29 2023 17: +0,1682784000
0.301,1,Apr 29 2023 18: +0,1682787600
0.271,1,Apr 30 2023 01: +0,1682812800
0.314,1,Apr 30 2023 02: +0,1682816400
0.314,1,Apr 30 2023 03: +0,1682820000
0.28,1,Apr 30 2023 09: +0,1682841600
0.386,3,Apr 30 2023 10: +0,1682845200
0.281,1,Apr 30 2023 16: +0,1682866800
0.249,1,Apr 30 2023 21: +0,1682884800
0.339,2,Apr 30 2023 22: +0,1682888400
0.299,1,May 01 2023 01: +0,1682899200
0.266,1,May 01 2023 05: +0,1682913600
0.276,1,May 01 2023 16: +0,1682953200
0.269,1,May 01 2023 21: +0,1682971200
0.425,1,May 02 2023 00: +0,1682982000
0.273,1,May 02 2023 05: +0,1683000000
1.766,1,May 02 2023 11: +0,1683021600
0.293,2,May 02 2023 17: +0,1683043200
0.228,1,May 02 2023 21: +0,1683057600
0.267,2,May 03 2023 00: +0,1683068400
0.32,1,May 03 2023 09: +0,1683100800
1.329,1,May 03 2023 23: +0,1683151200
0.408,1,May 04 2023 03: +0,1683165600
0.364,1,May 04 2023 15: +0,1683208800
0.274,1,May 04 2023 17: +0,1683216000
0.274,1,May 04 2023 18: +0,1683219600
0.287,1,May 05 2023 03: +0,1683252000
0.279,1,May 05 2023 05: +0,1683259200
1.571,1,May 05 2023 07: +0,1683266400
1.114,1,May 05 2023 11: +0,1683280800
0.293,1,May 05 2023 12: +0,1683284400
0.317,1,May 05 2023 14: +0,1683291600
0.338,1,May 06 2023 00: +0,1683327600
0.374,1,May 06 2023 07: +0,1683352800
0.421,1,May 06 2023 17: +0,1683388800
0.262,1,May 07 2023 00: +0,1683414000
0.411,1,May 07 2023 07: +0,1683439200
0.277,1,May 07 2023 09: +0,1683446400
0.375,1,May 07 2023 16: +0,1683471600
0.389,1,May 07 2023 17: +0,1683475200
0.259,4,May 07 2023 19: +0,1683482400
0.39,1,May 07 2023 22: +0,1683493200
0.254,1,May 08 2023 04: +0,1683514800
0.37,1,May 08 2023 09: +0,1683532800
0.21,2,May 08 2023 19: +0,1683568800
0.245,1,May 08 2023 23: +0,1683583200
0.26,1,May 09 2023 02: +0,1683594000
0.239,1,May 09 2023 04: +0,1683601200
0.268,1,May 09 2023 07: +0,1683612000
0.197,2,May 09 2023 08: +0,1683615600
0.268,2,May 09 2023 20: +0,1683658800
0.308,1,May 10 2023 15: +0,1683727200
0.684,2,May 10 2023 19: +0,1683741600
0.374,1,May 11 2023 16: +0,1683817200
0.271,1,May 11 2023 17: +0,1683820800
0.256,1,May 11 2023 20: +0,1683831600
0.424,1,May 12 2023 01: +0,1683849600
0.4,2,May 12 2023 09: +0,1683878400
0.731,2,May 12 2023 12: +0,1683889200
0.256,1,May 12 2023 13: +0,1683892800
1.752,1,May 13 2023 07: +0,1683957600
0.296,1,May 13 2023 10: +0,1683968400
0.4,1,May 13 2023 14: +0,1683982800
0.405,1,May 13 2023 15: +0,1683986400
0.34,1,May 13 2023 22: +0,1684011600
0.297,1,May 14 2023 03: +0,1684029600
0.322,1,May 14 2023 07: +0,1684044000
0.248,1,May 14 2023 10: +0,1684054800
0.321,1,May 14 2023 11: +0,1684058400
0.465,2,May 15 2023 16: +0,1684162800
0.313,2,May 16 2023 18: +0,1684256400
0.37,1,May 17 2023 01: +0,1684281600
0.256,1,May 17 2023 10: +0,1684314000
0.284,1,May 17 2023 14: +0,1684328400
0.428,1,May 17 2023 18: +0,1684342800
0.286,2,May 17 2023 19: +0,1684346400
8.709,1,May 17 2023 20: +0,1684350000
0.842,1,May 17 2023 21: +0,1684353600
0.309,1,May 18 2023 06: +0,1684386000
0.354,1,May 18 2023 10: +0,1684400400
0.344,1,May 18 2023 13: +0,1684411200
1.889,1,May 18 2023 21: +0,1684440000
0.375,1,May 18 2023 23: +0,1684447200
0.48,1,May 19 2023 01: +0,1684454400
0.48,1,May 19 2023 05: +0,1684468800
0.322,1,May 19 2023 07: +0,1684476000
0.797,1,May 19 2023 10: +0,1684486800
0.254,1,May 19 2023 13: +0,1684497600
0.321,1,May 19 2023 16: +0,1684508400
0.321,1,May 19 2023 17: +0,1684512000
0.307,1,May 19 2023 19: +0,1684519200
0.272,1,May 20 2023 00: +0,1684537200
0.319,1,May 20 2023 05: +0,1684555200
0.323,1,May 20 2023 09: +0,1684569600
0.434,1,May 20 2023 12: +0,1684580400
0.503,1,May 20 2023 18: +0,1684602000
0.312,1,May 20 2023 23: +0,1684620000
0.31,2,May 21 2023 03: +0,1684634400
0.323,1,May 21 2023 11: +0,1684663200
0.357,1,May 21 2023 14: +0,1684674000
0.366,2,May 21 2023 19: +0,1684692000
0.347,1,May 21 2023 20: +0,1684695600
0.344,1,May 22 2023 00: +0,1684710000
0.257,1,May 22 2023 04: +0,1684724400
0.272,1,May 22 2023 09: +0,1684742400
0.36,1,May 22 2023 10: +0,1684746000
0.26,1,May 22 2023 12: +0,1684753200
0.267,1,May 22 2023 23: +0,1684792800
0.351,1,May 23 2023 06: +0,1684818000
0.408,1,May 23 2023 11: +0,1684836000
0.268,1,May 23 2023 13: +0,1684843200
0.29,1,May 23 2023 14: +0,1684846800
2.103,2,May 24 2023 05: +0,1684900800
0.24,1,May 24 2023 07: +0,1684908000
0.481,1,May 24 2023 17: +0,1684944000
0.363,1,May 24 2023 19: +0,1684951200
1.16,1,May 25 2023 03: +0,1684980000
0.383,1,May 25 2023 04: +0,1684983600
0.288,1,May 25 2023 06: +0,1684990800
0.3,2,May 25 2023 12: +0,1685012400
0.279,1,May 25 2023 15: +0,1685023200
0.347,1,May 25 2023 21: +0,1685044800
0.372,1,May 26 2023 01: +0,1685059200
0.295,1,May 26 2023 11: +0,1685095200
0.384,1,May 26 2023 14: +0,1685106000
0.402,1,May 26 2023 17: +0,1685116800
0.366,1,May 26 2023 21: +0,1685131200
0.399,1,May 27 2023 17: +0,1685203200
0.405,1,May 27 2023 19: +0,1685210400
0.299,1,May 27 2023 23: +0,1685224800
0.299,1,May 28 2023 00: +0,1685228400
0.429,1,May 28 2023 15: +0,1685282400
0.299,1,May 28 2023 19: +0,1685296800
0.469,1,May 29 2023 00: +0,1685314800
0.348,1,May 29 2023 03: +0,1685325600
0.363,1,May 29 2023 04: +0,1685329200
0.353,1,May 29 2023 09: +0,1685347200
0.401,1,May 29 2023 11: +0,1685354400
0.544,1,May 29 2023 19: +0,1685383200
0.443,1,May 29 2023 21: +0,1685390400
0.299,1,May 30 2023 03: +0,1685412000
0.256,1,May 30 2023 21: +0,1685476800
0.321,1,May 30 2023 22: +0,1685480400
0.344,1,May 31 2023 06: +0,1685509200
0.321,1,May 31 2023 17: +0,1685548800
0.312,1,May 31 2023 19: +0,1685556000
0.319,1,Jun 01 2023 08: +0,1685602800
0.295,1,Jun 02 2023 00: +0,1685660400
0.525,1,Jun 02 2023 02: +0,1685667600
0.313,1,Jun 02 2023 10: +0,1685696400
0.969,1,Jun 02 2023 12: +0,1685703600
0.276,2,Jun 02 2023 14: +0,1685710800
0.38,1,Jun 02 2023 16: +0,1685718000
0.295,1,Jun 02 2023 17: +0,1685721600
0.3,1,Jun 02 2023 20: +0,1685732400
0.318,1,Jun 03 2023 01: +0,1685750400
0.319,1,Jun 03 2023 02: +0,1685754000
0.371,1,Jun 03 2023 06: +0,1685768400
0.297,1,Jun 03 2023 09: +0,1685779200
0.385,1,Jun 03 2023 15: +0,1685800800
1.102,1,Jun 03 2023 21: +0,1685822400
1.461,1,Jun 04 2023 01: +0,1685836800
0.881,1,Jun 04 2023 19: +0,1685901600
0.301,1,Jun 04 2023 21: +0,1685908800
1.728,1,Jun 04 2023 22: +0,1685912400
0.337,1,Jun 05 2023 01: +0,1685923200
0.296,1,Jun 05 2023 13: +0,1685966400
0.37,1,Jun 05 2023 15: +0,1685973600
0.258,1,Jun 05 2023 18: +0,1685984400
0.296,1,Jun 06 2023 00: +0,1686006000
0.288,2,Jun 06 2023 04: +0,1686020400
0.28,1,Jun 06 2023 14: +0,1686056400
0.333,1,Jun 06 2023 17: +0,1686067200
0.296,1,Jun 06 2023 20: +0,1686078000
0.296,1,Jun 06 2023 21: +0,1686081600
0.332,1,Jun 07 2023 12: +0,1686135600
0.265,1,Jun 07 2023 14: +0,1686142800
0.23,1,Jun 07 2023 16: +0,1686150000
0.338,3,Jun 07 2023 17: +0,1686153600
0.326,3,Jun 08 2023 04: +0,1686193200
0.35,1,Jun 09 2023 00: +0,1686265200
0.342,2,Jun 09 2023 01: +0,1686268800
0.41,1,Jun 09 2023 03: +0,1686276000
0.352,1,Jun 09 2023 18: +0,1686330000
0.405,1,Jun 09 2023 19: +0,1686333600
0.295,1,Jun 09 2023 23: +0,1686348000
1.441,1,Jun 10 2023 04: +0,1686366000
0.34,1,Jun 10 2023 07: +0,1686376800
0.334,1,Jun 10 2023 08: +0,1686380400
0.415,2,Jun 10 2023 12: +0,1686394800
0.34,1,Jun 10 2023 13: +0,1686398400
0.342,2,Jun 10 2023 14: +0,1686402000
1.052,1,Jun 10 2023 17: +0,1686412800
0.293,1,Jun 11 2023 00: +0,1686438000
0.331,1,Jun 11 2023 12: +0,1686481200
0.332,1,Jun 11 2023 13: +0,1686484800
0.287,1,Jun 11 2023 17: +0,1686499200
0.291,2,Jun 11 2023 20: +0,1686510000
0.342,1,Jun 11 2023 21: +0,1686513600
2.934,2,Jun 12 2023 05: +0,1686542400
0.857,1,Jun 12 2023 14: +0,1686574800
0.229,1,Jun 12 2023 16: +0,1686582000
0.285,1,Jun 12 2023 20: +0,1686596400
0.284,1,Jun 12 2023 21: +0,1686600000
0.237,1,Jun 13 2023 00: +0,1686610800
0.335,1,Jun 13 2023 06: +0,1686632400
0.289,1,Jun 13 2023 22: +0,1686690000
0.309,1,Jun 14 2023 23: +0,1686780000
0.533,1,Jun 15 2023 02: +0,1686790800
0.266,1,Jun 15 2023 08: +0,1686812400
0.328,2,Jun 15 2023 11: +0,1686823200
0.973,2,Jun 15 2023 17: +0,1686844800
1.018,1,Jun 15 2023 21: +0,1686859200
0.515,1,Jun 16 2023 09: +0,1686902400
0.335,1,Jun 16 2023 15: +0,1686924000
0.521,1,Jun 17 2023 01: +0,1686960000
0.27,2,Jun 17 2023 09: +0,1686988800
0.299,1,Jun 17 2023 11: +0,1686996000
0.27,1,Jun 17 2023 14: +0,1687006800
0.343,1,Jun 17 2023 19: +0,1687024800
0.344,1,Jun 17 2023 20: +0,1687028400
0.304,2,Jun 18 2023 01: +0,1687046400
0.377,1,Jun 18 2023 03: +0,1687053600
0.281,1,Jun 18 2023 06: +0,1687064400
0.529,1,Jun 18 2023 20: +0,1687114800
1.326,1,Jun 19 2023 08: +0,1687158000
0.218,1,Jun 19 2023 15: +0,1687183200
0.256,2,Jun 19 2023 17: +0,1687190400
0.291,1,Jun 19 2023 21: +0,1687204800
0.319,1,Jun 20 2023 16: +0,1687273200
0.33,2,Jun 20 2023 22: +0,1687294800
0.297,1,Jun 21 2023 20: +0,1687374000
2.29,1,Jun 21 2023 21: +0,1687377600
0.244,1,Jun 22 2023 03: +0,1687399200
0.346,1,Jun 22 2023 16: +0,1687446000
0.521,2,Jun 22 2023 20: +0,1687460400
0.301,1,Jun 23 2023 00: +0,1687474800
0.3,1,Jun 23 2023 05: +0,1687492800
0.292,1,Jun 23 2023 09: +0,1687507200
0.344,1,Jun 23 2023 21: +0,1687550400
0.796,1,Jun 24 2023 00: +0,1687561200
0.393,1,Jun 24 2023 08: +0,1687590000
0.26,1,Jun 24 2023 16: +0,1687618800
0.399,1,Jun 24 2023 17: +0,1687622400
0.548,1,Jun 25 2023 08: +0,1687676400
0.38,1,Jun 25 2023 17: +0,1687708800
0.298,1,Jun 25 2023 20: +0,1687719600
0.418,1,Jun 26 2023 02: +0,1687741200
0.403,1,Jun 27 2023 05: +0,1687838400
0.296,1,Jun 27 2023 07: +0,1687845600
0.401,1,Jun 27 2023 08: +0,1687849200
0.296,1,Jun 27 2023 11: +0,1687860000
0.299,1,Jun 27 2023 15: +0,1687874400
0.398,1,Jun 28 2023 05: +0,1687924800
0.391,1,Jun 28 2023 13: +0,1687953600
0.393,1,Jun 28 2023 16: +0,1687964400
0.279,2,Jun 28 2023 18: +0,1687971600
0.292,1,Jun 28 2023 20: +0,1687978800
0.274,1,Jun 28 2023 22: +0,1687986000
0.292,1,Jun 29 2023 07: +0,1688018400
0.373,1,Jun 29 2023 14: +0,1688043600
0.565,2,Jun 29 2023 17: +0,1688054400
0.213,1,Jun 29 2023 18: +0,1688058000
0.421,1,Jun 30 2023 12: +0,1688122800
0.292,2,Jun 30 2023 17: +0,1688140800
0.252,1,Jun 30 2023 19: +0,1688148000
0.266,1,Jun 30 2023 20: +0,1688151600
0.252,1,Jun 30 2023 22: +0,1688158800
0.263,1,Jul 01 2023 02: +0,1688173200
0.229,1,Jul 01 2023 08: +0,1688194800
0.258,1,Jul 01 2023 09: +0,1688198400
0.244,1,Jul 01 2023 11: +0,1688205600
0.24,2,Jul 01 2023 14: +0,1688216400
0.318,2,Jul 01 2023 17: +0,1688227200
0.22,1,Jul 02 2023 00: +0,1688252400
0.271,1,Jul 02 2023 11: +0,1688292000
0.137,1,Jul 02 2023 17: +0,1688313600
0.205,1,Jul 02 2023 18: +0,1688317200
0.166,1,Jul 02 2023 22: +0,1688331600
0.275,1,Jul 03 2023 09: +0,1688371200
0.22,1,Jul 03 2023 10: +0,1688374800
144.512,1,Jul 03 2023 13: +0,1688385600
0.258,1,Jul 03 2023 20: +0,1688410800
0.28,1,Jul 03 2023 23: +0,1688421600
0.268,1,Jul 04 2023 12: +0,1688468400
1.808,1,Jul 04 2023 15: +0,1688479200
0.223,1,Jul 04 2023 23: +0,1688508000
0.173,1,Jul 05 2023 11: +0,1688551200
0.274,2,Jul 05 2023 17: +0,1688572800
0.214,1,Jul 05 2023 21: +0,1688587200
0.276,2,Jul 06 2023 08: +0,1688626800
0.224,1,Jul 06 2023 11: +0,1688637600
2.566,1,Jul 06 2023 20: +0,1688670000
0.171,1,Jul 06 2023 21: +0,1688673600
0.22,1,Jul 07 2023 02: +0,1688691600
0.391,1,Jul 07 2023 18: +0,1688749200
0.262,1,Jul 07 2023 20: +0,1688756400
0.213,1,Jul 08 2023 02: +0,1688778000
0.368,1,Jul 09 2023 07: +0,1688882400
3.936,1,Jul 10 2023 08: +0,1688972400
0.197,1,Jul 10 2023 13: +0,1688990400
0.26,1,Jul 11 2023 04: +0,1689044400
0.356,2,Jul 11 2023 11: +0,1689069600
0.354,1,Jul 11 2023 20: +0,1689102000
0.32,2,Jul 11 2023 23: +0,1689112800
0.178,1,Jul 12 2023 01: +0,1689120000
0.342,2,Jul 12 2023 06: +0,1689138000
0.262,1,Jul 12 2023 14: +0,1689166800
0.203,1,Jul 12 2023 16: +0,1689174000
0.183,2,Jul 12 2023 17: +0,1689177600
0.151,1,Jul 13 2023 10: +0,1689238800
0.127,2,Jul 13 2023 14: +0,1689253200
0.144,1,Jul 13 2023 18: +0,1689267600
0.203,1,Jul 13 2023 19: +0,1689271200
0.246,1,Jul 14 2023 11: +0,1689328800
0.585,1,Jul 14 2023 15: +0,1689343200
0.244,1,Jul 14 2023 20: +0,1689361200
0.206,1,Jul 14 2023 21: +0,1689364800
0.18,1,Jul 14 2023 23: +0,1689372000
0.857,1,Jul 15 2023 13: +0,1689422400
0.18,1,Jul 16 2023 08: +0,1689490800
0.247,5,Jul 16 2023 12: +0,1689505200
0.244,2,Jul 16 2023 13: +0,1689508800
0.435,1,Jul 16 2023 14: +0,1689512400
0.259,1,Jul 16 2023 16: +0,1689519600
0.28,2,Jul 16 2023 20: +0,1689534000
0.258,1,Jul 17 2023 10: +0,1689584400
0.203,1,Jul 17 2023 19: +0,1689616800
0.294,1,Jul 18 2023 17: +0,1689696000
0.293,1,Jul 19 2023 14: +0,1689771600
0.295,1,Jul 19 2023 15: +0,1689775200
0.295,1,Jul 19 2023 17: +0,1689782400
2.145,1,Jul 19 2023 21: +0,1689796800
0.233,1,Jul 19 2023 22: +0,1689800400
0.183,1,Jul 20 2023 19: +0,1689876000
0.233,1,Jul 21 2023 00: +0,1689894000
0.573,2,Jul 21 2023 12: +0,1689937200
0.291,1,Jul 21 2023 18: +0,1689958800
0.294,1,Jul 21 2023 19: +0,1689962400
0.296,1,Jul 21 2023 22: +0,1689973200
0.327,1,Jul 22 2023 02: +0,1689987600
0.241,1,Jul 22 2023 18: +0,1690045200
0.296,1,Jul 23 2023 01: +0,1690070400
0.679,1,Jul 23 2023 05: +0,1690084800
0.242,1,Jul 23 2023 09: +0,1690099200
0.349,1,Jul 23 2023 14: +0,1690117200
0.413,1,Jul 23 2023 22: +0,1690146000
0.627,1,Jul 24 2023 08: +0,1690182000
0.459,1,Jul 24 2023 15: +0,1690207200
0.385,1,Jul 25 2023 14: +0,1690290000
0.258,1,Jul 25 2023 15: +0,1690293600
0.428,1,Jul 25 2023 17: +0,1690300800
0.262,1,Jul 26 2023 01: +0,1690329600
0.262,1,Jul 26 2023 06: +0,1690347600
0.325,1,Jul 26 2023 10: +0,1690362000
0.225,1,Jul 26 2023 13: +0,1690372800
0.317,1,Jul 26 2023 17: +0,1690387200
0.194,1,Jul 27 2023 07: +0,1690437600
0.288,1,Jul 27 2023 13: +0,1690459200
0.255,1,Jul 27 2023 14: +0,1690462800
0.268,1,Jul 27 2023 17: +0,1690473600
0.267,3,Jul 27 2023 19: +0,1690480800
0.249,5,Jul 27 2023 20: +0,1690484400
0.316,1,Jul 28 2023 05: +0,1690516800
0.328,1,Jul 28 2023 08: +0,1690527600
0.289,1,Jul 28 2023 09: +0,1690531200
0.236,1,Jul 28 2023 21: +0,1690574400
0.197,1,Jul 29 2023 01: +0,1690588800
0.287,1,Jul 29 2023 08: +0,1690614000
0.264,1,Jul 29 2023 10: +0,1690621200
0.307,1,Jul 29 2023 17: +0,1690646400
0.311,1,Jul 29 2023 19: +0,1690653600
0.495,2,Jul 29 2023 21: +0,1690660800
0.29,2,Jul 30 2023 12: +0,1690714800
0.252,1,Jul 30 2023 13: +0,1690718400
0.297,1,Jul 30 2023 17: +0,1690732800
0.236,1,Jul 30 2023 21: +0,1690747200
0.252,1,Jul 31 2023 00: +0,1690758000
0.078,1,Jul 31 2023 15: +0,1690812000
0.261,1,Jul 31 2023 23: +0,1690840800
0.275,1,Aug 01 2023 15: +0,1690898400
0.273,1,Aug 01 2023 20: +0,1690916400
0.228,1,Aug 02 2023 13: +0,1690977600
0.212,1,Aug 02 2023 15: +0,1690984800
0.268,1,Aug 02 2023 19: +0,1690999200
0.212,1,Aug 02 2023 23: +0,1691013600
0.267,1,Aug 03 2023 04: +0,1691031600
0.271,1,Aug 03 2023 10: +0,1691053200
0.262,1,Aug 03 2023 17: +0,1691078400
0.267,1,Aug 03 2023 19: +0,1691085600
0.252,1,Aug 03 2023 21: +0,1691092800
0.283,1,Aug 03 2023 23: +0,1691100000
0.268,1,Aug 04 2023 06: +0,1691125200
0.244,1,Aug 04 2023 13: +0,1691150400
0.392,1,Aug 05 2023 00: +0,1691190000
0.294,1,Aug 05 2023 09: +0,1691222400
2.072,1,Aug 05 2023 10: +0,1691226000
0.262,1,Aug 05 2023 21: +0,1691265600
0.197,1,Aug 05 2023 22: +0,1691269200
0.312,1,Aug 06 2023 10: +0,1691312400
1.102,1,Aug 06 2023 13: +0,1691323200
0.383,2,Aug 06 2023 14: +0,1691326800
0.321,1,Aug 07 2023 15: +0,1691416800
0.265,1,Aug 07 2023 20: +0,1691434800
0.317,1,Aug 08 2023 10: +0,1691485200
0.252,1,Aug 08 2023 14: +0,1691499600
0.265,1,Aug 08 2023 16: +0,1691506800
0.33,1,Aug 08 2023 17: +0,1691510400
0.334,1,Aug 08 2023 20: +0,1691521200
0.323,1,Aug 09 2023 04: +0,1691550000
0.252,1,Aug 09 2023 06: +0,1691557200
0.262,1,Aug 09 2023 07: +0,1691560800
0.337,1,Aug 09 2023 10: +0,1691571600
0.197,1,Aug 09 2023 16: +0,1691593200
0.327,2,Aug 10 2023 01: +0,1691625600
0.262,1,Aug 10 2023 21: +0,1691697600
0.266,1,Aug 11 2023 07: +0,1691733600
0.22,1,Aug 11 2023 10: +0,1691744400
0.267,1,Aug 11 2023 14: +0,1691758800
0.26,1,Aug 12 2023 01: +0,1691798400
0.244,1,Aug 12 2023 02: +0,1691802000
0.31,1,Aug 12 2023 04: +0,1691809200
0.285,2,Aug 12 2023 13: +0,1691841600
0.248,1,Aug 12 2023 14: +0,1691845200
0.423,1,Aug 12 2023 16: +0,1691852400
0.315,1,Aug 12 2023 17: +0,1691856000
0.324,1,Aug 13 2023 03: +0,1691892000
0.333,1,Aug 13 2023 08: +0,1691910000
1.224,1,Aug 13 2023 14: +0,1691931600
0.311,1,Aug 13 2023 15: +0,1691935200
0.25,1,Aug 14 2023 00: +0,1691967600
0.181,1,Aug 14 2023 09: +0,1692000000
0.258,1,Aug 14 2023 15: +0,1692021600
0.288,1,Aug 14 2023 17: +0,1692028800
0.329,2,Aug 14 2023 20: +0,1692039600
0.327,1,Aug 15 2023 07: +0,1692079200
0.264,1,Aug 16 2023 07: +0,1692165600
0.211,1,Aug 16 2023 12: +0,1692183600
0.318,1,Aug 16 2023 20: +0,1692212400
0.265,1,Aug 16 2023 21: +0,1692216000
0.322,1,Aug 17 2023 03: +0,1692237600
0.325,1,Aug 17 2023 06: +0,1692248400
0.793,1,Aug 17 2023 08: +0,1692255600
0.324,1,Aug 17 2023 10: +0,1692262800
0.324,1,Aug 17 2023 11: +0,1692266400
0.419,1,Aug 18 2023 03: +0,1692324000
5.761,1,Aug 18 2023 11: +0,1692352800
0.239,1,Aug 18 2023 12: +0,1692356400
0.325,1,Aug 18 2023 18: +0,1692378000
0.314,1,Aug 19 2023 15: +0,1692453600
1.069,1,Aug 19 2023 19: +0,1692468000
0.319,1,Aug 19 2023 20: +0,1692471600
0.281,2,Aug 20 2023 06: +0,1692507600
0.281,3,Aug 20 2023 10: +0,1692522000
0.273,1,Aug 20 2023 22: +0,1692565200
0.247,1,Aug 21 2023 13: +0,1692619200
0.27,1,Aug 21 2023 14: +0,1692622800
0.289,1,Aug 21 2023 17: +0,1692633600
0.273,1,Aug 21 2023 20: +0,1692644400
0.245,1,Aug 21 2023 21: +0,1692648000
0.291,1,Aug 21 2023 23: +0,1692655200
0.295,1,Aug 22 2023 03: +0,1692669600
0.302,2,Aug 22 2023 11: +0,1692698400
0.241,1,Aug 22 2023 15: +0,1692712800
0.334,1,Aug 22 2023 19: +0,1692727200
0.25,1,Aug 23 2023 16: +0,1692802800
0.317,1,Aug 23 2023 18: +0,1692810000
0.291,1,Aug 23 2023 19: +0,1692813600
0.291,1,Aug 23 2023 20: +0,1692817200
0.238,1,Aug 24 2023 01: +0,1692835200
0.25,1,Aug 24 2023 02: +0,1692838800
0.25,1,Aug 24 2023 05: +0,1692849600
0.25,1,Aug 24 2023 14: +0,1692882000
0.23,1,Aug 24 2023 15: +0,1692885600
0.258,1,Aug 24 2023 19: +0,1692900000
0.327,1,Aug 24 2023 22: +0,1692910800
0.26,1,Aug 25 2023 08: +0,1692946800
0.327,1,Aug 25 2023 16: +0,1692975600
0.32,1,Aug 25 2023 17: +0,1692979200
0.241,1,Aug 25 2023 21: +0,1692993600
0.245,1,Aug 26 2023 01: +0,1693008000
0.28,1,Aug 26 2023 07: +0,1693029600
0.285,2,Aug 26 2023 15: +0,1693058400
0.246,1,Aug 26 2023 23: +0,1693087200
0.162,1,Aug 27 2023 05: +0,1693108800
0.213,1,Aug 27 2023 09: +0,1693123200
0.265,1,Aug 27 2023 10: +0,1693126800
0.255,2,Aug 27 2023 22: +0,1693170000
0.272,1,Aug 28 2023 03: +0,1693188000
0.281,1,Aug 28 2023 12: +0,1693220400
0.231,1,Aug 28 2023 18: +0,1693242000
0.244,1,Aug 28 2023 23: +0,1693260000
0.854,1,Aug 29 2023 02: +0,1693270800
0.252,1,Aug 29 2023 13: +0,1693310400
0.252,1,Aug 29 2023 18: +0,1693328400
0.272,1,Aug 30 2023 02: +0,1693357200
0.308,1,Aug 30 2023 15: +0,1693404000
0.205,1,Aug 30 2023 17: +0,1693411200
0.315,1,Aug 30 2023 18: +0,1693414800
0.273,1,Aug 30 2023 21: +0,1693425600
0.279,1,Aug 30 2023 23: +0,1693432800
0.259,1,Aug 31 2023 16: +0,1693494000
0.301,2,Aug 31 2023 21: +0,1693512000
0.283,2,Aug 31 2023 22: +0,1693515600
0.568,1,Sep 01 2023 10: +0,1693558800
0.26,1,Sep 01 2023 19: +0,1693591200
0.237,1,Sep 02 2023 13: +0,1693656000
2.018,1,Sep 02 2023 19: +0,1693677600
0.244,1,Sep 02 2023 21: +0,1693684800
0.267,1,Sep 02 2023 22: +0,1693688400
0.315,1,Sep 03 2023 03: +0,1693706400
0.228,2,Sep 03 2023 10: +0,1693731600
0.161,1,Sep 03 2023 11: +0,1693735200
0.273,1,Sep 03 2023 13: +0,1693742400
0.274,1,Sep 04 2023 03: +0,1693792800
0.28,1,Sep 04 2023 10: +0,1693818000
1.508,1,Sep 04 2023 11: +0,1693821600
0.323,1,Sep 04 2023 18: +0,1693846800
0.271,1,Sep 04 2023 20: +0,1693854000
0.204,1,Sep 04 2023 21: +0,1693857600
0.275,2,Sep 04 2023 23: +0,1693864800
0.254,1,Sep 05 2023 00: +0,1693868400
0.342,2,Sep 05 2023 02: +0,1693875600
0.371,1,Sep 05 2023 06: +0,1693890000
0.255,1,Sep 05 2023 11: +0,1693908000
0.409,4,Sep 05 2023 16: +0,1693926000
0.271,1,Sep 05 2023 20: +0,1693940400
0.253,1,Sep 06 2023 09: +0,1693987200
0.263,1,Sep 06 2023 18: +0,1694019600
0.653,1,Sep 07 2023 03: +0,1694052000
1.038,1,Sep 07 2023 09: +0,1694073600
0.941,1,Sep 07 2023 14: +0,1694091600
0.321,1,Sep 07 2023 15: +0,1694095200
0.268,1,Sep 08 2023 13: +0,1694174400
0.318,1,Sep 08 2023 14: +0,1694178000
0.267,1,Sep 08 2023 15: +0,1694181600
0.287,5,Sep 08 2023 18: +0,1694192400
0.414,1,Sep 09 2023 03: +0,1694224800
0.267,1,Sep 09 2023 13: +0,1694260800
0.172,1,Sep 09 2023 18: +0,1694278800
0.241,1,Sep 09 2023 19: +0,1694282400
0.241,1,Sep 10 2023 01: +0,1694304000
2.149,1,Sep 10 2023 06: +0,1694322000
0.31,1,Sep 10 2023 14: +0,1694350800
0.302,1,Sep 10 2023 15: +0,1694354400
0.29,1,Sep 11 2023 11: +0,1694426400
0.502,1,Sep 11 2023 14: +0,1694437200
0.282,1,Sep 11 2023 17: +0,1694448000
0.323,1,Sep 12 2023 08: +0,1694502000
2.025,1,Sep 12 2023 15: +0,1694527200
0.552,1,Sep 12 2023 16: +0,1694530800
0.298,1,Sep 13 2023 01: +0,1694563200
0.244,1,Sep 13 2023 04: +0,1694574000
0.253,1,Sep 13 2023 06: +0,1694581200
0.306,2,Sep 13 2023 09: +0,1694592000
0.282,1,Sep 13 2023 15: +0,1694613600
0.314,2,Sep 14 2023 00: +0,1694646000
0.314,1,Sep 14 2023 09: +0,1694678400
0.314,1,Sep 14 2023 11: +0,1694685600
0.541,1,Sep 14 2023 16: +0,1694703600
0.32,1,Sep 14 2023 17: +0,1694707200
0.322,1,Sep 15 2023 00: +0,1694732400
0.5,1,Sep 15 2023 02: +0,1694739600
0.314,1,Sep 15 2023 04: +0,1694746800
0.327,1,Sep 15 2023 08: +0,1694761200
0.315,1,Sep 15 2023 17: +0,1694793600
0.822,1,Sep 15 2023 18: +0,1694797200
0.319,2,Sep 15 2023 19: +0,1694800800
0.299,1,Sep 15 2023 22: +0,1694811600
0.315,1,Sep 15 2023 23: +0,1694815200
0.331,1,Sep 16 2023 06: +0,1694840400
0.283,1,Sep 16 2023 10: +0,1694854800
0.334,1,Sep 16 2023 12: +0,1694862000
0.339,1,Sep 16 2023 23: +0,1694901600
0.246,1,Sep 17 2023 01: +0,1694908800
0.336,1,Sep 17 2023 16: +0,1694962800
0.261,2,Sep 17 2023 17: +0,1694966400
0.322,1,Sep 17 2023 18: +0,1694970000
0.336,2,Sep 17 2023 21: +0,1694980800
21.58,1,Sep 17 2023 22: +0,1694984400
0.352,1,Sep 18 2023 18: +0,1695056400
0.485,1,Sep 19 2023 09: +0,1695110400
0.42,1,Sep 19 2023 14: +0,1695128400
0.454,2,Sep 19 2023 16: +0,1695135600
0.363,1,Sep 20 2023 14: +0,1695214800
0.42,8,Sep 20 2023 19: +0,1695232800
0.418,1,Sep 20 2023 21: +0,1695240000
0.434,1,Sep 21 2023 07: +0,1695276000
0.451,1,Sep 22 2023 03: +0,1695348000
0.295,1,Sep 22 2023 19: +0,1695405600
0.463,1,Sep 22 2023 20: +0,1695409200
0.357,4,Sep 25 2023 08: +0,1695625200
0.436,1,Sep 25 2023 15: +0,1695650400
0.346,1,Sep 26 2023 18: +0,1695747600
0.42,1,Sep 27 2023 02: +0,1695776400
0.459,1,Sep 27 2023 16: +0,1695826800
19.913,1,Sep 28 2023 00: +0,1695855600
0.427,1,Sep 28 2023 10: +0,1695891600
0.252,1,Sep 28 2023 16: +0,1695913200
0.227,1,Sep 28 2023 18: +0,1695920400
0.457,1,Sep 28 2023 22: +0,1695934800
0.419,1,Sep 29 2023 01: +0,1695945600
0.308,1,Sep 29 2023 21: +0,1696017600
0.319,1,Sep 30 2023 11: +0,1696068000
0.398,1,Sep 30 2023 15: +0,1696082400
0.319,1,Sep 30 2023 20: +0,1696100400
0.469,2,Oct 01 2023 03: +0,1696125600
0.278,1,Oct 01 2023 09: +0,1696147200
0.417,2,Oct 01 2023 18: +0,1696179600
0.396,1,Oct 02 2023 04: +0,1696215600
0.359,2,Oct 02 2023 23: +0,1696284000
0.338,1,Oct 03 2023 00: +0,1696287600
0.361,2,Oct 03 2023 20: +0,1696359600
0.404,2,Oct 04 2023 05: +0,1696392000
0.463,2,Oct 04 2023 14: +0,1696424400
0.354,1,Oct 04 2023 18: +0,1696438800
0.346,1,Oct 06 2023 09: +0,1696579200
0.403,1,Oct 06 2023 11: +0,1696586400
0.406,1,Oct 06 2023 21: +0,1696622400
0.579,2,Oct 07 2023 07: +0,1696658400
0.535,1,Oct 07 2023 08: +0,1696662000
0.407,1,Oct 07 2023 09: +0,1696665600
0.412,1,Oct 07 2023 16: +0,1696690800
0.326,1,Oct 07 2023 17: +0,1696694400
0.385,1,Oct 08 2023 12: +0,1696762800
0.335,1,Oct 08 2023 13: +0,1696766400
0.841,1,Oct 08 2023 14: +0,1696770000
0.785,1,Oct 09 2023 09: +0,1696838400
0.403,1,Oct 09 2023 15: +0,1696860000
0.414,1,Oct 10 2023 02: +0,1696899600
0.413,1,Oct 10 2023 06: +0,1696914000
0.409,2,Oct 10 2023 11: +0,1696932000
0.413,1,Oct 10 2023 13: +0,1696939200
0.491,2,Oct 11 2023 06: +0,1697000400
0.404,1,Oct 11 2023 09: +0,1697011200
0.431,1,Oct 11 2023 14: +0,1697029200
0.375,2,Oct 12 2023 10: +0,1697101200
0.42,1,Oct 12 2023 11: +0,1697104800
0.42,1,Oct 12 2023 12: +0,1697108400
0.412,1,Oct 12 2023 14: +0,1697115600
2.253,1,Oct 12 2023 19: +0,1697133600
0.321,1,Oct 12 2023 21: +0,1697140800
0.378,1,Oct 12 2023 22: +0,1697144400
0.375,1,Oct 12 2023 23: +0,1697148000
0.397,1,Oct 13 2023 00: +0,1697151600
0.442,2,Oct 13 2023 06: +0,1697173200
0.382,1,Oct 13 2023 08: +0,1697180400
0.354,1,Oct 13 2023 11: +0,1697191200
0.33,1,Oct 13 2023 14: +0,1697202000
0.349,1,Oct 13 2023 18: +0,1697216400
0.39,2,Oct 13 2023 20: +0,1697223600
0.407,1,Oct 14 2023 03: +0,1697248800
0.398,1,Oct 14 2023 08: +0,1697266800
0.397,1,Oct 14 2023 11: +0,1697277600
0.329,1,Oct 14 2023 15: +0,1697292000
0.406,1,Oct 14 2023 17: +0,1697299200
0.329,1,Oct 14 2023 18: +0,1697302800
0.425,1,Oct 14 2023 19: +0,1697306400
0.443,1,Oct 14 2023 20: +0,1697310000
0.352,2,Oct 15 2023 08: +0,1697353200
0.398,1,Oct 15 2023 15: +0,1697378400
0.354,1,Oct 15 2023 18: +0,1697389200
0.386,1,Oct 15 2023 22: +0,1697403600
0.338,1,Oct 15 2023 23: +0,1697407200
0.484,1,Oct 16 2023 08: +0,1697439600
0.398,1,Oct 16 2023 14: +0,1697461200
0.42,2,Oct 16 2023 18: +0,1697475600
0.358,1,Oct 16 2023 19: +0,1697479200
0.444,1,Oct 16 2023 20: +0,1697482800
0.378,2,Oct 17 2023 09: +0,1697529600
0.417,1,Oct 17 2023 14: +0,1697547600
0.805,2,Oct 17 2023 15: +0,1697551200
0.288,1,Oct 18 2023 05: +0,1697601600
0.28,1,Oct 19 2023 02: +0,1697677200
0.29,1,Oct 19 2023 08: +0,1697698800
0.354,1,Oct 19 2023 09: +0,1697702400
0.416,1,Oct 19 2023 16: +0,1697727600
1.284,1,Oct 20 2023 02: +0,1697763600
0.407,1,Oct 20 2023 03: +0,1697767200
0.256,1,Oct 20 2023 05: +0,1697774400
0.34,1,Oct 20 2023 13: +0,1697803200
0.338,1,Oct 20 2023 18: +0,1697821200
0.408,1,Oct 20 2023 19: +0,1697824800
0.321,1,Oct 20 2023 21: +0,1697832000
0.412,1,Oct 21 2023 01: +0,1697846400
0.838,2,Oct 21 2023 10: +0,1697878800
0.395,1,Oct 21 2023 14: +0,1697893200
0.395,2,Oct 21 2023 19: +0,1697911200
0.33,1,Oct 22 2023 05: +0,1697947200
0.393,1,Oct 22 2023 13: +0,1697976000
0.413,1,Oct 23 2023 12: +0,1698058800
0.33,1,Oct 23 2023 19: +0,1698084000
0.398,2,Oct 23 2023 20: +0,1698087600
0.359,1,Oct 25 2023 00: +0,1698188400
0.427,1,Oct 25 2023 07: +0,1698213600
0.359,1,Oct 25 2023 11: +0,1698228000
0.431,1,Oct 25 2023 12: +0,1698231600
0.345,1,Oct 25 2023 16: +0,1698246000
0.377,1,Oct 25 2023 20: +0,1698260400
0.396,1,Oct 26 2023 05: +0,1698292800
0.431,2,Oct 26 2023 11: +0,1698314400
0.349,4,Oct 27 2023 05: +0,1698379200
0.352,1,Oct 27 2023 23: +0,1698444000
0.498,1,Oct 28 2023 01: +0,1698451200
0.333,1,Oct 28 2023 07: +0,1698472800
0.498,2,Oct 28 2023 10: +0,1698483600
0.349,1,Oct 28 2023 20: +0,1698519600
0.471,1,Oct 29 2023 06: +0,1698559200
1.314,1,Oct 29 2023 09: +0,1698570000
0.464,1,Oct 29 2023 21: +0,1698613200
0.593,1,Oct 30 2023 00: +0,1698624000
0.334,1,Oct 30 2023 16: +0,1698681600
0.349,1,Oct 30 2023 17: +0,1698685200
0.448,1,Oct 30 2023 23: +0,1698706800
0.455,1,Oct 31 2023 16: +0,1698768000
0.384,2,Nov 01 2023 08: +0,1698825600
0.349,3,Nov 01 2023 13: +0,1698843600
0.444,1,Nov 01 2023 23: +0,1698879600
0.367,1,Nov 02 2023 12: +0,1698926400
0.401,1,Nov 02 2023 21: +0,1698958800
0.349,1,Nov 03 2023 00: +0,1698969600
0.42,1,Nov 03 2023 05: +0,1698987600
0.392,1,Nov 03 2023 08: +0,1698998400
0.392,1,Nov 04 2023 13: +0,1699102800
0.271,1,Nov 04 2023 18: +0,1699120800
0.383,1,Nov 05 2023 10: +0,1699178400
0.349,1,Nov 05 2023 11: +0,1699182000
0.349,1,Nov 05 2023 12: +0,1699185600
0.376,2,Nov 05 2023 16: +0,1699200000
1.998,1,Nov 05 2023 21: +0,1699218000
0.415,2,Nov 06 2023 05: +0,1699246800
0.369,1,Nov 07 2023 05: +0,1699333200
0.38,3,Nov 07 2023 16: +0,1699372800
0.422,1,Nov 07 2023 18: +0,1699380000
0.409,1,Nov 07 2023 22: +0,1699394400
0.305,1,Nov 08 2023 10: +0,1699437600
0.411,1,Nov 08 2023 13: +0,1699448400
0.419,1,Nov 08 2023 19: +0,1699470000
0.349,2,Nov 08 2023 20: +0,1699473600
0.345,1,Nov 08 2023 21: +0,1699477200
0.397,1,Nov 08 2023 23: +0,1699484400
0.575,1,Nov 09 2023 01: +0,1699491600
0.314,1,Nov 09 2023 11: +0,1699527600
0.297,1,Nov 09 2023 14: +0,1699538400
0.406,1,Nov 10 2023 18: +0,1699639200
0.443,3,Nov 10 2023 19: +0,1699642800
0.578,1,Nov 10 2023 22: +0,1699653600
0.995,1,Nov 10 2023 23: +0,1699657200
0.562,1,Nov 11 2023 10: +0,1699696800
0.937,1,Nov 11 2023 13: +0,1699707600
0.887,1,Nov 11 2023 14: +0,1699711200
0.351,1,Nov 12 2023 03: +0,1699758000
0.314,1,Nov 12 2023 04: +0,1699761600
0.514,1,Nov 13 2023 13: +0,1699880400
0.537,1,Nov 13 2023 14: +0,1699884000
0.345,1,Nov 14 2023 13: +0,1699966800
0.443,1,Nov 14 2023 15: +0,1699974000
0.688,1,Nov 15 2023 01: +0,1700010000
0.441,1,Nov 15 2023 06: +0,1700028000
0.433,1,Nov 15 2023 11: +0,1700046000
0.618,1,Nov 15 2023 15: +0,1700060400
0.308,1,Nov 15 2023 23: +0,1700089200
0.583,1,Nov 17 2023 20: +0,1700251200
0.452,1,Nov 18 2023 00: +0,1700265600
0.452,1,Nov 18 2023 10: +0,1700301600
0.517,1,Nov 18 2023 15: +0,1700319600
0.441,1,Nov 18 2023 17: +0,1700326800
0.451,1,Nov 18 2023 22: +0,1700344800
0.445,1,Nov 18 2023 23: +0,1700348400
0.445,1,Nov 19 2023 02: +0,1700359200
0.501,3,Nov 19 2023 06: +0,1700373600
0.497,1,Nov 19 2023 12: +0,1700395200
0.462,1,Nov 19 2023 19: +0,1700420400
0.368,1,Nov 19 2023 22: +0,1700431200
0.583,1,Nov 20 2023 00: +0,1700438400
0.453,1,Nov 20 2023 12: +0,1700481600
0.417,1,Nov 20 2023 17: +0,1700499600
0.401,1,Nov 20 2023 23: +0,1700521200
70.09,1,Nov 21 2023 02: +0,1700532000
8.825,1,Nov 21 2023 04: +0,1700539200
0.434,2,Nov 21 2023 13: +0,1700571600
0.425,1,Nov 21 2023 16: +0,1700582400
0.401,1,Nov 21 2023 18: +0,1700589600
0.441,2,Nov 21 2023 21: +0,1700600400
0.441,1,Nov 21 2023 23: +0,1700607600
0.401,1,Nov 22 2023 03: +0,1700622000
0.441,1,Nov 22 2023 04: +0,1700625600
0.464,2,Nov 22 2023 07: +0,1700636400
0.478,1,Nov 22 2023 23: +0,1700694000
0.46,1,Nov 23 2023 01: +0,1700701200
0.481,1,Nov 23 2023 08: +0,1700726400
0.488,2,Nov 23 2023 14: +0,1700748000
0.446,1,Nov 24 2023 05: +0,1700802000
0.497,1,Nov 24 2023 07: +0,1700809200
0.54,1,Nov 24 2023 09: +0,1700816400
0.54,1,Nov 24 2023 10: +0,1700820000
0.497,1,Nov 24 2023 12: +0,1700827200
0.497,1,Nov 24 2023 13: +0,1700830800
0.481,1,Nov 24 2023 21: +0,1700859600
0.512,1,Nov 24 2023 23: +0,1700866800
0.533,5,Nov 25 2023 00: +0,1700870400
0.532,1,Nov 25 2023 17: +0,1700931600
0.523,1,Nov 26 2023 08: +0,1700985600
0.499,4,Nov 26 2023 11: +0,1700996400
0.495,1,Nov 26 2023 12: +0,1701000000
0.585,1,Nov 26 2023 15: +0,1701010800
0.421,1,Nov 26 2023 19: +0,1701025200
0.508,2,Nov 27 2023 01: +0,1701046800
0.519,1,Nov 27 2023 06: +0,1701064800
1.003,1,Nov 27 2023 10: +0,1701079200
0.539,1,Nov 27 2023 16: +0,1701100800
0.589,1,Nov 27 2023 20: +0,1701115200
4.075,1,Nov 28 2023 07: +0,1701154800
0.519,1,Nov 28 2023 12: +0,1701172800
0.864,1,Nov 28 2023 15: +0,1701183600
0.519,1,Nov 29 2023 15: +0,1701270000
0.47,1,Nov 29 2023 16: +0,1701273600
0.503,1,Nov 29 2023 22: +0,1701295200
0.62,1,Nov 30 2023 04: +0,1701316800
0.511,1,Nov 30 2023 08: +0,1701331200
0.536,2,Nov 30 2023 17: +0,1701363600
0.439,1,Dec 01 2023 03: +0,1701399600
0.439,1,Dec 01 2023 15: +0,1701442800
0.408,1,Dec 02 2023 07: +0,1701500400
0.445,1,Dec 02 2023 18: +0,1701540000
0.487,1,Dec 03 2023 01: +0,1701565200
0.479,1,Dec 03 2023 05: +0,1701579600
0.397,1,Dec 03 2023 09: +0,1701594000
0.496,1,Dec 03 2023 11: +0,1701601200
0.455,1,Dec 03 2023 13: +0,1701608400
0.445,1,Dec 04 2023 02: +0,1701655200
0.439,1,Dec 04 2023 03: +0,1701658800
0.455,1,Dec 04 2023 10: +0,1701684000
0.165,1,Dec 04 2023 20: +0,1701720000
0.557,1,Dec 04 2023 22: +0,1701727200
0.441,1,Dec 05 2023 04: +0,1701748800
0.43,2,Dec 06 2023 15: +0,1701874800
0.402,1,Dec 06 2023 18: +0,1701885600
0.423,1,Dec 07 2023 01: +0,1701910800
0.434,1,Dec 07 2023 21: +0,1701982800
0.451,1,Dec 08 2023 00: +0,1701993600
0.452,1,Dec 08 2023 03: +0,1702004400
0.435,1,Dec 08 2023 06: +0,1702015200
0.434,2,Dec 08 2023 08: +0,1702022400
0.434,2,Dec 08 2023 09: +0,1702026000
0.434,1,Dec 08 2023 13: +0,1702040400
0.453,1,Dec 09 2023 01: +0,1702083600
0.432,1,Dec 09 2023 03: +0,1702090800
0.439,1,Dec 09 2023 06: +0,1702101600
0.453,1,Dec 09 2023 08: +0,1702108800
0.379,2,Dec 09 2023 11: +0,1702119600
0.408,1,Dec 09 2023 12: +0,1702123200
0.383,2,Dec 09 2023 15: +0,1702134000
0.336,1,Dec 09 2023 20: +0,1702152000
0.373,1,Dec 09 2023 22: +0,1702159200
0.386,1,Dec 10 2023 08: +0,1702195200
0.384,1,Dec 10 2023 10: +0,1702202400
0.377,2,Dec 11 2023 03: +0,1702263600
0.379,1,Dec 11 2023 07: +0,1702278000
0.387,1,Dec 11 2023 17: +0,1702314000
0.39,1,Dec 12 2023 01: +0,1702342800
0.597,1,Dec 12 2023 07: +0,1702364400
0.382,1,Dec 12 2023 16: +0,1702396800
0.387,1,Dec 13 2023 05: +0,1702443600
0.381,1,Dec 13 2023 09: +0,1702458000
0.387,1,Dec 13 2023 10: +0,1702461600
0.395,2,Dec 13 2023 11: +0,1702465200
0.395,1,Dec 13 2023 16: +0,1702483200
0.39,1,Dec 13 2023 19: +0,1702494000
0.371,3,Dec 13 2023 20: +0,1702497600
0.425,1,Dec 13 2023 21: +0,1702501200
0.403,1,Dec 14 2023 03: +0,1702522800
0.434,2,Dec 14 2023 16: +0,1702569600
0.798,1,Dec 15 2023 12: +0,1702641600
0.446,1,Dec 15 2023 13: +0,1702645200
0.434,1,Dec 15 2023 15: +0,1702652400
0.924,1,Dec 15 2023 18: +0,1702663200
0.45,1,Dec 16 2023 06: +0,1702706400
0.426,1,Dec 16 2023 09: +0,1702717200
0.418,2,Dec 16 2023 11: +0,1702724400
0.458,1,Dec 16 2023 15: +0,1702738800
0.407,1,Dec 17 2023 11: +0,1702810800
0.443,2,Dec 17 2023 12: +0,1702814400
0.434,1,Dec 17 2023 18: +0,1702836000
0.434,1,Dec 17 2023 19: +0,1702839600
2.005,1,Dec 18 2023 17: +0,1702918800
0.656,1,Dec 19 2023 23: +0,1703026800
0.505,1,Dec 21 2023 13: +0,1703163600
0.456,2,Dec 21 2023 20: +0,1703188800
0.472,1,Dec 21 2023 23: +0,1703199600
0.433,2,Dec 22 2023 05: +0,1703221200
0.567,4,Dec 22 2023 13: +0,1703250000
0.457,1,Dec 22 2023 19: +0,1703271600
0.51,1,Dec 22 2023 21: +0,1703278800
0.532,2,Dec 23 2023 02: +0,1703296800
0.499,1,Dec 23 2023 08: +0,1703318400
0.47,1,Dec 23 2023 15: +0,1703343600
0.444,1,Dec 23 2023 16: +0,1703347200
0.409,1,Dec 25 2023 00: +0,1703462400
0.446,3,Dec 25 2023 06: +0,1703484000
0.445,1,Dec 25 2023 19: +0,1703530800
0.426,1,Dec 25 2023 20: +0,1703534400
0.426,1,Dec 26 2023 12: +0,1703592000
0.431,1,Dec 26 2023 18: +0,1703613600
0.419,1,Dec 26 2023 21: +0,1703624400
0.444,1,Dec 26 2023 23: +0,1703631600
0.69,1,Dec 27 2023 06: +0,1703656800
0.441,1,Dec 27 2023 16: +0,1703692800
0.386,1,Dec 27 2023 22: +0,1703714400
0.431,1,Dec 27 2023 23: +0,1703718000
0.456,1,Dec 28 2023 05: +0,1703739600
0.453,1,Dec 28 2023 23: +0,1703804400
0.453,1,Dec 29 2023 00: +0,1703808000
0.437,1,Dec 29 2023 09: +0,1703840400
0.409,2,Dec 29 2023 21: +0,1703883600
0.338,1,Dec 30 2023 04: +0,1703908800
0.452,1,Dec 30 2023 12: +0,1703937600
0.338,1,Dec 30 2023 13: +0,1703941200
0.74,1,Dec 30 2023 18: +0,1703959200
0.444,1,Dec 31 2023 11: +0,1704020400
0.438,2,Dec 31 2023 13: +0,1704027600
0.452,1,Jan 01 2024 04: +0,1704081600
0.401,1,Jan 01 2024 19: +0,1704135600
0.464,1,Jan 02 2024 06: +0,1704175200
0.433,1,Jan 03 2024 05: +0,1704258000
0.425,1,Jan 03 2024 18: +0,1704304800
0.434,2,Jan 03 2024 20: +0,1704312000
0.417,1,Jan 03 2024 22: +0,1704319200
0.433,3,Jan 04 2024 13: +0,1704373200
0.444,1,Jan 04 2024 22: +0,1704405600
0.378,1,Jan 05 2024 14: +0,1704463200
0.322,1,Jan 05 2024 17: +0,1704474000
0.452,1,Jan 06 2024 05: +0,1704517200
0.448,1,Jan 06 2024 06: +0,1704520800
0.338,1,Jan 06 2024 11: +0,1704538800
0.354,1,Jan 06 2024 14: +0,1704549600
0.32,1,Jan 06 2024 17: +0,1704560400
0.324,1,Jan 07 2024 02: +0,1704592800
0.315,1,Jan 07 2024 19: +0,1704654000
0.296,1,Jan 07 2024 21: +0,1704661200
0.307,1,Jan 08 2024 08: +0,1704700800
0.389,1,Jan 08 2024 11: +0,1704711600
0.396,1,Jan 08 2024 15: +0,1704726000
0.214,1,Jan 08 2024 16: +0,1704729600
0.322,1,Jan 08 2024 18: +0,1704736800
0.393,1,Jan 08 2024 19: +0,1704740400
0.361,1,Jan 10 2024 10: +0,1704880800
0.361,1,Jan 10 2024 18: +0,1704909600
0.343,2,Jan 11 2024 20: +0,1705003200
0.34,1,Jan 11 2024 21: +0,1705006800
0.34,1,Jan 12 2024 03: +0,1705028400
0.332,1,Jan 12 2024 10: +0,1705053600
0.355,1,Jan 12 2024 19: +0,1705086000
0.291,1,Jan 13 2024 01: +0,1705107600
0.353,1,Jan 13 2024 16: +0,1705161600
0.242,1,Jan 14 2024 00: +0,1705190400
0.229,1,Jan 14 2024 04: +0,1705204800
0.332,1,Jan 14 2024 15: +0,1705244400
0.32,1,Jan 14 2024 17: +0,1705251600
0.259,1,Jan 14 2024 18: +0,1705255200
0.318,1,Jan 15 2024 06: +0,1705298400
0.359,1,Jan 15 2024 12: +0,1705320000
0.267,1,Jan 15 2024 18: +0,1705341600
0.3,1,Jan 16 2024 03: +0,1705374000
0.31,1,Jan 16 2024 08: +0,1705392000
0.257,1,Jan 18 2024 01: +0,1705539600
0.306,1,Jan 18 2024 07: +0,1705561200
0.267,1,Jan 19 2024 02: +0,1705629600
0.364,1,Jan 19 2024 06: +0,1705644000
0.267,1,Jan 20 2024 08: +0,1705737600
0.312,1,Jan 20 2024 10: +0,1705744800
0.355,1,Jan 20 2024 13: +0,1705755600
0.32,1,Jan 21 2024 03: +0,1705806000
0.461,11,Jan 21 2024 21: +0,1705870800
0.259,1,Jan 22 2024 23: +0,1705964400
0.285,1,Jan 23 2024 07: +0,1705993200
0.286,1,Jan 23 2024 08: +0,1705996800
0.284,1,Jan 24 2024 14: +0,1706104800
0.284,1,Jan 25 2024 09: +0,1706173200
0.16,1,Jan 25 2024 11: +0,1706180400
0.316,1,Jan 26 2024 00: +0,1706227200
0.248,1,Jan 26 2024 11: +0,1706266800
0.282,1,Jan 26 2024 15: +0,1706281200
0.268,13,Jan 27 2024 06: +0,1706335200
0.3,1,Jan 27 2024 11: +0,1706353200
0.365,1,Jan 27 2024 13: +0,1706360400
0.215,1,Jan 27 2024 17: +0,1706374800
0.302,1,Jan 27 2024 18: +0,1706378400
0.304,1,Jan 27 2024 19: +0,1706382000
0.268,1,Jan 28 2024 05: +0,1706418000
0.273,1,Jan 28 2024 09: +0,1706432400
0.329,1,Jan 28 2024 11: +0,1706439600
0.276,1,Jan 28 2024 18: +0,1706464800
0.27,1,Jan 30 2024 05: +0,1706590800
0.282,1,Jan 30 2024 09: +0,1706605200
0.343,1,Jan 30 2024 17: +0,1706634000
0.327,1,Jan 31 2024 12: +0,1706702400
0.366,1,Jan 31 2024 16: +0,1706716800
0.296,1,Jan 31 2024 21: +0,1706734800
0.405,1,Feb 01 2024 03: +0,1706756400
0.278,1,Feb 02 2024 10: +0,1706868000
0.278,1,Feb 02 2024 21: +0,1706907600
0.278,1,Feb 03 2024 02: +0,1706925600
0.274,1,Feb 03 2024 06: +0,1706940000
0.299,1,Feb 03 2024 08: +0,1706947200
0.267,1,Feb 03 2024 18: +0,1706983200
0.259,1,Feb 04 2024 03: +0,1707015600
0.254,1,Feb 04 2024 12: +0,1707048000
0.254,1,Feb 04 2024 17: +0,1707066000
0.266,2,Feb 04 2024 19: +0,1707073200
0.265,3,Feb 05 2024 14: +0,1707141600
0.291,1,Feb 05 2024 18: +0,1707156000
0.136,1,Feb 05 2024 23: +0,1707174000
0.293,1,Feb 06 2024 06: +0,1707199200
0.168,1,Feb 06 2024 12: +0,1707220800
0.29,1,Feb 06 2024 21: +0,1707253200
0.286,1,Feb 07 2024 06: +0,1707285600
0.266,1,Feb 07 2024 09: +0,1707296400
0.27,1,Feb 08 2024 00: +0,1707350400
0.23,1,Feb 08 2024 07: +0,1707375600
0.285,1,Feb 08 2024 08: +0,1707379200
0.222,1,Feb 08 2024 17: +0,1707411600
0.323,2,Feb 08 2024 19: +0,1707418800
0.303,1,Feb 08 2024 20: +0,1707422400
0.288,1,Feb 08 2024 22: +0,1707429600
0.299,1,Feb 09 2024 10: +0,1707472800
0.254,1,Feb 10 2024 23: +0,1707606000
0.254,1,Feb 11 2024 12: +0,1707652800
0.237,2,Feb 11 2024 17: +0,1707670800
0.256,1,Feb 11 2024 19: +0,1707678000
0.251,2,Feb 12 2024 13: +0,1707742800
0.301,1,Feb 12 2024 21: +0,1707771600
0.259,1,Feb 13 2024 03: +0,1707793200
0.195,1,Feb 13 2024 06: +0,1707804000
0.302,1,Feb 13 2024 19: +0,1707850800
0.303,1,Feb 14 2024 09: +0,1707901200
0.277,2,Feb 14 2024 11: +0,1707908400
0.304,1,Feb 14 2024 17: +0,1707930000
0.312,1,Feb 14 2024 18: +0,1707933600
0.247,1,Feb 14 2024 19: +0,1707937200
0.64,1,Feb 14 2024 20: +0,1707940800
0.255,1,Feb 15 2024 08: +0,1707984000
0.964,1,Feb 15 2024 11: +0,1707994800
0.256,1,Feb 15 2024 16: +0,1708012800
0.249,1,Feb 15 2024 23: +0,1708038000
0.266,1,Feb 16 2024 07: +0,1708066800
0.268,1,Feb 16 2024 08: +0,1708070400
0.365,1,Feb 16 2024 13: +0,1708088400
0.281,1,Feb 16 2024 15: +0,1708095600
0.316,1,Feb 16 2024 17: +0,1708102800
0.33,1,Feb 16 2024 20: +0,1708113600
0.334,1,Feb 17 2024 01: +0,1708131600
0.332,2,Feb 17 2024 09: +0,1708160400
0.295,1,Feb 17 2024 21: +0,1708203600
0.298,1,Feb 18 2024 02: +0,1708221600
0.333,2,Feb 18 2024 04: +0,1708228800
0.299,1,Feb 18 2024 10: +0,1708250400
0.298,4,Feb 18 2024 15: +0,1708268400
0.3,1,Feb 18 2024 16: +0,1708272000
0.302,1,Feb 18 2024 18: +0,1708279200
0.333,2,Feb 18 2024 21: +0,1708290000
0.282,2,Feb 18 2024 23: +0,1708297200
0.305,1,Feb 19 2024 00: +0,1708300800
0.328,1,Feb 19 2024 13: +0,1708347600
0.325,2,Feb 19 2024 17: +0,1708362000
0.341,1,Feb 20 2024 04: +0,1708401600
0.39,1,Feb 20 2024 11: +0,1708426800
0.252,1,Feb 20 2024 12: +0,1708430400
0.423,1,Feb 20 2024 13: +0,1708434000
0.426,1,Feb 20 2024 16: +0,1708444800
0.228,1,Feb 20 2024 23: +0,1708470000
0.425,1,Feb 21 2024 08: +0,1708502400
0.435,1,Feb 21 2024 09: +0,1708506000
0.955,2,Feb 21 2024 14: +0,1708524000
0.717,1,Feb 21 2024 16: +0,1708531200
0.439,2,Feb 21 2024 18: +0,1708538400
0.228,1,Feb 22 2024 21: +0,1708635600
0.319,1,Feb 22 2024 22: +0,1708639200
0.392,1,Feb 23 2024 10: +0,1708682400
0.397,1,Feb 23 2024 15: +0,1708700400
0.394,1,Feb 24 2024 02: +0,1708740000
0.294,1,Feb 24 2024 13: +0,1708779600
0.293,1,Feb 24 2024 15: +0,1708786800
0.252,1,Feb 24 2024 18: +0,1708797600
0.294,1,Feb 24 2024 22: +0,1708812000
0.316,3,Feb 24 2024 23: +0,1708815600
0.323,1,Feb 25 2024 05: +0,1708837200
0.35,1,Feb 26 2024 10: +0,1708941600
0.371,3,Feb 26 2024 22: +0,1708984800
0.253,2,Feb 27 2024 14: +0,1709042400
0.298,1,Feb 27 2024 18: +0,1709056800
0.26,1,Feb 27 2024 20: +0,1709064000
0.317,1,Feb 27 2024 21: +0,1709067600
0.256,1,Feb 28 2024 09: +0,1709110800
0.317,1,Feb 28 2024 16: +0,1709136000
0.316,1,Feb 28 2024 22: +0,1709157600
0.316,1,Feb 29 2024 05: +0,1709182800
0.254,1,Feb 29 2024 15: +0,1709218800
0.351,1,Feb 29 2024 16: +0,1709222400
0.366,2,Mar 01 2024 15: +0,1709305200
0.253,1,Mar 02 2024 13: +0,1709384400
0.313,1,Mar 03 2024 05: +0,1709442000
0.316,1,Mar 03 2024 08: +0,1709452800
0.315,1,Mar 03 2024 14: +0,1709474400
0.374,1,Mar 03 2024 20: +0,1709496000
0.193,1,Mar 04 2024 14: +0,1709560800
0.359,1,Mar 04 2024 16: +0,1709568000
0.421,1,Mar 05 2024 03: +0,1709607600
0.339,1,Mar 05 2024 04: +0,1709611200
0.35,1,Mar 05 2024 05: +0,1709614800
0.428,1,Mar 05 2024 10: +0,1709632800
0.353,1,Mar 05 2024 20: +0,1709668800
0.374,3,Mar 05 2024 21: +0,1709672400
0.543,1,Mar 06 2024 02: +0,1709690400
0.333,1,Mar 06 2024 06: +0,1709704800
1.0,1,Mar 06 2024 10: +0,1709719200
0.334,1,Mar 06 2024 17: +0,1709744400
0.389,1,Mar 07 2024 07: +0,1709794800
0.388,2,Mar 07 2024 10: +0,1709805600
0.39,1,Mar 07 2024 13: +0,1709816400
0.388,1,Mar 08 2024 14: +0,1709906400
0.378,1,Mar 08 2024 15: +0,1709910000
0.392,1,Mar 08 2024 19: +0,1709924400
0.357,1,Mar 08 2024 21: +0,1709931600
0.289,1,Mar 09 2024 02: +0,1709949600
0.289,1,Mar 09 2024 12: +0,1709985600
0.289,1,Mar 09 2024 18: +0,1710007200
0.332,1,Mar 10 2024 04: +0,1710043200
0.342,1,Mar 10 2024 05: +0,1710046800
0.349,1,Mar 10 2024 11: +0,1710068400
0.358,1,Mar 10 2024 12: +0,1710072000
0.349,1,Mar 10 2024 14: +0,1710079200
0.278,1,Mar 10 2024 15: +0,1710082800
0.35,1,Mar 10 2024 17: +0,1710090000
0.35,1,Mar 10 2024 22: +0,1710108000
0.362,1,Mar 11 2024 02: +0,1710122400
0.35,1,Mar 11 2024 16: +0,1710172800
0.352,1,Mar 11 2024 20: +0,1710187200
0.354,1,Mar 12 2024 14: +0,1710252000
0.26,1,Mar 12 2024 23: +0,1710284400
0.366,1,Mar 13 2024 00: +0,1710288000
0.252,1,Mar 13 2024 11: +0,1710327600
0.327,1,Mar 13 2024 13: +0,1710334800
0.294,1,Mar 13 2024 16: +0,1710345600
0.36,1,Mar 13 2024 17: +0,1710349200
0.252,1,Mar 14 2024 12: +0,1710417600
0.324,1,Mar 14 2024 15: +0,1710428400
0.249,1,Mar 14 2024 17: +0,1710435600
0.263,1,Mar 14 2024 21: +0,1710450000
0.276,1,Mar 16 2024 03: +0,1710558000
0.325,1,Mar 16 2024 13: +0,1710594000
0.275,1,Mar 16 2024 14: +0,1710597600
0.231,1,Mar 16 2024 15: +0,1710601200
0.325,1,Mar 16 2024 16: +0,1710604800
0.343,1,Mar 17 2024 02: +0,1710640800
0.429,1,Mar 17 2024 12: +0,1710676800
0.272,1,Mar 19 2024 03: +0,1710817200
0.277,1,Mar 19 2024 06: +0,1710828000
1.158,1,Mar 19 2024 17: +0,1710867600
0.385,1,Mar 19 2024 20: +0,1710878400
0.253,1,Mar 20 2024 03: +0,1710903600
0.291,1,Mar 20 2024 10: +0,1710928800
0.266,1,Mar 20 2024 12: +0,1710936000
0.306,1,Mar 20 2024 15: +0,1710946800
0.246,1,Mar 20 2024 22: +0,1710972000
0.213,1,Mar 21 2024 06: +0,1711000800
0.308,1,Mar 22 2024 07: +0,1711090800
8.683,1,Mar 22 2024 08: +0,1711094400
0.308,1,Mar 22 2024 16: +0,1711123200
0.303,2,Mar 22 2024 20: +0,1711137600
0.236,1,Mar 23 2024 13: +0,1711198800
0.246,1,Mar 23 2024 14: +0,1711202400
0.304,1,Mar 24 2024 11: +0,1711278000
0.3,1,Mar 24 2024 13: +0,1711285200
0.3,1,Mar 25 2024 18: +0,1711389600
0.306,1,Mar 26 2024 04: +0,1711425600
0.271,3,Mar 26 2024 20: +0,1711483200
0.805,1,Mar 27 2024 11: +0,1711537200
0.273,1,Mar 28 2024 07: +0,1711609200
0.263,1,Mar 28 2024 11: +0,1711623600
0.213,2,Mar 28 2024 18: +0,1711648800
0.271,1,Mar 28 2024 21: +0,1711659600
0.253,1,Mar 29 2024 00: +0,1711670400
0.248,1,Mar 30 2024 10: +0,1711792800
0.256,1,Mar 30 2024 13: +0,1711803600
0.274,1,Mar 30 2024 14: +0,1711807200
0.241,1,Mar 30 2024 19: +0,1711825200
2.091,1,Mar 31 2024 05: +0,1711857600
0.248,1,Apr 01 2024 16: +0,1711983600
0.236,1,Apr 02 2024 00: +0,1712012400
0.253,1,Apr 02 2024 06: +0,1712034000
0.195,1,Apr 02 2024 22: +0,1712091600
0.234,1,Apr 03 2024 16: +0,1712156400
0.298,1,Apr 03 2024 23: +0,1712181600
0.248,2,Apr 04 2024 07: +0,1712210400
0.23,1,Apr 04 2024 09: +0,1712217600
0.686,1,Apr 04 2024 14: +0,1712235600
0.457,1,Apr 05 2024 04: +0,1712286000
0.231,1,Apr 06 2024 08: +0,1712386800
0.249,1,Apr 06 2024 10: +0,1712394000
0.31,1,Apr 06 2024 17: +0,1712419200
1.491,1,Apr 06 2024 18: +0,1712422800
0.217,1,Apr 07 2024 06: +0,1712466000
0.243,1,Apr 07 2024 09: +0,1712476800
0.249,1,Apr 07 2024 13: +0,1712491200
0.259,1,Apr 07 2024 18: +0,1712509200
0.259,1,Apr 07 2024 22: +0,1712523600
0.281,1,Apr 08 2024 07: +0,1712556000
0.258,1,Apr 08 2024 15: +0,1712584800
0.259,1,Apr 08 2024 16: +0,1712588400
0.257,1,Apr 08 2024 20: +0,1712602800
0.253,1,Apr 08 2024 21: +0,1712606400
0.244,1,Apr 08 2024 22: +0,1712610000
4.465,1,Apr 09 2024 00: +0,1712617200
0.361,1,Apr 09 2024 04: +0,1712631600
0.253,1,Apr 09 2024 21: +0,1712692800
0.231,1,Apr 10 2024 03: +0,1712714400
0.258,1,Apr 10 2024 15: +0,1712757600
0.318,2,Apr 10 2024 16: +0,1712761200
0.231,1,Apr 11 2024 14: +0,1712840400
0.384,1,Apr 11 2024 16: +0,1712847600
0.259,1,Apr 12 2024 10: +0,1712912400
0.267,1,Apr 12 2024 19: +0,1712944800
0.394,1,Apr 13 2024 13: +0,1713009600
0.273,3,Apr 14 2024 03: +0,1713060000
0.255,1,Apr 14 2024 20: +0,1713121200
0.252,1,Apr 15 2024 11: +0,1713175200
2.384,1,Apr 15 2024 23: +0,1713218400
0.265,1,Apr 16 2024 15: +0,1713276000
0.771,1,Apr 17 2024 16: +0,1713366000
0.265,6,Apr 18 2024 09: +0,1713427200
0.277,1,Apr 18 2024 23: +0,1713477600
0.201,1,Apr 19 2024 18: +0,1713546000
0.273,1,Apr 19 2024 19: +0,1713549600
0.197,1,Apr 20 2024 11: +0,1713607200
0.199,1,Apr 20 2024 19: +0,1713636000
0.258,1,Apr 21 2024 10: +0,1713690000
0.258,1,Apr 21 2024 15: +0,1713708000
0.278,1,Apr 21 2024 21: +0,1713729600
1.118,1,Apr 22 2024 00: +0,1713740400
0.251,1,Apr 22 2024 10: +0,1713776400
0.264,1,Apr 22 2024 17: +0,1713801600
0.279,1,Apr 22 2024 20: +0,1713812400
0.275,1,Apr 22 2024 22: +0,1713819600
0.415,1,Apr 23 2024 00: +0,1713826800
0.271,1,Apr 23 2024 07: +0,1713852000
0.239,1,Apr 23 2024 10: +0,1713862800
0.274,1,Apr 24 2024 01: +0,1713916800
0.306,1,Apr 24 2024 12: +0,1713956400
0.289,2,Apr 24 2024 19: +0,1713981600
0.255,1,Apr 25 2024 15: +0,1714053600
0.329,1,Apr 25 2024 16: +0,1714057200
0.255,1,Apr 26 2024 06: +0,1714107600
0.324,1,Apr 26 2024 12: +0,1714129200
0.301,1,Apr 26 2024 15: +0,1714140000
0.303,1,Apr 27 2024 02: +0,1714179600
0.335,1,Apr 27 2024 22: +0,1714251600
0.335,1,Apr 27 2024 23: +0,1714255200
0.32,1,Apr 29 2024 04: +0,1714359600
0.317,1,Apr 30 2024 05: +0,1714449600
0.255,1,May 01 2024 11: +0,1714557600
0.228,1,May 01 2024 16: +0,1714575600
0.299,1,May 01 2024 17: +0,1714579200
0.247,1,May 02 2024 04: +0,1714618800
0.315,1,May 02 2024 05: +0,1714622400
0.3,1,May 02 2024 09: +0,1714636800
0.314,1,May 04 2024 14: +0,1714827600
0.274,1,May 04 2024 19: +0,1714845600
0.293,1,May 05 2024 11: +0,1714903200
0.248,1,May 05 2024 21: +0,1714939200
0.267,1,May 06 2024 17: +0,1715011200
0.288,1,May 06 2024 21: +0,1715025600
0.24,1,May 07 2024 21: +0,1715112000
0.328,1,May 08 2024 02: +0,1715130000
0.258,1,May 08 2024 05: +0,1715140800
0.283,2,May 09 2024 09: +0,1715241600
0.253,1,May 10 2024 06: +0,1715317200
0.194,1,May 11 2024 12: +0,1715425200
0.295,1,May 12 2024 13: +0,1715515200
1.277,1,May 12 2024 15: +0,1715522400
0.299,1,May 12 2024 16: +0,1715526000
0.306,1,May 14 2024 00: +0,1715641200
0.39,1,May 15 2024 13: +0,1715774400
0.307,1,May 16 2024 03: +0,1715824800
0.155,1,May 16 2024 04: +0,1715828400
0.315,1,May 16 2024 13: +0,1715860800
0.859,1,May 17 2024 00: +0,1715900400
0.306,1,May 17 2024 14: +0,1715950800
0.305,1,May 19 2024 10: +0,1716109200
0.311,1,May 19 2024 19: +0,1716141600
0.387,1,May 20 2024 01: +0,1716163200
0.324,1,May 20 2024 10: +0,1716195600
0.324,1,May 20 2024 13: +0,1716206400
0.256,1,May 21 2024 20: +0,1716318000
0.436,1,May 22 2024 21: +0,1716408000
0.531,1,May 23 2024 15: +0,1716472800
0.408,1,May 24 2024 00: +0,1716505200
0.078,1,May 25 2024 22: +0,1716670800
0.35,1,May 26 2024 03: +0,1716688800
0.406,1,May 26 2024 04: +0,1716692400
0.314,1,May 26 2024 16: +0,1716735600
0.251,1,May 26 2024 19: +0,1716746400
0.366,1,May 26 2024 20: +0,1716750000
0.33,1,May 27 2024 14: +0,1716814800
0.566,1,May 27 2024 16: +0,1716822000
0.343,1,May 29 2024 07: +0,1716962400
0.326,1,May 29 2024 09: +0,1716969600
0.408,1,May 31 2024 16: +0,1717167600
0.37,1,May 31 2024 21: +0,1717185600
0.339,1,Jun 01 2024 15: +0,1717250400
0.251,2,Jun 02 2024 13: +0,1717329600
0.447,1,Jun 02 2024 18: +0,1717347600
0.37,2,Jun 02 2024 20: +0,1717354800
0.394,1,Jun 04 2024 11: +0,1717495200
0.403,1,Jun 05 2024 07: +0,1717567200
0.332,1,Jun 05 2024 16: +0,1717599600
0.445,2,Jun 06 2024 15: +0,1717682400
0.5,1,Jun 06 2024 16: +0,1717686000
0.474,1,Jun 06 2024 22: +0,1717707600
0.405,1,Jun 07 2024 14: +0,1717765200
0.423,1,Jun 07 2024 18: +0,1717779600
0.476,1,Jun 08 2024 16: +0,1717858800
0.461,1,Jun 09 2024 16: +0,1717945200
0.444,1,Jun 09 2024 22: +0,1717966800
0.419,1,Jun 11 2024 02: +0,1718067600
0.45,1,Jun 11 2024 07: +0,1718085600
0.441,1,Jun 11 2024 16: +0,1718118000
0.153,1,Jun 12 2024 11: +0,1718186400
0.445,1,Jun 13 2024 00: +0,1718233200
0.355,1,Jun 14 2024 08: +0,1718348400
0.503,1,Jun 14 2024 15: +0,1718373600
