price,quantity,date,unix timestamp
12.633,2,Jul 01 2022 01: +0,1656633600
13.236,36,Jul 02 2022 01: +0,1656720000
11.499,59,Jul 03 2022 01: +0,1656806400
10.041,39,Jul 04 2022 01: +0,1656892800
9.539,56,Jul 05 2022 01: +0,1656979200
9.773,44,Jul 06 2022 01: +0,1657065600
9.878,35,Jul 07 2022 01: +0,1657152000
9.79,23,Jul 08 2022 01: +0,1657238400
9.966,41,Jul 09 2022 01: +0,1657324800
9.869,30,Jul 10 2022 01: +0,1657411200
9.631,36,Jul 11 2022 01: +0,1657497600
8.621,41,Jul 12 2022 01: +0,1657584000
8.662,26,Jul 13 2022 01: +0,1657670400
9.177,41,Jul 14 2022 01: +0,1657756800
9.397,19,Jul 15 2022 01: +0,1657843200
9.52,44,Jul 16 2022 01: +0,1657929600
8.96,37,Jul 17 2022 01: +0,1658016000
9.111,26,Jul 18 2022 01: +0,1658102400
9.412,41,Jul 19 2022 01: +0,1658188800
9.782,21,Jul 20 2022 01: +0,1658275200
8.813,45,Jul 21 2022 01: +0,1658361600
8.893,46,Jul 22 2022 01: +0,1658448000
8.246,40,Jul 23 2022 01: +0,1658534400
7.0,40,Jul 24 2022 01: +0,1658620800
6.342,25,Jul 25 2022 01: +0,1658707200
6.51,32,Jul 26 2022 01: +0,1658793600
6.159,39,Jul 27 2022 01: +0,1658880000
5.823,46,Jul 28 2022 01: +0,1658966400
6.462,25,Jul 29 2022 01: +0,1659052800
6.747,39,Jul 30 2022 01: +0,1659139200
7.764,40,Jul 31 2022 01: +0,1659225600
7.907,28,Aug 01 2022 01: +0,1659312000
7.641,38,Aug 02 2022 01: +0,1659398400
7.7,48,Aug 03 2022 01: +0,1659484800
7.208,23,Aug 04 2022 01: +0,1659571200
7.657,37,Aug 05 2022 01: +0,1659657600
7.647,31,Aug 06 2022 01: +0,1659744000
7.669,32,Aug 07 2022 01: +0,1659830400
7.295,21,Aug 08 2022 01: +0,1659916800
6.948,16,Aug 09 2022 01: +0,1660003200
6.567,52,Aug 10 2022 01: +0,1660089600
6.459,48,Aug 11 2022 01: +0,1660176000
6.95,46,Aug 12 2022 01: +0,1660262400
6.924,29,Aug 13 2022 01: +0,1660348800
6.344,36,Aug 14 2022 01: +0,1660435200
6.449,38,Aug 15 2022 01: +0,1660521600
6.725,36,Aug 16 2022 01: +0,1660608000
6.202,36,Aug 17 2022 01: +0,1660694400
6.123,35,Aug 18 2022 01: +0,1660780800
6.081,37,Aug 19 2022 01: +0,1660867200
6.266,45,Aug 20 2022 01: +0,1660953600
6.12,37,Aug 21 2022 01: +0,1661040000
5.978,24,Aug 22 2022 01: +0,1661126400
6.243,47,Aug 23 2022 01: +0,1661212800
6.293,41,Aug 24 2022 01: +0,1661299200
6.246,28,Aug 25 2022 01: +0,1661385600
6.421,32,Aug 26 2022 01: +0,1661472000
6.333,32,Aug 27 2022 01: +0,1661558400
6.464,37,Aug 28 2022 01: +0,1661644800
6.573,40,Aug 29 2022 01: +0,1661731200
6.384,34,Aug 30 2022 01: +0,1661817600
5.912,34,Aug 31 2022 01: +0,1661904000
6.008,51,Sep 01 2022 01: +0,1661990400
5.974,43,Sep 02 2022 01: +0,1662076800
5.825,46,Sep 03 2022 01: +0,1662163200
5.763,32,Sep 04 2022 01: +0,1662249600
6.064,31,Sep 05 2022 01: +0,1662336000
6.428,33,Sep 06 2022 01: +0,1662422400
6.164,33,Sep 07 2022 01: +0,1662508800
6.184,30,Sep 08 2022 01: +0,1662595200
6.082,41,Sep 09 2022 01: +0,1662681600
5.952,44,Sep 10 2022 01: +0,1662768000
5.536,38,Sep 11 2022 01: +0,1662854400
5.529,30,Sep 12 2022 01: +0,1662940800
5.667,38,Sep 13 2022 01: +0,1663027200
5.532,38,Sep 14 2022 01: +0,1663113600
5.565,37,Sep 15 2022 01: +0,1663200000
5.422,42,Sep 16 2022 01: +0,1663286400
5.287,34,Sep 17 2022 01: +0,1663372800
5.063,30,Sep 18 2022 01: +0,1663459200
5.238,28,Sep 19 2022 01: +0,1663545600
5.132,37,Sep 20 2022 01: +0,1663632000
5.159,29,Sep 21 2022 01: +0,1663718400
5.217,33,Sep 22 2022 01: +0,1663804800
4.928,36,Sep 23 2022 01: +0,1663891200
4.77,34,Sep 24 2022 01: +0,1663977600
4.543,20,Sep 25 2022 01: +0,1664064000
4.589,40,Sep 26 2022 01: +0,1664150400
4.505,37,Sep 27 2022 01: +0,1664236800
4.303,41,Sep 28 2022 01: +0,1664323200
4.324,42,Sep 29 2022 01: +0,1664409600
4.535,36,Sep 30 2022 01: +0,1664496000
4.679,30,Oct 01 2022 01: +0,1664582400
4.758,45,Oct 02 2022 01: +0,1664668800
4.896,23,Oct 03 2022 01: +0,1664755200
4.856,23,Oct 04 2022 01: +0,1664841600
4.816,20,Oct 05 2022 01: +0,1664928000
4.684,31,Oct 06 2022 01: +0,1665014400
4.525,48,Oct 07 2022 01: +0,1665100800
4.535,31,Oct 08 2022 01: +0,1665187200
4.59,32,Oct 09 2022 01: +0,1665273600
4.614,36,Oct 10 2022 01: +0,1665360000
4.678,40,Oct 11 2022 01: +0,1665446400
4.466,30,Oct 12 2022 01: +0,1665532800
4.498,44,Oct 13 2022 01: +0,1665619200
4.453,22,Oct 14 2022 01: +0,1665705600
4.487,38,Oct 15 2022 01: +0,1665792000
4.49,35,Oct 16 2022 01: +0,1665878400
4.349,31,Oct 17 2022 01: +0,1665964800
4.278,19,Oct 18 2022 01: +0,1666051200
4.388,39,Oct 19 2022 01: +0,1666137600
4.443,29,Oct 20 2022 01: +0,1666224000
4.529,54,Oct 21 2022 01: +0,1666310400
4.591,44,Oct 22 2022 01: +0,1666396800
4.57,52,Oct 23 2022 01: +0,1666483200
4.316,24,Oct 24 2022 01: +0,1666569600
4.212,26,Oct 25 2022 01: +0,1666656000
4.035,48,Oct 26 2022 01: +0,1666742400
3.994,33,Oct 27 2022 01: +0,1666828800
3.988,35,Oct 28 2022 01: +0,1666915200
4.076,27,Oct 29 2022 01: +0,1667001600
3.992,32,Oct 30 2022 01: +0,1667088000
4.002,21,Oct 31 2022 01: +0,1667178000
3.975,41,Nov 01 2022 01: +0,1667264400
3.923,28,Nov 02 2022 01: +0,1667350800
3.941,28,Nov 03 2022 01: +0,1667437200
3.948,27,Nov 04 2022 01: +0,1667523600
4.032,36,Nov 05 2022 01: +0,1667610000
3.995,41,Nov 06 2022 01: +0,1667696400
3.981,49,Nov 07 2022 01: +0,1667782800
4.028,31,Nov 08 2022 01: +0,1667869200
3.961,35,Nov 09 2022 01: +0,1667955600
3.936,24,Nov 10 2022 01: +0,1668042000
3.994,35,Nov 11 2022 01: +0,1668128400
3.941,45,Nov 12 2022 01: +0,1668214800
3.809,35,Nov 13 2022 01: +0,1668301200
3.943,39,Nov 14 2022 01: +0,1668387600
4.018,28,Nov 15 2022 01: +0,1668474000
3.897,30,Nov 16 2022 01: +0,1668560400
3.787,26,Nov 17 2022 01: +0,1668646800
3.756,33,Nov 18 2022 01: +0,1668733200
3.76,41,Nov 19 2022 01: +0,1668819600
3.674,22,Nov 20 2022 01: +0,1668906000
3.565,24,Nov 21 2022 01: +0,1668992400
3.523,25,Nov 22 2022 01: +0,1669078800
3.328,20,Nov 23 2022 01: +0,1669165200
3.3,21,Nov 24 2022 01: +0,1669251600
3.261,31,Nov 25 2022 01: +0,1669338000
3.237,41,Nov 26 2022 01: +0,1669424400
3.288,31,Nov 27 2022 01: +0,1669510800
3.382,30,Nov 28 2022 01: +0,1669597200
3.567,32,Nov 29 2022 01: +0,1669683600
3.469,21,Nov 30 2022 01: +0,1669770000
3.465,23,Dec 01 2022 01: +0,1669856400
3.61,23,Dec 02 2022 01: +0,1669942800
3.766,36,Dec 03 2022 01: +0,1670029200
3.817,25,Dec 04 2022 01: +0,1670115600
3.511,28,Dec 05 2022 01: +0,1670202000
3.505,32,Dec 06 2022 01: +0,1670288400
3.75,28,Dec 07 2022 01: +0,1670374800
3.738,27,Dec 08 2022 01: +0,1670461200
3.791,24,Dec 09 2022 01: +0,1670547600
3.833,24,Dec 10 2022 01: +0,1670634000
3.654,42,Dec 11 2022 01: +0,1670720400
3.456,32,Dec 12 2022 01: +0,1670806800
3.51,19,Dec 13 2022 01: +0,1670893200
3.47,32,Dec 14 2022 01: +0,1670979600
3.439,29,Dec 15 2022 01: +0,1671066000
3.366,28,Dec 16 2022 01: +0,1671152400
3.36,36,Dec 17 2022 01: +0,1671238800
3.252,42,Dec 18 2022 01: +0,1671325200
3.315,42,Dec 19 2022 01: +0,1671411600
3.302,25,Dec 20 2022 01: +0,1671498000
3.344,25,Dec 21 2022 01: +0,1671584400
3.347,31,Dec 22 2022 01: +0,1671670800
3.054,28,Dec 23 2022 01: +0,1671757200
3.329,43,Dec 24 2022 01: +0,1671843600
3.321,31,Dec 25 2022 01: +0,1671930000
3.198,40,Dec 26 2022 01: +0,1672016400
3.091,42,Dec 27 2022 01: +0,1672102800
3.184,31,Dec 28 2022 01: +0,1672189200
3.104,33,Dec 29 2022 01: +0,1672275600
2.954,55,Dec 30 2022 01: +0,1672362000
2.94,43,Dec 31 2022 01: +0,1672448400
2.872,40,Jan 01 2023 01: +0,1672534800
2.898,40,Jan 02 2023 01: +0,1672621200
2.838,42,Jan 03 2023 01: +0,1672707600
2.886,35,Jan 04 2023 01: +0,1672794000
2.99,43,Jan 05 2023 01: +0,1672880400
2.918,36,Jan 06 2023 01: +0,1672966800
2.962,47,Jan 07 2023 01: +0,1673053200
2.849,25,Jan 08 2023 01: +0,1673139600
2.949,40,Jan 09 2023 01: +0,1673226000
2.906,34,Jan 10 2023 01: +0,1673312400
2.993,30,Jan 11 2023 01: +0,1673398800
3.0,33,Jan 12 2023 01: +0,1673485200
3.202,33,Jan 13 2023 01: +0,1673571600
3.256,68,Jan 14 2023 01: +0,1673658000
3.45,35,Jan 15 2023 01: +0,1673744400
3.525,32,Jan 16 2023 01: +0,1673830800
3.5,27,Jan 17 2023 01: +0,1673917200
3.568,34,Jan 18 2023 01: +0,1674003600
3.313,37,Jan 19 2023 01: +0,1674090000
3.667,29,Jan 20 2023 01: +0,1674176400
3.574,27,Jan 21 2023 01: +0,1674262800
3.398,55,Jan 22 2023 01: +0,1674349200
3.373,40,Jan 23 2023 01: +0,1674435600
3.511,38,Jan 24 2023 01: +0,1674522000
3.456,33,Jan 25 2023 01: +0,1674608400
3.791,46,Jan 26 2023 01: +0,1674694800
3.669,39,Jan 27 2023 01: +0,1674781200
3.719,39,Jan 28 2023 01: +0,1674867600
3.782,44,Jan 29 2023 01: +0,1674954000
3.764,44,Jan 30 2023 01: +0,1675040400
3.46,34,Jan 31 2023 01: +0,1675126800
3.453,28,Feb 01 2023 01: +0,1675213200
3.329,38,Feb 02 2023 01: +0,1675299600
3.35,39,Feb 03 2023 01: +0,1675386000
3.342,35,Feb 04 2023 01: +0,1675472400
3.35,74,Feb 05 2023 01: +0,1675558800
3.34,65,Feb 06 2023 01: +0,1675645200
3.35,46,Feb 07 2023 01: +0,1675731600
3.145,45,Feb 08 2023 01: +0,1675818000
3.286,34,Feb 09 2023 01: +0,1675904400
3.216,76,Feb 10 2023 01: +0,1675990800
3.082,67,Feb 11 2023 01: +0,1676077200
3.1,75,Feb 12 2023 01: +0,1676163600
3.211,68,Feb 13 2023 01: +0,1676250000
3.335,33,Feb 14 2023 01: +0,1676336400
3.42,61,Feb 15 2023 01: +0,1676422800
3.24,36,Feb 16 2023 01: +0,1676509200
3.176,53,Feb 17 2023 01: +0,1676595600
3.233,70,Feb 18 2023 01: +0,1676682000
3.136,48,Feb 19 2023 01: +0,1676768400
3.179,40,Feb 20 2023 01: +0,1676854800
2.969,48,Feb 21 2023 01: +0,1676941200
3.062,55,Feb 22 2023 01: +0,1677027600
2.99,54,Feb 23 2023 01: +0,1677114000
2.899,84,Feb 24 2023 01: +0,1677200400
2.862,74,Feb 25 2023 01: +0,1677286800
2.838,62,Feb 26 2023 01: +0,1677373200
2.882,65,Feb 27 2023 01: +0,1677459600
2.85,62,Feb 28 2023 01: +0,1677546000
2.912,62,Mar 01 2023 01: +0,1677632400
2.936,59,Mar 02 2023 01: +0,1677718800
2.988,46,Mar 03 2023 01: +0,1677805200
3.055,72,Mar 04 2023 01: +0,1677891600
3.079,76,Mar 05 2023 01: +0,1677978000
3.029,58,Mar 06 2023 01: +0,1678064400
2.96,44,Mar 07 2023 01: +0,1678150800
2.907,62,Mar 08 2023 01: +0,1678237200
2.657,56,Mar 09 2023 01: +0,1678323600
2.921,43,Mar 10 2023 01: +0,1678410000
2.911,3,Mar 10 2023 18: +0,1678471200
3.129,5,Mar 10 2023 20: +0,1678478400
2.915,4,Mar 10 2023 21: +0,1678482000
3.108,6,Mar 10 2023 22: +0,1678485600
3.161,1,Mar 10 2023 23: +0,1678489200
3.097,3,Mar 11 2023 00: +0,1678492800
3.25,1,Mar 11 2023 01: +0,1678496400
3.266,1,Mar 11 2023 02: +0,1678500000
2.935,3,Mar 11 2023 03: +0,1678503600
2.673,1,Mar 11 2023 04: +0,1678507200
2.823,3,Mar 11 2023 05: +0,1678510800
2.883,2,Mar 11 2023 06: +0,1678514400
2.349,1,Mar 11 2023 07: +0,1678518000
2.907,4,Mar 11 2023 08: +0,1678521600
2.919,6,Mar 11 2023 09: +0,1678525200
2.927,3,Mar 11 2023 10: +0,1678528800
3.032,1,Mar 11 2023 11: +0,1678532400
2.927,3,Mar 11 2023 12: +0,1678536000
2.079,2,Mar 11 2023 13: +0,1678539600
2.558,2,Mar 11 2023 15: +0,1678546800
2.903,5,Mar 11 2023 16: +0,1678550400
2.974,4,Mar 11 2023 17: +0,1678554000
2.758,1,Mar 11 2023 18: +0,1678557600
3.013,9,Mar 11 2023 19: +0,1678561200
3.164,4,Mar 11 2023 20: +0,1678564800
3.325,1,Mar 11 2023 21: +0,1678568400
3.09,6,Mar 11 2023 22: +0,1678572000
3.492,2,Mar 11 2023 23: +0,1678575600
2.879,2,Mar 12 2023 00: +0,1678579200
2.972,1,Mar 12 2023 02: +0,1678586400
3.032,2,Mar 12 2023 03: +0,1678590000
2.588,3,Mar 12 2023 05: +0,1678597200
2.966,3,Mar 12 2023 06: +0,1678600800
2.835,4,Mar 12 2023 07: +0,1678604400
2.933,5,Mar 12 2023 09: +0,1678611600
2.465,3,Mar 12 2023 10: +0,1678615200
2.685,2,Mar 12 2023 11: +0,1678618800
3.092,4,Mar 12 2023 12: +0,1678622400
3.081,1,Mar 12 2023 13: +0,1678626000
2.925,6,Mar 12 2023 14: +0,1678629600
2.833,1,Mar 12 2023 15: +0,1678633200
2.841,4,Mar 12 2023 16: +0,1678636800
2.888,4,Mar 12 2023 17: +0,1678640400
2.831,4,Mar 12 2023 18: +0,1678644000
2.522,2,Mar 12 2023 19: +0,1678647600
2.893,4,Mar 12 2023 20: +0,1678651200
2.682,2,Mar 12 2023 21: +0,1678654800
2.814,6,Mar 12 2023 22: +0,1678658400
2.927,5,Mar 12 2023 23: +0,1678662000
2.914,2,Mar 13 2023 00: +0,1678665600
2.865,1,Mar 13 2023 01: +0,1678669200
3.732,2,Mar 13 2023 02: +0,1678672800
2.887,2,Mar 13 2023 05: +0,1678683600
2.93,2,Mar 13 2023 08: +0,1678694400
2.935,1,Mar 13 2023 10: +0,1678701600
2.903,1,Mar 13 2023 11: +0,1678705200
2.847,1,Mar 13 2023 12: +0,1678708800
2.914,3,Mar 13 2023 13: +0,1678712400
2.914,1,Mar 13 2023 14: +0,1678716000
2.919,5,Mar 13 2023 15: +0,1678719600
2.925,4,Mar 13 2023 16: +0,1678723200
2.908,4,Mar 13 2023 18: +0,1678730400
2.904,10,Mar 13 2023 19: +0,1678734000
2.927,4,Mar 13 2023 20: +0,1678737600
2.873,3,Mar 13 2023 21: +0,1678741200
2.863,5,Mar 13 2023 22: +0,1678744800
2.944,1,Mar 13 2023 23: +0,1678748400
2.903,3,Mar 14 2023 00: +0,1678752000
2.968,6,Mar 14 2023 01: +0,1678755600
2.829,1,Mar 14 2023 02: +0,1678759200
2.895,3,Mar 14 2023 03: +0,1678762800
2.972,4,Mar 14 2023 04: +0,1678766400
3.27,2,Mar 14 2023 05: +0,1678770000
2.972,2,Mar 14 2023 07: +0,1678777200
3.049,4,Mar 14 2023 08: +0,1678780800
2.743,1,Mar 14 2023 09: +0,1678784400
3.079,3,Mar 14 2023 10: +0,1678788000
2.111,3,Mar 14 2023 11: +0,1678791600
2.758,4,Mar 14 2023 12: +0,1678795200
3.064,1,Mar 14 2023 13: +0,1678798800
2.996,4,Mar 14 2023 15: +0,1678806000
3.064,1,Mar 14 2023 16: +0,1678809600
3.0,6,Mar 14 2023 17: +0,1678813200
2.9,2,Mar 14 2023 18: +0,1678816800
2.98,4,Mar 14 2023 19: +0,1678820400
2.976,7,Mar 14 2023 20: +0,1678824000
2.586,3,Mar 14 2023 21: +0,1678827600
2.942,4,Mar 14 2023 22: +0,1678831200
2.879,2,Mar 14 2023 23: +0,1678834800
2.984,7,Mar 15 2023 00: +0,1678838400
2.895,1,Mar 15 2023 01: +0,1678842000
3.028,1,Mar 15 2023 02: +0,1678845600
3.031,1,Mar 15 2023 03: +0,1678849200
3.0,3,Mar 15 2023 05: +0,1678856400
1.906,2,Mar 15 2023 06: +0,1678860000
2.839,2,Mar 15 2023 07: +0,1678863600
2.867,2,Mar 15 2023 09: +0,1678870800
3.022,2,Mar 15 2023 10: +0,1678874400
2.915,2,Mar 15 2023 11: +0,1678878000
2.974,4,Mar 15 2023 12: +0,1678881600
2.982,3,Mar 15 2023 14: +0,1678888800
2.662,2,Mar 15 2023 15: +0,1678892400
2.993,8,Mar 15 2023 16: +0,1678896000
3.02,3,Mar 15 2023 17: +0,1678899600
2.984,3,Mar 15 2023 18: +0,1678903200
2.857,1,Mar 15 2023 19: +0,1678906800
2.903,5,Mar 15 2023 20: +0,1678910400
2.908,2,Mar 15 2023 21: +0,1678914000
2.98,4,Mar 15 2023 22: +0,1678917600
2.971,1,Mar 15 2023 23: +0,1678921200
2.903,5,Mar 16 2023 00: +0,1678924800
2.662,4,Mar 16 2023 01: +0,1678928400
1.94,2,Mar 16 2023 02: +0,1678932000
2.954,2,Mar 16 2023 04: +0,1678939200
2.903,1,Mar 16 2023 05: +0,1678942800
0.912,1,Mar 16 2023 06: +0,1678946400
2.887,1,Mar 16 2023 08: +0,1678953600
2.764,2,Mar 16 2023 10: +0,1678960800
2.932,2,Mar 16 2023 11: +0,1678964400
2.856,2,Mar 16 2023 12: +0,1678968000
3.0,18,Mar 16 2023 13: +0,1678971600
1.92,4,Mar 16 2023 14: +0,1678975200
2.899,4,Mar 16 2023 16: +0,1678982400
2.948,6,Mar 16 2023 17: +0,1678986000
2.903,5,Mar 16 2023 18: +0,1678989600
2.701,8,Mar 16 2023 19: +0,1678993200
2.965,6,Mar 16 2023 20: +0,1678996800
2.815,5,Mar 16 2023 21: +0,1679000400
2.903,3,Mar 16 2023 22: +0,1679004000
2.822,3,Mar 16 2023 23: +0,1679007600
2.903,1,Mar 17 2023 00: +0,1679011200
2.903,3,Mar 17 2023 01: +0,1679014800
2.851,1,Mar 17 2023 02: +0,1679018400
2.965,1,Mar 17 2023 03: +0,1679022000
2.903,1,Mar 17 2023 04: +0,1679025600
2.957,3,Mar 17 2023 05: +0,1679029200
2.941,2,Mar 17 2023 06: +0,1679032800
1.888,2,Mar 17 2023 07: +0,1679036400
2.979,2,Mar 17 2023 08: +0,1679040000
2.895,1,Mar 17 2023 10: +0,1679047200
2.943,3,Mar 17 2023 11: +0,1679050800
2.82,4,Mar 17 2023 12: +0,1679054400
2.887,6,Mar 17 2023 13: +0,1679058000
2.948,3,Mar 17 2023 14: +0,1679061600
1.958,2,Mar 17 2023 15: +0,1679065200
3.045,6,Mar 17 2023 16: +0,1679068800
3.112,2,Mar 17 2023 17: +0,1679072400
2.844,2,Mar 17 2023 18: +0,1679076000
2.916,6,Mar 17 2023 19: +0,1679079600
2.951,4,Mar 17 2023 20: +0,1679083200
2.766,1,Mar 17 2023 21: +0,1679086800
2.9,4,Mar 17 2023 22: +0,1679090400
2.643,4,Mar 17 2023 23: +0,1679094000
2.866,7,Mar 18 2023 00: +0,1679097600
2.936,6,Mar 18 2023 01: +0,1679101200
2.866,3,Mar 18 2023 02: +0,1679104800
2.899,4,Mar 18 2023 03: +0,1679108400
1.905,2,Mar 18 2023 04: +0,1679112000
2.681,2,Mar 18 2023 05: +0,1679115600
2.504,3,Mar 18 2023 06: +0,1679119200
2.976,6,Mar 18 2023 07: +0,1679122800
2.692,3,Mar 18 2023 09: +0,1679130000
2.57,1,Mar 18 2023 11: +0,1679137200
2.884,4,Mar 18 2023 12: +0,1679140800
2.887,7,Mar 18 2023 13: +0,1679144400
2.772,4,Mar 18 2023 14: +0,1679148000
2.861,4,Mar 18 2023 15: +0,1679151600
2.831,28,Mar 18 2023 16: +0,1679155200
2.837,8,Mar 18 2023 17: +0,1679158800
2.926,11,Mar 18 2023 18: +0,1679162400
3.346,4,Mar 18 2023 19: +0,1679166000
2.895,3,Mar 18 2023 20: +0,1679169600
2.907,2,Mar 18 2023 21: +0,1679173200
2.895,2,Mar 18 2023 22: +0,1679176800
2.742,4,Mar 18 2023 23: +0,1679180400
2.968,2,Mar 19 2023 00: +0,1679184000
2.806,5,Mar 19 2023 01: +0,1679187600
2.903,4,Mar 19 2023 02: +0,1679191200
2.855,4,Mar 19 2023 03: +0,1679194800
2.806,3,Mar 19 2023 04: +0,1679198400
2.901,1,Mar 19 2023 05: +0,1679202000
2.798,3,Mar 19 2023 06: +0,1679205600
2.806,4,Mar 19 2023 07: +0,1679209200
2.895,3,Mar 19 2023 09: +0,1679216400
2.887,1,Mar 19 2023 10: +0,1679220000
2.853,2,Mar 19 2023 11: +0,1679223600
2.692,3,Mar 19 2023 13: +0,1679230800
2.791,2,Mar 19 2023 14: +0,1679234400
2.823,3,Mar 19 2023 15: +0,1679238000
2.823,1,Mar 19 2023 16: +0,1679241600
2.823,3,Mar 19 2023 17: +0,1679245200
2.806,5,Mar 19 2023 18: +0,1679248800
1.897,2,Mar 19 2023 19: +0,1679252400
2.823,3,Mar 19 2023 20: +0,1679256000
2.742,3,Mar 19 2023 21: +0,1679259600
2.814,1,Mar 19 2023 22: +0,1679263200
2.484,2,Mar 19 2023 23: +0,1679266800
2.742,5,Mar 20 2023 00: +0,1679270400
2.814,1,Mar 20 2023 01: +0,1679274000
2.823,1,Mar 20 2023 02: +0,1679277600
2.754,5,Mar 20 2023 03: +0,1679281200
2.621,2,Mar 20 2023 04: +0,1679284800
2.829,2,Mar 20 2023 05: +0,1679288400
2.621,4,Mar 20 2023 09: +0,1679302800
2.823,2,Mar 20 2023 11: +0,1679310000
2.814,3,Mar 20 2023 12: +0,1679313600
2.863,2,Mar 20 2023 13: +0,1679317200
2.823,2,Mar 20 2023 14: +0,1679320800
2.597,5,Mar 20 2023 15: +0,1679324400
2.774,2,Mar 20 2023 16: +0,1679328000
2.702,5,Mar 20 2023 17: +0,1679331600
2.806,3,Mar 20 2023 18: +0,1679335200
2.692,3,Mar 20 2023 20: +0,1679342400
2.838,4,Mar 20 2023 21: +0,1679346000
2.571,4,Mar 20 2023 22: +0,1679349600
2.613,2,Mar 20 2023 23: +0,1679353200
2.669,4,Mar 21 2023 00: +0,1679356800
2.782,1,Mar 21 2023 01: +0,1679360400
2.617,4,Mar 21 2023 02: +0,1679364000
2.847,10,Mar 21 2023 03: +0,1679367600
2.882,2,Mar 21 2023 04: +0,1679371200
2.516,1,Mar 21 2023 06: +0,1679378400
2.823,3,Mar 21 2023 07: +0,1679382000
2.591,2,Mar 21 2023 09: +0,1679389200
2.445,4,Mar 21 2023 11: +0,1679396400
2.564,3,Mar 21 2023 12: +0,1679400000
2.758,3,Mar 21 2023 13: +0,1679403600
2.596,3,Mar 21 2023 15: +0,1679410800
2.524,4,Mar 21 2023 16: +0,1679414400
2.794,4,Mar 21 2023 17: +0,1679418000
2.737,4,Mar 21 2023 18: +0,1679421600
2.596,3,Mar 21 2023 19: +0,1679425200
2.623,4,Mar 21 2023 20: +0,1679428800
2.8,4,Mar 21 2023 21: +0,1679432400
2.694,1,Mar 21 2023 22: +0,1679436000
2.758,3,Mar 21 2023 23: +0,1679439600
2.567,4,Mar 22 2023 01: +0,1679446800
2.726,2,Mar 22 2023 03: +0,1679454000
2.581,2,Mar 22 2023 04: +0,1679457600
2.694,3,Mar 22 2023 06: +0,1679464800
2.742,4,Mar 22 2023 07: +0,1679468400
2.694,1,Mar 22 2023 08: +0,1679472000
2.761,3,Mar 22 2023 09: +0,1679475600
2.661,3,Mar 22 2023 10: +0,1679479200
2.763,2,Mar 22 2023 11: +0,1679482800
2.694,3,Mar 22 2023 12: +0,1679486400
2.755,6,Mar 22 2023 13: +0,1679490000
2.787,5,Mar 22 2023 14: +0,1679493600
2.482,3,Mar 22 2023 15: +0,1679497200
2.533,4,Mar 22 2023 16: +0,1679500800
2.755,2,Mar 22 2023 17: +0,1679504400
2.727,2,Mar 22 2023 18: +0,1679508000
2.738,5,Mar 22 2023 19: +0,1679511600
2.756,1,Mar 22 2023 20: +0,1679515200
2.782,3,Mar 22 2023 21: +0,1679518800
2.775,8,Mar 22 2023 22: +0,1679522400
2.668,4,Mar 22 2023 23: +0,1679526000
2.791,2,Mar 23 2023 00: +0,1679529600
2.839,1,Mar 23 2023 01: +0,1679533200
3.71,1,Mar 23 2023 02: +0,1679536800
2.754,4,Mar 23 2023 03: +0,1679540400
2.754,3,Mar 23 2023 04: +0,1679544000
2.766,2,Mar 23 2023 05: +0,1679547600
2.772,1,Mar 23 2023 06: +0,1679551200
2.672,2,Mar 23 2023 07: +0,1679554800
2.758,1,Mar 23 2023 08: +0,1679558400
2.758,3,Mar 23 2023 09: +0,1679562000
2.824,5,Mar 23 2023 10: +0,1679565600
2.772,1,Mar 23 2023 11: +0,1679569200
2.815,2,Mar 23 2023 12: +0,1679572800
2.698,2,Mar 23 2023 13: +0,1679576400
2.817,6,Mar 23 2023 14: +0,1679580000
2.823,7,Mar 23 2023 15: +0,1679583600
2.81,4,Mar 23 2023 16: +0,1679587200
2.885,14,Mar 23 2023 17: +0,1679590800
2.593,8,Mar 23 2023 18: +0,1679594400
2.887,3,Mar 23 2023 19: +0,1679598000
2.895,5,Mar 23 2023 20: +0,1679601600
2.762,6,Mar 23 2023 21: +0,1679605200
2.78,5,Mar 23 2023 22: +0,1679608800
2.976,3,Mar 23 2023 23: +0,1679612400
2.749,1,Mar 24 2023 00: +0,1679616000
2.916,4,Mar 24 2023 01: +0,1679619600
2.955,1,Mar 24 2023 02: +0,1679623200
2.879,3,Mar 24 2023 03: +0,1679626800
2.868,1,Mar 24 2023 05: +0,1679634000
2.814,3,Mar 24 2023 06: +0,1679637600
2.808,3,Mar 24 2023 07: +0,1679641200
2.81,6,Mar 24 2023 08: +0,1679644800
2.859,5,Mar 24 2023 11: +0,1679655600
2.749,2,Mar 24 2023 12: +0,1679659200
2.699,7,Mar 24 2023 13: +0,1679662800
2.9,2,Mar 24 2023 14: +0,1679666400
2.901,4,Mar 24 2023 15: +0,1679670000
3.078,4,Mar 24 2023 16: +0,1679673600
3.057,17,Mar 24 2023 17: +0,1679677200
3.027,6,Mar 24 2023 18: +0,1679680800
2.854,2,Mar 24 2023 19: +0,1679684400
3.042,3,Mar 24 2023 20: +0,1679688000
2.801,4,Mar 24 2023 21: +0,1679691600
2.823,4,Mar 24 2023 22: +0,1679695200
3.031,8,Mar 24 2023 23: +0,1679698800
3.061,2,Mar 25 2023 00: +0,1679702400
3.46,5,Mar 25 2023 01: +0,1679706000
2.895,1,Mar 25 2023 03: +0,1679713200
3.29,5,Mar 25 2023 04: +0,1679716800
3.116,2,Mar 25 2023 05: +0,1679720400
2.931,2,Mar 25 2023 06: +0,1679724000
3.387,14,Mar 25 2023 07: +0,1679727600
2.872,1,Mar 25 2023 08: +0,1679731200
3.391,1,Mar 25 2023 09: +0,1679734800
3.379,1,Mar 25 2023 10: +0,1679738400
3.285,3,Mar 25 2023 11: +0,1679742000
3.016,1,Mar 25 2023 13: +0,1679749200
3.373,8,Mar 25 2023 14: +0,1679752800
2.792,5,Mar 25 2023 16: +0,1679760000
2.882,2,Mar 25 2023 17: +0,1679763600
2.882,5,Mar 25 2023 18: +0,1679767200
1.826,2,Mar 25 2023 19: +0,1679770800
3.153,8,Mar 25 2023 20: +0,1679774400
3.064,3,Mar 25 2023 21: +0,1679778000
2.867,2,Mar 25 2023 22: +0,1679781600
2.976,3,Mar 25 2023 23: +0,1679785200
2.847,6,Mar 26 2023 00: +0,1679788800
2.872,3,Mar 26 2023 01: +0,1679792400
3.0,2,Mar 26 2023 02: +0,1679792400
3.25,3,Mar 26 2023 03: +0,1679796000
3.282,4,Mar 26 2023 04: +0,1679799600
2.866,1,Mar 26 2023 06: +0,1679806800
2.933,1,Mar 26 2023 07: +0,1679810400
3.361,1,Mar 26 2023 09: +0,1679817600
3.04,2,Mar 26 2023 10: +0,1679821200
3.347,3,Mar 26 2023 11: +0,1679824800
3.26,2,Mar 26 2023 12: +0,1679828400
3.356,8,Mar 26 2023 13: +0,1679832000
3.248,4,Mar 26 2023 14: +0,1679835600
3.036,2,Mar 26 2023 15: +0,1679839200
2.98,6,Mar 26 2023 16: +0,1679842800
2.867,1,Mar 26 2023 17: +0,1679846400
3.304,5,Mar 26 2023 18: +0,1679850000
2.969,4,Mar 26 2023 19: +0,1679853600
2.903,3,Mar 26 2023 20: +0,1679857200
2.943,3,Mar 26 2023 21: +0,1679860800
3.131,1,Mar 26 2023 22: +0,1679864400
3.032,3,Mar 26 2023 23: +0,1679868000
3.282,7,Mar 27 2023 00: +0,1679871600
3.299,3,Mar 27 2023 01: +0,1679875200
2.907,2,Mar 27 2023 02: +0,1679878800
3.089,2,Mar 27 2023 03: +0,1679882400
3.149,2,Mar 27 2023 04: +0,1679886000
2.943,1,Mar 27 2023 05: +0,1679889600
2.87,2,Mar 27 2023 06: +0,1679893200
3.236,5,Mar 27 2023 07: +0,1679896800
3.282,5,Mar 27 2023 08: +0,1679900400
3.159,2,Mar 27 2023 10: +0,1679907600
0.868,1,Mar 27 2023 11: +0,1679911200
3.061,4,Mar 27 2023 12: +0,1679914800
3.346,4,Mar 27 2023 13: +0,1679918400
3.204,5,Mar 27 2023 14: +0,1679922000
2.93,2,Mar 27 2023 15: +0,1679925600
2.872,1,Mar 27 2023 16: +0,1679929200
3.286,5,Mar 27 2023 17: +0,1679932800
3.298,6,Mar 27 2023 18: +0,1679936400
3.129,3,Mar 27 2023 19: +0,1679940000
2.942,6,Mar 27 2023 20: +0,1679943600
3.261,4,Mar 27 2023 21: +0,1679947200
3.3,1,Mar 27 2023 22: +0,1679950800
3.009,7,Mar 27 2023 23: +0,1679954400
3.246,2,Mar 28 2023 00: +0,1679958000
2.935,1,Mar 28 2023 01: +0,1679961600
3.25,2,Mar 28 2023 02: +0,1679965200
2.96,2,Mar 28 2023 03: +0,1679968800
2.943,1,Mar 28 2023 04: +0,1679972400
3.339,1,Mar 28 2023 05: +0,1679976000
2.96,1,Mar 28 2023 06: +0,1679979600
3.221,2,Mar 28 2023 07: +0,1679983200
2.973,2,Mar 28 2023 09: +0,1679990400
3.232,5,Mar 28 2023 10: +0,1679994000
3.234,2,Mar 28 2023 11: +0,1679997600
3.291,6,Mar 28 2023 12: +0,1680001200
2.826,5,Mar 28 2023 13: +0,1680004800
2.965,1,Mar 28 2023 14: +0,1680008400
3.125,4,Mar 28 2023 15: +0,1680012000
3.0,5,Mar 28 2023 16: +0,1680015600
3.261,4,Mar 28 2023 17: +0,1680019200
3.298,5,Mar 28 2023 18: +0,1680022800
3.105,2,Mar 28 2023 19: +0,1680026400
2.964,7,Mar 28 2023 21: +0,1680033600
2.931,6,Mar 28 2023 22: +0,1680037200
3.295,10,Mar 28 2023 23: +0,1680040800
3.0,3,Mar 29 2023 00: +0,1680044400
3.282,1,Mar 29 2023 01: +0,1680048000
2.605,1,Mar 29 2023 02: +0,1680051600
2.967,1,Mar 29 2023 04: +0,1680058800
2.969,4,Mar 29 2023 05: +0,1680062400
3.032,5,Mar 29 2023 06: +0,1680066000
3.306,3,Mar 29 2023 07: +0,1680069600
3.138,2,Mar 29 2023 09: +0,1680076800
2.992,1,Mar 29 2023 10: +0,1680080400
2.973,4,Mar 29 2023 11: +0,1680084000
2.895,1,Mar 29 2023 12: +0,1680087600
2.202,3,Mar 29 2023 13: +0,1680091200
2.826,1,Mar 29 2023 14: +0,1680094800
3.003,4,Mar 29 2023 15: +0,1680098400
3.016,4,Mar 29 2023 16: +0,1680102000
2.942,4,Mar 29 2023 17: +0,1680105600
3.283,1,Mar 29 2023 18: +0,1680109200
3.017,4,Mar 29 2023 19: +0,1680112800
3.114,2,Mar 29 2023 20: +0,1680116400
2.997,3,Mar 29 2023 21: +0,1680120000
3.064,7,Mar 29 2023 22: +0,1680123600
2.997,7,Mar 29 2023 23: +0,1680127200
3.149,3,Mar 30 2023 00: +0,1680130800
2.959,2,Mar 30 2023 01: +0,1680134400
3.067,4,Mar 30 2023 02: +0,1680138000
3.081,3,Mar 30 2023 03: +0,1680141600
3.069,8,Mar 30 2023 04: +0,1680145200
2.871,3,Mar 30 2023 05: +0,1680148800
3.011,1,Mar 30 2023 06: +0,1680152400
2.956,1,Mar 30 2023 07: +0,1680156000
3.186,1,Mar 30 2023 08: +0,1680159600
3.029,1,Mar 30 2023 10: +0,1680166800
3.011,1,Mar 30 2023 11: +0,1680170400
3.082,2,Mar 30 2023 13: +0,1680177600
3.056,5,Mar 30 2023 14: +0,1680181200
3.011,6,Mar 30 2023 15: +0,1680184800
3.221,9,Mar 30 2023 17: +0,1680192000
3.111,2,Mar 30 2023 18: +0,1680195600
2.934,2,Mar 30 2023 22: +0,1680210000
2.983,3,Mar 30 2023 23: +0,1680213600
2.985,7,Mar 31 2023 00: +0,1680217200
3.041,4,Mar 31 2023 01: +0,1680220800
2.983,1,Mar 31 2023 02: +0,1680224400
2.983,3,Mar 31 2023 03: +0,1680228000
2.985,3,Mar 31 2023 05: +0,1680235200
3.105,2,Mar 31 2023 06: +0,1680238800
3.225,2,Mar 31 2023 08: +0,1680246000
3.129,3,Mar 31 2023 09: +0,1680249600
2.573,1,Mar 31 2023 10: +0,1680253200
3.098,5,Mar 31 2023 11: +0,1680256800
3.032,3,Mar 31 2023 12: +0,1680260400
2.807,3,Mar 31 2023 13: +0,1680264000
3.064,1,Mar 31 2023 15: +0,1680271200
2.421,1,Mar 31 2023 16: +0,1680274800
3.195,1,Mar 31 2023 17: +0,1680278400
3.149,2,Mar 31 2023 18: +0,1680282000
3.003,2,Mar 31 2023 19: +0,1680285600
3.187,2,Mar 31 2023 21: +0,1680292800
3.258,3,Mar 31 2023 22: +0,1680296400
3.053,5,Mar 31 2023 23: +0,1680300000
3.025,6,Apr 01 2023 00: +0,1680303600
3.043,8,Apr 01 2023 01: +0,1680307200
3.095,5,Apr 01 2023 02: +0,1680310800
3.102,7,Apr 01 2023 03: +0,1680314400
3.095,6,Apr 01 2023 04: +0,1680318000
3.113,3,Apr 01 2023 06: +0,1680325200
3.093,3,Apr 01 2023 07: +0,1680328800
3.105,6,Apr 01 2023 08: +0,1680332400
2.927,3,Apr 01 2023 09: +0,1680336000
3.139,2,Apr 01 2023 10: +0,1680339600
3.157,3,Apr 01 2023 11: +0,1680343200
3.132,5,Apr 01 2023 12: +0,1680346800
3.203,8,Apr 01 2023 13: +0,1680350400
3.172,1,Apr 01 2023 17: +0,1680364800
3.196,6,Apr 01 2023 18: +0,1680368400
3.21,7,Apr 01 2023 19: +0,1680372000
3.237,9,Apr 01 2023 20: +0,1680375600
3.236,10,Apr 01 2023 21: +0,1680379200
3.108,3,Apr 01 2023 22: +0,1680382800
3.249,6,Apr 01 2023 23: +0,1680386400
3.133,6,Apr 02 2023 00: +0,1680390000
3.164,4,Apr 02 2023 01: +0,1680393600
3.231,2,Apr 02 2023 02: +0,1680397200
3.236,1,Apr 02 2023 03: +0,1680400800
3.089,2,Apr 02 2023 04: +0,1680404400
2.96,6,Apr 02 2023 05: +0,1680408000
3.021,4,Apr 02 2023 07: +0,1680415200
3.169,5,Apr 02 2023 08: +0,1680418800
3.035,4,Apr 02 2023 09: +0,1680422400
3.125,2,Apr 02 2023 10: +0,1680426000
3.04,7,Apr 02 2023 11: +0,1680429600
3.06,4,Apr 02 2023 12: +0,1680433200
3.214,4,Apr 02 2023 13: +0,1680436800
3.0,3,Apr 02 2023 16: +0,1680447600
3.249,4,Apr 02 2023 17: +0,1680451200
3.012,6,Apr 02 2023 18: +0,1680454800
3.081,3,Apr 02 2023 19: +0,1680458400
3.332,13,Apr 02 2023 20: +0,1680462000
3.458,4,Apr 02 2023 21: +0,1680465600
2.981,4,Apr 02 2023 22: +0,1680469200
3.454,2,Apr 02 2023 23: +0,1680472800
3.468,5,Apr 03 2023 00: +0,1680476400
3.343,2,Apr 03 2023 01: +0,1680480000
3.48,4,Apr 03 2023 02: +0,1680483600
3.371,1,Apr 03 2023 03: +0,1680487200
3.053,2,Apr 03 2023 04: +0,1680490800
3.484,1,Apr 03 2023 05: +0,1680494400
3.242,4,Apr 03 2023 06: +0,1680498000
3.506,1,Apr 03 2023 07: +0,1680501600
3.241,2,Apr 03 2023 08: +0,1680505200
3.46,1,Apr 03 2023 09: +0,1680508800
2.999,3,Apr 03 2023 11: +0,1680516000
3.174,2,Apr 03 2023 12: +0,1680519600
2.723,5,Apr 03 2023 13: +0,1680523200
3.376,4,Apr 03 2023 14: +0,1680526800
3.464,1,Apr 03 2023 15: +0,1680530400
3.034,1,Apr 03 2023 16: +0,1680534000
3.473,3,Apr 03 2023 17: +0,1680537600
3.197,8,Apr 03 2023 18: +0,1680541200
3.398,4,Apr 03 2023 19: +0,1680544800
3.078,6,Apr 03 2023 20: +0,1680548400
2.958,2,Apr 03 2023 21: +0,1680552000
3.304,9,Apr 03 2023 22: +0,1680555600
2.782,3,Apr 03 2023 23: +0,1680559200
3.085,4,Apr 04 2023 00: +0,1680562800
3.488,1,Apr 04 2023 01: +0,1680566400
3.116,2,Apr 04 2023 02: +0,1680570000
3.033,3,Apr 04 2023 04: +0,1680577200
2.04,2,Apr 04 2023 05: +0,1680580800
3.177,5,Apr 04 2023 06: +0,1680584400
3.115,7,Apr 04 2023 07: +0,1680588000
3.102,1,Apr 04 2023 08: +0,1680591600
3.147,2,Apr 04 2023 09: +0,1680595200
3.229,6,Apr 04 2023 10: +0,1680598800
3.372,2,Apr 04 2023 12: +0,1680606000
3.12,1,Apr 04 2023 14: +0,1680613200
3.282,4,Apr 04 2023 17: +0,1680624000
3.144,1,Apr 04 2023 18: +0,1680627600
3.474,4,Apr 04 2023 19: +0,1680631200
3.447,4,Apr 04 2023 20: +0,1680634800
3.26,2,Apr 04 2023 21: +0,1680638400
3.128,3,Apr 04 2023 22: +0,1680642000
3.251,2,Apr 04 2023 23: +0,1680645600
3.005,2,Apr 05 2023 00: +0,1680649200
3.414,2,Apr 05 2023 01: +0,1680652800
3.197,2,Apr 05 2023 03: +0,1680660000
3.274,3,Apr 05 2023 06: +0,1680670800
3.125,3,Apr 05 2023 07: +0,1680674400
3.075,2,Apr 05 2023 08: +0,1680678000
3.211,4,Apr 05 2023 10: +0,1680685200
3.331,6,Apr 05 2023 11: +0,1680688800
3.246,5,Apr 05 2023 13: +0,1680696000
3.339,2,Apr 05 2023 16: +0,1680706800
3.174,7,Apr 05 2023 17: +0,1680710400
3.153,9,Apr 05 2023 18: +0,1680714000
3.47,4,Apr 05 2023 19: +0,1680717600
3.343,8,Apr 05 2023 20: +0,1680721200
3.124,6,Apr 05 2023 21: +0,1680724800
3.266,3,Apr 05 2023 22: +0,1680728400
3.326,3,Apr 05 2023 23: +0,1680732000
3.245,4,Apr 06 2023 00: +0,1680735600
3.255,2,Apr 06 2023 01: +0,1680739200
3.156,7,Apr 06 2023 02: +0,1680742800
3.327,2,Apr 06 2023 03: +0,1680746400
3.3,2,Apr 06 2023 05: +0,1680753600
2.71,1,Apr 06 2023 06: +0,1680757200
3.605,2,Apr 06 2023 08: +0,1680764400
3.387,1,Apr 06 2023 09: +0,1680768000
3.366,8,Apr 06 2023 12: +0,1680778800
3.145,4,Apr 06 2023 13: +0,1680782400
3.185,1,Apr 06 2023 14: +0,1680786000
3.185,3,Apr 06 2023 16: +0,1680793200
3.357,8,Apr 06 2023 17: +0,1680796800
3.281,2,Apr 06 2023 18: +0,1680800400
3.41,3,Apr 06 2023 19: +0,1680804000
3.145,5,Apr 06 2023 20: +0,1680807600
3.31,9,Apr 06 2023 21: +0,1680811200
3.297,6,Apr 06 2023 22: +0,1680814800
3.469,3,Apr 06 2023 23: +0,1680818400
3.382,2,Apr 07 2023 00: +0,1680822000
3.288,2,Apr 07 2023 01: +0,1680825600
3.306,3,Apr 07 2023 02: +0,1680829200
2.081,2,Apr 07 2023 03: +0,1680832800
3.43,2,Apr 07 2023 04: +0,1680836400
3.222,1,Apr 07 2023 06: +0,1680843600
3.443,1,Apr 07 2023 07: +0,1680847200
3.326,4,Apr 07 2023 08: +0,1680850800
3.459,2,Apr 07 2023 09: +0,1680854400
3.451,1,Apr 07 2023 10: +0,1680858000
3.211,1,Apr 07 2023 12: +0,1680865200
3.398,1,Apr 07 2023 15: +0,1680876000
3.31,1,Apr 07 2023 17: +0,1680883200
3.282,4,Apr 07 2023 18: +0,1680886800
3.484,6,Apr 07 2023 19: +0,1680890400
3.371,3,Apr 07 2023 20: +0,1680894000
3.354,6,Apr 07 2023 21: +0,1680897600
3.355,5,Apr 07 2023 22: +0,1680901200
3.337,5,Apr 07 2023 23: +0,1680904800
3.46,5,Apr 08 2023 00: +0,1680908400
3.496,2,Apr 08 2023 01: +0,1680912000
3.53,2,Apr 08 2023 02: +0,1680915600
3.427,3,Apr 08 2023 03: +0,1680919200
3.323,2,Apr 08 2023 04: +0,1680922800
3.316,2,Apr 08 2023 05: +0,1680926400
3.371,3,Apr 08 2023 06: +0,1680930000
3.423,2,Apr 08 2023 08: +0,1680937200
3.468,3,Apr 08 2023 09: +0,1680940800
3.381,1,Apr 08 2023 10: +0,1680944400
3.371,3,Apr 08 2023 11: +0,1680948000
3.319,2,Apr 08 2023 12: +0,1680951600
3.46,1,Apr 08 2023 13: +0,1680955200
3.298,2,Apr 08 2023 18: +0,1680973200
3.282,1,Apr 08 2023 19: +0,1680976800
3.45,2,Apr 08 2023 21: +0,1680984000
3.468,7,Apr 08 2023 22: +0,1680987600
3.383,10,Apr 08 2023 23: +0,1680991200
3.486,3,Apr 09 2023 00: +0,1680994800
3.302,5,Apr 09 2023 01: +0,1680998400
3.489,4,Apr 09 2023 02: +0,1681002000
3.633,2,Apr 09 2023 03: +0,1681005600
3.314,3,Apr 09 2023 04: +0,1681009200
3.346,6,Apr 09 2023 07: +0,1681020000
3.335,2,Apr 09 2023 08: +0,1681023600
3.333,3,Apr 09 2023 09: +0,1681027200
3.424,3,Apr 09 2023 10: +0,1681030800
3.379,5,Apr 09 2023 11: +0,1681034400
3.427,3,Apr 09 2023 12: +0,1681038000
3.178,2,Apr 09 2023 13: +0,1681041600
3.482,4,Apr 09 2023 14: +0,1681045200
3.5,1,Apr 09 2023 16: +0,1681052400
3.452,4,Apr 09 2023 17: +0,1681056000
3.449,4,Apr 09 2023 18: +0,1681059600
3.481,7,Apr 09 2023 19: +0,1681063200
3.226,3,Apr 09 2023 20: +0,1681066800
3.423,4,Apr 09 2023 21: +0,1681070400
3.302,11,Apr 09 2023 22: +0,1681074000
3.38,4,Apr 09 2023 23: +0,1681077600
3.226,3,Apr 10 2023 00: +0,1681081200
3.54,4,Apr 10 2023 01: +0,1681084800
3.454,2,Apr 10 2023 02: +0,1681088400
3.0,3,Apr 10 2023 03: +0,1681092000
0.868,1,Apr 10 2023 04: +0,1681095600
3.5,3,Apr 10 2023 05: +0,1681099200
3.517,3,Apr 10 2023 06: +0,1681102800
3.226,1,Apr 10 2023 07: +0,1681106400
3.567,5,Apr 10 2023 09: +0,1681113600
3.565,3,Apr 10 2023 10: +0,1681117200
3.565,1,Apr 10 2023 11: +0,1681120800
3.583,2,Apr 10 2023 12: +0,1681124400
3.556,1,Apr 10 2023 13: +0,1681128000
3.572,3,Apr 10 2023 16: +0,1681138800
3.605,9,Apr 10 2023 17: +0,1681142400
3.586,9,Apr 10 2023 18: +0,1681146000
3.801,4,Apr 10 2023 19: +0,1681149600
3.772,3,Apr 10 2023 20: +0,1681153200
3.78,4,Apr 10 2023 21: +0,1681156800
3.586,4,Apr 10 2023 22: +0,1681160400
3.599,4,Apr 11 2023 00: +0,1681167600
3.69,4,Apr 11 2023 01: +0,1681171200
3.409,4,Apr 11 2023 02: +0,1681174800
3.423,6,Apr 11 2023 03: +0,1681178400
3.351,3,Apr 11 2023 04: +0,1681182000
3.768,5,Apr 11 2023 05: +0,1681185600
3.683,4,Apr 11 2023 06: +0,1681189200
3.807,1,Apr 11 2023 07: +0,1681192800
3.567,6,Apr 11 2023 08: +0,1681196400
3.565,4,Apr 11 2023 09: +0,1681200000
3.533,6,Apr 11 2023 10: +0,1681203600
3.654,4,Apr 11 2023 12: +0,1681210800
3.553,2,Apr 11 2023 13: +0,1681214400
3.524,1,Apr 11 2023 14: +0,1681218000
3.728,3,Apr 11 2023 17: +0,1681228800
3.625,2,Apr 11 2023 18: +0,1681232400
3.698,6,Apr 11 2023 19: +0,1681236000
3.551,3,Apr 11 2023 20: +0,1681239600
3.357,2,Apr 11 2023 21: +0,1681243200
3.036,2,Apr 11 2023 22: +0,1681246800
3.677,1,Apr 11 2023 23: +0,1681250400
3.818,3,Apr 12 2023 00: +0,1681254000
3.553,1,Apr 12 2023 02: +0,1681261200
3.561,1,Apr 12 2023 03: +0,1681264800
3.585,2,Apr 12 2023 04: +0,1681268400
3.677,1,Apr 12 2023 05: +0,1681272000
3.689,2,Apr 12 2023 06: +0,1681275600
3.646,4,Apr 12 2023 07: +0,1681279200
3.239,1,Apr 12 2023 09: +0,1681286400
3.502,3,Apr 12 2023 10: +0,1681290000
3.609,3,Apr 12 2023 11: +0,1681293600
3.377,2,Apr 12 2023 12: +0,1681297200
3.696,1,Apr 12 2023 13: +0,1681300800
2.977,1,Apr 12 2023 15: +0,1681308000
3.461,2,Apr 12 2023 16: +0,1681311600
3.659,5,Apr 12 2023 17: +0,1681315200
3.666,10,Apr 12 2023 18: +0,1681318800
3.62,8,Apr 12 2023 19: +0,1681322400
3.625,7,Apr 12 2023 20: +0,1681326000
3.66,3,Apr 12 2023 21: +0,1681329600
2.767,1,Apr 12 2023 22: +0,1681333200
3.69,1,Apr 12 2023 23: +0,1681336800
3.581,2,Apr 13 2023 00: +0,1681340400
3.664,3,Apr 13 2023 01: +0,1681344000
3.377,5,Apr 13 2023 02: +0,1681347600
3.666,3,Apr 13 2023 03: +0,1681351200
3.353,1,Apr 13 2023 04: +0,1681354800
2.753,2,Apr 13 2023 05: +0,1681358400
3.655,2,Apr 13 2023 09: +0,1681372800
3.666,5,Apr 13 2023 10: +0,1681376400
3.537,1,Apr 13 2023 11: +0,1681380000
3.668,7,Apr 13 2023 12: +0,1681383600
3.612,2,Apr 13 2023 13: +0,1681387200
3.609,2,Apr 13 2023 16: +0,1681398000
3.547,1,Apr 13 2023 17: +0,1681401600
2.681,3,Apr 13 2023 18: +0,1681405200
3.684,7,Apr 13 2023 19: +0,1681408800
3.574,8,Apr 13 2023 20: +0,1681412400
3.581,5,Apr 13 2023 21: +0,1681416000
3.598,3,Apr 13 2023 22: +0,1681419600
3.706,6,Apr 13 2023 23: +0,1681423200
3.581,3,Apr 14 2023 00: +0,1681426800
3.591,4,Apr 14 2023 02: +0,1681434000
3.591,2,Apr 14 2023 03: +0,1681437600
3.604,4,Apr 14 2023 04: +0,1681441200
3.102,1,Apr 14 2023 05: +0,1681444800
3.609,1,Apr 14 2023 06: +0,1681448400
4.023,1,Apr 14 2023 07: +0,1681452000
3.577,1,Apr 14 2023 08: +0,1681455600
3.569,2,Apr 14 2023 09: +0,1681459200
3.421,2,Apr 14 2023 11: +0,1681466400
3.598,2,Apr 14 2023 12: +0,1681470000
3.598,2,Apr 14 2023 14: +0,1681477200
3.712,2,Apr 14 2023 16: +0,1681484400
3.781,1,Apr 14 2023 17: +0,1681488000
3.542,3,Apr 14 2023 18: +0,1681491600
3.521,1,Apr 14 2023 19: +0,1681495200
3.667,4,Apr 14 2023 20: +0,1681498800
3.655,4,Apr 14 2023 21: +0,1681502400
3.722,7,Apr 14 2023 22: +0,1681506000
3.791,8,Apr 14 2023 23: +0,1681509600
3.786,3,Apr 15 2023 00: +0,1681513200
3.606,3,Apr 15 2023 01: +0,1681516800
3.545,3,Apr 15 2023 02: +0,1681520400
3.529,2,Apr 15 2023 03: +0,1681524000
2.992,2,Apr 15 2023 04: +0,1681527600
3.718,2,Apr 15 2023 05: +0,1681531200
3.767,1,Apr 15 2023 06: +0,1681534800
3.636,3,Apr 15 2023 07: +0,1681538400
4.083,1,Apr 15 2023 08: +0,1681542000
3.714,2,Apr 15 2023 09: +0,1681545600
3.606,1,Apr 15 2023 10: +0,1681549200
3.97,1,Apr 15 2023 11: +0,1681552800
4.27,1,Apr 15 2023 12: +0,1681556400
3.677,1,Apr 15 2023 13: +0,1681560000
3.72,1,Apr 15 2023 15: +0,1681567200
3.72,1,Apr 15 2023 17: +0,1681574400
3.714,1,Apr 15 2023 18: +0,1681578000
3.67,2,Apr 15 2023 19: +0,1681581600
3.771,2,Apr 15 2023 20: +0,1681585200
3.632,5,Apr 15 2023 21: +0,1681588800
3.63,3,Apr 15 2023 22: +0,1681592400
3.616,5,Apr 15 2023 23: +0,1681596000
3.689,6,Apr 16 2023 00: +0,1681599600
3.616,3,Apr 16 2023 01: +0,1681603200
3.684,2,Apr 16 2023 02: +0,1681606800
3.73,4,Apr 16 2023 03: +0,1681610400
3.72,2,Apr 16 2023 04: +0,1681614000
3.649,2,Apr 16 2023 05: +0,1681617600
3.832,3,Apr 16 2023 06: +0,1681621200
3.61,3,Apr 16 2023 07: +0,1681624800
3.918,2,Apr 16 2023 08: +0,1681628400
3.653,3,Apr 16 2023 09: +0,1681632000
3.915,4,Apr 16 2023 10: +0,1681635600
4.057,6,Apr 16 2023 11: +0,1681639200
3.9,1,Apr 16 2023 12: +0,1681642800
3.642,1,Apr 16 2023 17: +0,1681660800
3.909,3,Apr 16 2023 18: +0,1681664400
3.906,1,Apr 16 2023 19: +0,1681668000
3.685,3,Apr 16 2023 20: +0,1681671600
3.889,3,Apr 16 2023 21: +0,1681675200
3.642,4,Apr 16 2023 22: +0,1681678800
3.601,3,Apr 16 2023 23: +0,1681682400
3.685,1,Apr 17 2023 00: +0,1681686000
3.754,4,Apr 17 2023 01: +0,1681689600
3.728,2,Apr 17 2023 02: +0,1681693200
3.669,4,Apr 17 2023 03: +0,1681696800
3.803,4,Apr 17 2023 04: +0,1681700400
3.219,2,Apr 17 2023 05: +0,1681704000
3.818,1,Apr 17 2023 06: +0,1681707600
3.87,1,Apr 17 2023 08: +0,1681714800
4.078,1,Apr 17 2023 10: +0,1681722000
3.851,3,Apr 17 2023 11: +0,1681725600
3.861,2,Apr 17 2023 13: +0,1681732800
3.76,1,Apr 17 2023 14: +0,1681736400
3.866,2,Apr 17 2023 16: +0,1681743600
3.882,1,Apr 17 2023 17: +0,1681747200
3.882,3,Apr 17 2023 18: +0,1681750800
3.835,2,Apr 17 2023 19: +0,1681754400
3.948,3,Apr 17 2023 20: +0,1681758000
3.913,5,Apr 17 2023 21: +0,1681761600
3.747,7,Apr 17 2023 22: +0,1681765200
3.854,3,Apr 17 2023 23: +0,1681768800
3.623,1,Apr 18 2023 00: +0,1681772400
3.739,5,Apr 18 2023 01: +0,1681776000
3.343,2,Apr 18 2023 02: +0,1681779600
4.686,2,Apr 18 2023 03: +0,1681783200
4.045,2,Apr 18 2023 04: +0,1681786800
4.029,1,Apr 18 2023 05: +0,1681790400
3.687,2,Apr 18 2023 06: +0,1681794000
4.029,1,Apr 18 2023 07: +0,1681797600
3.763,1,Apr 18 2023 08: +0,1681801200
3.662,1,Apr 18 2023 09: +0,1681804800
3.764,5,Apr 18 2023 10: +0,1681808400
5.009,1,Apr 18 2023 11: +0,1681812000
3.902,2,Apr 18 2023 12: +0,1681815600
3.948,1,Apr 18 2023 13: +0,1681819200
4.037,5,Apr 18 2023 17: +0,1681833600
3.766,3,Apr 18 2023 18: +0,1681837200
3.807,1,Apr 18 2023 19: +0,1681840800
4.09,3,Apr 18 2023 21: +0,1681848000
3.83,4,Apr 18 2023 22: +0,1681851600
3.772,1,Apr 18 2023 23: +0,1681855200
3.771,3,Apr 19 2023 00: +0,1681858800
3.642,4,Apr 19 2023 01: +0,1681862400
4.013,5,Apr 19 2023 02: +0,1681866000
4.101,3,Apr 19 2023 04: +0,1681873200
3.81,4,Apr 19 2023 05: +0,1681876800
3.783,3,Apr 19 2023 06: +0,1681880400
3.707,1,Apr 19 2023 07: +0,1681884000
3.715,1,Apr 19 2023 08: +0,1681887600
3.89,4,Apr 19 2023 09: +0,1681891200
3.747,1,Apr 19 2023 11: +0,1681898400
3.984,1,Apr 19 2023 12: +0,1681902000
3.791,3,Apr 19 2023 13: +0,1681905600
3.837,2,Apr 19 2023 14: +0,1681909200
3.902,3,Apr 19 2023 17: +0,1681920000
3.993,1,Apr 19 2023 18: +0,1681923600
3.901,3,Apr 19 2023 19: +0,1681927200
3.932,4,Apr 19 2023 21: +0,1681934400
4.022,3,Apr 19 2023 22: +0,1681938000
3.838,4,Apr 19 2023 23: +0,1681941600
3.707,3,Apr 20 2023 00: +0,1681945200
3.038,1,Apr 20 2023 01: +0,1681948800
4.044,4,Apr 20 2023 02: +0,1681952400
3.954,4,Apr 20 2023 03: +0,1681956000
4.03,3,Apr 20 2023 04: +0,1681959600
3.863,5,Apr 20 2023 06: +0,1681966800
3.931,1,Apr 20 2023 07: +0,1681970400
3.929,4,Apr 20 2023 09: +0,1681977600
4.191,1,Apr 20 2023 10: +0,1681981200
4.102,3,Apr 20 2023 11: +0,1681984800
4.408,1,Apr 20 2023 12: +0,1681988400
3.808,3,Apr 20 2023 13: +0,1681992000
3.965,1,Apr 20 2023 14: +0,1681995600
3.548,3,Apr 20 2023 16: +0,1682002800
3.944,3,Apr 20 2023 17: +0,1682006400
3.953,6,Apr 20 2023 18: +0,1682010000
3.94,1,Apr 20 2023 19: +0,1682013600
3.742,2,Apr 20 2023 20: +0,1682017200
4.022,5,Apr 20 2023 21: +0,1682020800
3.883,4,Apr 20 2023 22: +0,1682024400
3.552,1,Apr 20 2023 23: +0,1682028000
3.868,1,Apr 21 2023 00: +0,1682031600
3.945,2,Apr 21 2023 01: +0,1682035200
3.803,2,Apr 21 2023 02: +0,1682038800
4.02,2,Apr 21 2023 03: +0,1682042400
4.02,2,Apr 21 2023 04: +0,1682046000
3.619,4,Apr 21 2023 05: +0,1682049600
4.025,4,Apr 21 2023 06: +0,1682053200
4.023,4,Apr 21 2023 07: +0,1682056800
3.971,7,Apr 21 2023 09: +0,1682064000
4.012,2,Apr 21 2023 10: +0,1682067600
4.033,1,Apr 21 2023 11: +0,1682071200
4.03,4,Apr 21 2023 12: +0,1682074800
4.046,1,Apr 21 2023 14: +0,1682082000
4.06,1,Apr 21 2023 15: +0,1682085600
3.826,2,Apr 21 2023 16: +0,1682089200
4.048,2,Apr 21 2023 17: +0,1682092800
4.118,3,Apr 21 2023 18: +0,1682096400
3.415,2,Apr 21 2023 19: +0,1682100000
4.038,3,Apr 21 2023 20: +0,1682103600
4.022,3,Apr 21 2023 21: +0,1682107200
3.846,5,Apr 21 2023 22: +0,1682110800
3.949,5,Apr 21 2023 23: +0,1682114400
3.858,1,Apr 22 2023 00: +0,1682118000
3.858,3,Apr 22 2023 01: +0,1682121600
3.95,2,Apr 22 2023 02: +0,1682125200
3.868,1,Apr 22 2023 03: +0,1682128800
3.949,1,Apr 22 2023 04: +0,1682132400
3.784,2,Apr 22 2023 05: +0,1682136000
3.35,1,Apr 22 2023 06: +0,1682139600
3.989,3,Apr 22 2023 07: +0,1682143200
3.989,3,Apr 22 2023 08: +0,1682146800
3.965,5,Apr 22 2023 09: +0,1682150400
3.351,2,Apr 22 2023 10: +0,1682154000
3.957,3,Apr 22 2023 11: +0,1682157600
3.949,3,Apr 22 2023 12: +0,1682161200
3.965,4,Apr 22 2023 13: +0,1682164800
3.957,16,Apr 22 2023 14: +0,1682168400
3.957,3,Apr 22 2023 15: +0,1682172000
3.993,5,Apr 22 2023 16: +0,1682175600
4.002,6,Apr 22 2023 17: +0,1682179200
3.619,3,Apr 22 2023 18: +0,1682182800
3.834,5,Apr 22 2023 19: +0,1682186400
4.016,6,Apr 22 2023 20: +0,1682190000
3.719,3,Apr 22 2023 21: +0,1682193600
4.102,3,Apr 22 2023 22: +0,1682197200
3.869,6,Apr 22 2023 23: +0,1682200800
3.453,1,Apr 23 2023 00: +0,1682204400
3.953,2,Apr 23 2023 01: +0,1682208000
3.559,4,Apr 23 2023 02: +0,1682211600
3.636,2,Apr 23 2023 03: +0,1682215200
3.897,2,Apr 23 2023 04: +0,1682218800
3.818,1,Apr 23 2023 05: +0,1682222400
3.66,2,Apr 23 2023 06: +0,1682226000
3.98,6,Apr 23 2023 07: +0,1682229600
4.585,2,Apr 23 2023 08: +0,1682233200
4.102,1,Apr 23 2023 10: +0,1682240400
3.836,5,Apr 23 2023 11: +0,1682244000
3.975,2,Apr 23 2023 12: +0,1682247600
3.989,7,Apr 23 2023 13: +0,1682251200
3.7,1,Apr 23 2023 14: +0,1682254800
3.788,1,Apr 23 2023 15: +0,1682258400
3.78,6,Apr 23 2023 16: +0,1682262000
3.84,5,Apr 23 2023 17: +0,1682265600
4.053,6,Apr 23 2023 18: +0,1682269200
3.941,3,Apr 23 2023 19: +0,1682272800
3.931,6,Apr 23 2023 20: +0,1682276400
3.847,4,Apr 23 2023 21: +0,1682280000
3.874,6,Apr 23 2023 22: +0,1682283600
3.793,2,Apr 23 2023 23: +0,1682287200
3.973,1,Apr 24 2023 00: +0,1682290800
3.973,5,Apr 24 2023 01: +0,1682294400
3.938,2,Apr 24 2023 02: +0,1682298000
3.842,2,Apr 24 2023 03: +0,1682301600
3.903,3,Apr 24 2023 04: +0,1682305200
4.55,2,Apr 24 2023 05: +0,1682308800
3.799,4,Apr 24 2023 07: +0,1682316000
3.353,1,Apr 24 2023 08: +0,1682319600
3.941,3,Apr 24 2023 09: +0,1682323200
3.904,10,Apr 24 2023 10: +0,1682326800
3.732,3,Apr 24 2023 11: +0,1682330400
3.897,2,Apr 24 2023 12: +0,1682334000
3.94,3,Apr 24 2023 14: +0,1682341200
3.716,2,Apr 24 2023 15: +0,1682344800
3.812,1,Apr 24 2023 16: +0,1682348400
3.909,5,Apr 24 2023 17: +0,1682352000
3.808,2,Apr 24 2023 18: +0,1682355600
3.629,4,Apr 24 2023 19: +0,1682359200
3.816,2,Apr 24 2023 20: +0,1682362800
3.804,3,Apr 24 2023 21: +0,1682366400
3.836,3,Apr 24 2023 22: +0,1682370000
3.819,13,Apr 24 2023 23: +0,1682373600
3.829,6,Apr 25 2023 00: +0,1682377200
3.778,2,Apr 25 2023 01: +0,1682380800
3.822,6,Apr 25 2023 02: +0,1682384400
3.806,4,Apr 25 2023 03: +0,1682388000
3.752,2,Apr 25 2023 04: +0,1682391600
3.808,11,Apr 25 2023 05: +0,1682395200
3.808,6,Apr 25 2023 06: +0,1682398800
3.781,5,Apr 25 2023 07: +0,1682402400
3.799,7,Apr 25 2023 08: +0,1682406000
3.819,3,Apr 25 2023 09: +0,1682409600
3.772,3,Apr 25 2023 10: +0,1682413200
3.773,4,Apr 25 2023 11: +0,1682416800
3.556,4,Apr 25 2023 12: +0,1682420400
3.596,2,Apr 25 2023 13: +0,1682424000
3.707,5,Apr 25 2023 14: +0,1682427600
3.678,5,Apr 25 2023 15: +0,1682431200
3.485,6,Apr 25 2023 16: +0,1682434800
3.43,4,Apr 25 2023 17: +0,1682438400
3.558,10,Apr 25 2023 18: +0,1682442000
3.553,4,Apr 25 2023 19: +0,1682445600
3.572,7,Apr 25 2023 20: +0,1682449200
3.549,5,Apr 25 2023 21: +0,1682452800
3.457,7,Apr 25 2023 22: +0,1682456400
3.587,5,Apr 25 2023 23: +0,1682460000
3.511,4,Apr 26 2023 00: +0,1682463600
3.561,1,Apr 26 2023 02: +0,1682470800
3.558,6,Apr 26 2023 03: +0,1682474400
3.395,2,Apr 26 2023 04: +0,1682478000
2.986,2,Apr 26 2023 05: +0,1682481600
3.551,3,Apr 26 2023 06: +0,1682485200
3.554,2,Apr 26 2023 07: +0,1682488800
3.477,3,Apr 26 2023 08: +0,1682492400
3.545,4,Apr 26 2023 09: +0,1682496000
3.534,1,Apr 26 2023 10: +0,1682499600
3.488,1,Apr 26 2023 11: +0,1682503200
3.56,1,Apr 26 2023 12: +0,1682506800
3.281,2,Apr 26 2023 13: +0,1682510400
3.558,7,Apr 26 2023 14: +0,1682514000
3.501,4,Apr 26 2023 15: +0,1682517600
3.563,2,Apr 26 2023 16: +0,1682521200
3.51,8,Apr 26 2023 17: +0,1682524800
3.527,4,Apr 26 2023 18: +0,1682528400
3.499,7,Apr 26 2023 19: +0,1682532000
3.336,3,Apr 26 2023 20: +0,1682535600
3.704,1,Apr 26 2023 21: +0,1682539200
3.584,3,Apr 26 2023 22: +0,1682542800
3.505,3,Apr 26 2023 23: +0,1682546400
3.528,3,Apr 27 2023 00: +0,1682550000
3.495,1,Apr 27 2023 01: +0,1682553600
3.448,5,Apr 27 2023 02: +0,1682557200
3.2,1,Apr 27 2023 03: +0,1682560800
3.5,2,Apr 27 2023 04: +0,1682564400
3.344,1,Apr 27 2023 05: +0,1682568000
3.491,4,Apr 27 2023 06: +0,1682571600
3.288,2,Apr 27 2023 07: +0,1682575200
3.452,4,Apr 27 2023 08: +0,1682578800
3.332,2,Apr 27 2023 09: +0,1682582400
4.779,1,Apr 27 2023 10: +0,1682586000
3.704,1,Apr 27 2023 11: +0,1682589600
3.438,1,Apr 27 2023 12: +0,1682593200
3.495,6,Apr 27 2023 13: +0,1682596800
3.364,3,Apr 27 2023 14: +0,1682600400
3.496,2,Apr 27 2023 15: +0,1682604000
3.236,4,Apr 27 2023 16: +0,1682607600
3.768,1,Apr 27 2023 17: +0,1682611200
3.545,11,Apr 27 2023 18: +0,1682614800
3.261,3,Apr 27 2023 20: +0,1682622000
3.525,8,Apr 27 2023 21: +0,1682625600
3.457,2,Apr 27 2023 22: +0,1682629200
3.36,3,Apr 27 2023 23: +0,1682632800
3.508,6,Apr 28 2023 00: +0,1682636400
3.256,2,Apr 28 2023 01: +0,1682640000
3.3,2,Apr 28 2023 02: +0,1682643600
3.192,2,Apr 28 2023 03: +0,1682647200
3.269,3,Apr 28 2023 04: +0,1682650800
3.269,7,Apr 28 2023 05: +0,1682654400
3.367,2,Apr 28 2023 06: +0,1682658000
3.393,2,Apr 28 2023 07: +0,1682661600
3.52,1,Apr 28 2023 08: +0,1682665200
3.381,2,Apr 28 2023 09: +0,1682668800
3.365,2,Apr 28 2023 10: +0,1682672400
3.499,2,Apr 28 2023 11: +0,1682676000
3.508,4,Apr 28 2023 12: +0,1682679600
3.379,2,Apr 28 2023 13: +0,1682683200
3.424,1,Apr 28 2023 14: +0,1682686800
3.44,1,Apr 28 2023 15: +0,1682690400
3.412,4,Apr 28 2023 16: +0,1682694000
3.432,5,Apr 28 2023 17: +0,1682697600
3.208,2,Apr 28 2023 18: +0,1682701200
3.3,7,Apr 28 2023 19: +0,1682704800
3.297,4,Apr 28 2023 20: +0,1682708400
2.799,1,Apr 28 2023 21: +0,1682712000
3.424,5,Apr 28 2023 22: +0,1682715600
3.352,5,Apr 28 2023 23: +0,1682719200
3.321,6,Apr 29 2023 00: +0,1682722800
3.36,3,Apr 29 2023 02: +0,1682730000
3.275,1,Apr 29 2023 03: +0,1682733600
3.424,1,Apr 29 2023 04: +0,1682737200
3.16,1,Apr 29 2023 05: +0,1682740800
3.44,3,Apr 29 2023 06: +0,1682744400
3.278,4,Apr 29 2023 07: +0,1682748000
3.434,6,Apr 29 2023 08: +0,1682751600
3.395,3,Apr 29 2023 09: +0,1682755200
3.585,2,Apr 29 2023 10: +0,1682758800
3.448,4,Apr 29 2023 11: +0,1682762400
3.52,7,Apr 29 2023 12: +0,1682766000
3.362,2,Apr 29 2023 13: +0,1682769600
3.295,4,Apr 29 2023 15: +0,1682776800
3.504,6,Apr 29 2023 16: +0,1682780400
3.305,2,Apr 29 2023 17: +0,1682784000
3.389,2,Apr 29 2023 18: +0,1682787600
3.464,4,Apr 29 2023 19: +0,1682791200
3.443,4,Apr 29 2023 20: +0,1682794800
3.26,2,Apr 29 2023 21: +0,1682798400
3.428,6,Apr 29 2023 22: +0,1682802000
2.976,3,Apr 29 2023 23: +0,1682805600
3.685,2,Apr 30 2023 00: +0,1682809200
3.362,1,Apr 30 2023 01: +0,1682812800
3.353,2,Apr 30 2023 02: +0,1682816400
3.394,1,Apr 30 2023 03: +0,1682820000
3.362,1,Apr 30 2023 04: +0,1682823600
3.395,3,Apr 30 2023 05: +0,1682827200
3.4,3,Apr 30 2023 06: +0,1682830800
3.036,7,Apr 30 2023 08: +0,1682838000
3.277,2,Apr 30 2023 10: +0,1682845200
3.481,4,Apr 30 2023 11: +0,1682848800
3.289,1,Apr 30 2023 12: +0,1682852400
3.383,4,Apr 30 2023 13: +0,1682856000
3.459,1,Apr 30 2023 14: +0,1682859600
3.459,1,Apr 30 2023 15: +0,1682863200
3.451,9,Apr 30 2023 16: +0,1682866800
3.419,2,Apr 30 2023 17: +0,1682870400
3.422,5,Apr 30 2023 18: +0,1682874000
3.352,7,Apr 30 2023 19: +0,1682877600
3.415,29,Apr 30 2023 20: +0,1682881200
3.4,3,Apr 30 2023 21: +0,1682884800
3.456,27,Apr 30 2023 22: +0,1682888400
3.36,5,Apr 30 2023 23: +0,1682892000
3.372,2,May 01 2023 00: +0,1682895600
3.428,2,May 01 2023 02: +0,1682902800
3.22,2,May 01 2023 03: +0,1682906400
3.295,1,May 01 2023 04: +0,1682910000
3.376,5,May 01 2023 05: +0,1682913600
3.21,1,May 01 2023 06: +0,1682917200
3.536,5,May 01 2023 07: +0,1682920800
3.528,2,May 01 2023 08: +0,1682924400
3.261,2,May 01 2023 09: +0,1682928000
3.36,5,May 01 2023 10: +0,1682931600
3.378,2,May 01 2023 11: +0,1682935200
3.087,3,May 01 2023 12: +0,1682938800
3.336,3,May 01 2023 13: +0,1682942400
3.296,4,May 01 2023 14: +0,1682946000
3.536,5,May 01 2023 15: +0,1682949600
2.976,1,May 01 2023 16: +0,1682953200
3.441,1,May 01 2023 18: +0,1682960400
3.436,2,May 01 2023 19: +0,1682964000
3.349,3,May 01 2023 20: +0,1682967600
3.236,2,May 01 2023 21: +0,1682971200
3.369,2,May 01 2023 22: +0,1682974800
3.391,6,May 01 2023 23: +0,1682978400
3.306,2,May 02 2023 00: +0,1682982000
3.508,1,May 02 2023 01: +0,1682985600
3.269,2,May 02 2023 02: +0,1682989200
3.236,1,May 02 2023 03: +0,1682992800
3.422,2,May 02 2023 04: +0,1682996400
3.303,1,May 02 2023 05: +0,1683000000
3.229,1,May 02 2023 06: +0,1683003600
3.303,1,May 02 2023 07: +0,1683007200
3.303,3,May 02 2023 08: +0,1683010800
3.285,2,May 02 2023 09: +0,1683014400
3.303,7,May 02 2023 10: +0,1683018000
3.04,1,May 02 2023 11: +0,1683021600
2.882,3,May 02 2023 12: +0,1683025200
3.132,2,May 02 2023 13: +0,1683028800
3.367,8,May 02 2023 14: +0,1683032400
3.286,4,May 02 2023 16: +0,1683039600
3.416,4,May 02 2023 17: +0,1683043200
3.448,3,May 02 2023 18: +0,1683046800
3.229,3,May 02 2023 19: +0,1683050400
3.408,3,May 02 2023 20: +0,1683054000
3.28,3,May 02 2023 21: +0,1683057600
3.408,1,May 02 2023 22: +0,1683061200
3.257,2,May 03 2023 01: +0,1683072000
3.302,2,May 03 2023 02: +0,1683075600
3.118,1,May 03 2023 03: +0,1683079200
3.276,2,May 03 2023 04: +0,1683082800
3.2,4,May 03 2023 06: +0,1683090000
3.192,2,May 03 2023 07: +0,1683093600
3.282,2,May 03 2023 09: +0,1683100800
3.52,3,May 03 2023 10: +0,1683104400
3.218,3,May 03 2023 11: +0,1683108000
3.39,5,May 03 2023 12: +0,1683111600
4.02,2,May 03 2023 13: +0,1683115200
3.282,2,May 03 2023 14: +0,1683118800
3.4,1,May 03 2023 15: +0,1683122400
3.294,1,May 03 2023 16: +0,1683126000
3.2,3,May 03 2023 17: +0,1683129600
3.332,4,May 03 2023 18: +0,1683133200
3.271,4,May 03 2023 19: +0,1683136800
3.271,4,May 03 2023 20: +0,1683140400
3.207,3,May 03 2023 21: +0,1683144000
2.082,2,May 03 2023 22: +0,1683147600
3.397,10,May 03 2023 23: +0,1683151200
3.362,3,May 04 2023 00: +0,1683154800
3.45,3,May 04 2023 01: +0,1683158400
3.21,1,May 04 2023 03: +0,1683165600
3.19,1,May 04 2023 04: +0,1683169200
3.456,9,May 04 2023 05: +0,1683172800
3.212,1,May 04 2023 08: +0,1683183600
3.298,2,May 04 2023 09: +0,1683187200
3.752,2,May 04 2023 10: +0,1683190800
3.715,7,May 04 2023 11: +0,1683194400
3.53,1,May 04 2023 12: +0,1683198000
3.095,1,May 04 2023 13: +0,1683201600
3.536,2,May 04 2023 14: +0,1683205200
3.322,2,May 04 2023 15: +0,1683208800
3.328,5,May 04 2023 16: +0,1683212400
3.556,17,May 04 2023 17: +0,1683216000
3.219,4,May 04 2023 18: +0,1683219600
3.212,3,May 04 2023 19: +0,1683223200
3.268,2,May 04 2023 20: +0,1683226800
3.554,6,May 04 2023 21: +0,1683230400
2.919,1,May 04 2023 22: +0,1683234000
3.542,3,May 04 2023 23: +0,1683237600
3.223,2,May 05 2023 00: +0,1683241200
3.423,4,May 05 2023 01: +0,1683244800
3.194,6,May 05 2023 02: +0,1683248400
3.417,4,May 05 2023 03: +0,1683252000
3.496,1,May 05 2023 04: +0,1683255600
3.203,3,May 05 2023 05: +0,1683259200
3.307,3,May 05 2023 07: +0,1683266400
3.22,3,May 05 2023 08: +0,1683270000
3.174,7,May 05 2023 09: +0,1683273600
3.233,5,May 05 2023 10: +0,1683277200
3.229,3,May 05 2023 11: +0,1683280800
3.169,1,May 05 2023 12: +0,1683284400
3.173,4,May 05 2023 13: +0,1683288000
3.229,4,May 05 2023 14: +0,1683291600
3.199,1,May 05 2023 15: +0,1683295200
3.259,5,May 05 2023 16: +0,1683298800
3.212,6,May 05 2023 17: +0,1683302400
3.318,4,May 05 2023 18: +0,1683306000
3.195,7,May 05 2023 20: +0,1683313200
3.213,7,May 05 2023 21: +0,1683316800
3.238,20,May 05 2023 22: +0,1683320400
3.212,6,May 05 2023 23: +0,1683324000
1.999,2,May 06 2023 00: +0,1683327600
3.18,3,May 06 2023 01: +0,1683331200
3.57,4,May 06 2023 02: +0,1683334800
3.355,2,May 06 2023 03: +0,1683338400
3.1,1,May 06 2023 04: +0,1683342000
3.386,3,May 06 2023 05: +0,1683345600
2.942,2,May 06 2023 06: +0,1683349200
3.0,1,May 06 2023 07: +0,1683352800
3.156,4,May 06 2023 08: +0,1683356400
3.22,5,May 06 2023 09: +0,1683360000
3.093,4,May 06 2023 10: +0,1683363600
3.013,3,May 06 2023 11: +0,1683367200
3.063,3,May 06 2023 12: +0,1683370800
3.179,2,May 06 2023 13: +0,1683374400
2.958,4,May 06 2023 14: +0,1683378000
3.168,2,May 06 2023 16: +0,1683385200
3.063,4,May 06 2023 17: +0,1683388800
3.125,5,May 06 2023 18: +0,1683392400
3.115,3,May 06 2023 19: +0,1683396000
3.054,5,May 06 2023 20: +0,1683399600
3.153,6,May 06 2023 21: +0,1683403200
3.122,6,May 06 2023 22: +0,1683406800
3.117,4,May 06 2023 23: +0,1683410400
3.072,5,May 07 2023 00: +0,1683414000
3.117,3,May 07 2023 01: +0,1683417600
3.538,2,May 07 2023 02: +0,1683421200
3.204,15,May 07 2023 03: +0,1683424800
3.272,10,May 07 2023 04: +0,1683428400
3.117,1,May 07 2023 05: +0,1683432000
3.164,2,May 07 2023 06: +0,1683435600
3.975,3,May 07 2023 07: +0,1683439200
3.148,4,May 07 2023 08: +0,1683442800
3.3,9,May 07 2023 09: +0,1683446400
3.275,2,May 07 2023 10: +0,1683450000
3.554,5,May 07 2023 11: +0,1683453600
3.566,2,May 07 2023 12: +0,1683457200
3.18,3,May 07 2023 13: +0,1683460800
3.18,3,May 07 2023 14: +0,1683464400
3.212,3,May 07 2023 15: +0,1683468000
3.176,6,May 07 2023 16: +0,1683471600
3.164,6,May 07 2023 17: +0,1683475200
3.261,8,May 07 2023 18: +0,1683478800
3.022,4,May 07 2023 19: +0,1683482400
3.054,1,May 07 2023 20: +0,1683486000
3.172,6,May 07 2023 21: +0,1683489600
3.541,1,May 07 2023 22: +0,1683493200
3.0,3,May 07 2023 23: +0,1683496800
3.18,4,May 08 2023 00: +0,1683500400
3.22,2,May 08 2023 01: +0,1683504000
3.224,2,May 08 2023 02: +0,1683507600
3.18,1,May 08 2023 03: +0,1683511200
3.212,2,May 08 2023 04: +0,1683514800
3.429,3,May 08 2023 05: +0,1683518400
3.15,5,May 08 2023 06: +0,1683522000
3.222,1,May 08 2023 07: +0,1683525600
3.125,1,May 08 2023 08: +0,1683529200
3.123,1,May 08 2023 09: +0,1683532800
1.87,2,May 08 2023 10: +0,1683536400
3.116,3,May 08 2023 11: +0,1683540000
3.216,7,May 08 2023 12: +0,1683543600
3.104,4,May 08 2023 13: +0,1683547200
0.735,1,May 08 2023 14: +0,1683550800
3.103,1,May 08 2023 15: +0,1683554400
3.103,7,May 08 2023 16: +0,1683558000
3.092,9,May 08 2023 17: +0,1683561600
3.037,5,May 08 2023 18: +0,1683565200
1.98,2,May 08 2023 19: +0,1683568800
3.101,6,May 08 2023 20: +0,1683572400
3.1,9,May 08 2023 21: +0,1683576000
3.053,1,May 08 2023 22: +0,1683579600
3.115,3,May 08 2023 23: +0,1683583200
3.132,3,May 09 2023 00: +0,1683586800
3.045,1,May 09 2023 01: +0,1683590400
3.068,1,May 09 2023 02: +0,1683594000
3.136,1,May 09 2023 03: +0,1683597600
3.131,2,May 09 2023 04: +0,1683601200
3.139,3,May 09 2023 05: +0,1683604800
3.045,2,May 09 2023 06: +0,1683608400
3.096,2,May 09 2023 07: +0,1683612000
3.273,2,May 09 2023 08: +0,1683615600
3.179,3,May 09 2023 09: +0,1683619200
3.122,1,May 09 2023 10: +0,1683622800
3.163,7,May 09 2023 11: +0,1683626400
3.107,5,May 09 2023 12: +0,1683630000
3.115,3,May 09 2023 13: +0,1683633600
3.174,3,May 09 2023 14: +0,1683637200
3.184,4,May 09 2023 15: +0,1683640800
3.054,1,May 09 2023 16: +0,1683644400
3.07,2,May 09 2023 17: +0,1683648000
3.203,8,May 09 2023 18: +0,1683651600
3.231,4,May 09 2023 19: +0,1683655200
3.026,5,May 09 2023 20: +0,1683658800
3.0,5,May 09 2023 21: +0,1683662400
2.927,2,May 09 2023 22: +0,1683666000
3.14,3,May 09 2023 23: +0,1683669600
3.136,4,May 10 2023 00: +0,1683673200
3.16,8,May 10 2023 01: +0,1683676800
3.207,6,May 10 2023 02: +0,1683680400
3.115,3,May 10 2023 03: +0,1683684000
3.305,2,May 10 2023 04: +0,1683687600
3.148,3,May 10 2023 05: +0,1683691200
3.14,1,May 10 2023 06: +0,1683694800
2.888,2,May 10 2023 07: +0,1683698400
3.034,2,May 10 2023 08: +0,1683702000
3.752,2,May 10 2023 09: +0,1683705600
3.11,7,May 10 2023 10: +0,1683709200
3.38,2,May 10 2023 11: +0,1683712800
2.96,3,May 10 2023 13: +0,1683720000
3.1,26,May 10 2023 14: +0,1683723600
3.096,5,May 10 2023 15: +0,1683727200
3.091,5,May 10 2023 16: +0,1683730800
3.048,17,May 10 2023 17: +0,1683734400
2.599,5,May 10 2023 18: +0,1683738000
2.988,5,May 10 2023 19: +0,1683741600
2.808,2,May 10 2023 20: +0,1683745200
2.952,4,May 10 2023 21: +0,1683748800
2.96,4,May 10 2023 22: +0,1683752400
3.108,2,May 10 2023 23: +0,1683756000
3.093,7,May 11 2023 00: +0,1683759600
2.851,3,May 11 2023 01: +0,1683763200
3.028,2,May 11 2023 02: +0,1683766800
3.277,1,May 11 2023 03: +0,1683770400
2.971,4,May 11 2023 04: +0,1683774000
3.034,1,May 11 2023 05: +0,1683777600
3.077,1,May 11 2023 06: +0,1683781200
3.024,1,May 11 2023 07: +0,1683784800
2.94,4,May 11 2023 08: +0,1683788400
3.063,3,May 11 2023 10: +0,1683795600
3.198,1,May 11 2023 11: +0,1683799200
2.971,4,May 11 2023 12: +0,1683802800
3.055,3,May 11 2023 13: +0,1683806400
3.01,4,May 11 2023 14: +0,1683810000
3.058,3,May 11 2023 15: +0,1683813600
3.055,3,May 11 2023 16: +0,1683817200
3.034,5,May 11 2023 17: +0,1683820800
3.058,4,May 11 2023 18: +0,1683824400
3.003,3,May 11 2023 19: +0,1683828000
2.979,4,May 11 2023 20: +0,1683831600
3.073,3,May 11 2023 21: +0,1683835200
3.019,4,May 11 2023 22: +0,1683838800
3.061,4,May 11 2023 23: +0,1683842400
3.102,3,May 12 2023 00: +0,1683846000
3.038,1,May 12 2023 01: +0,1683849600
3.032,3,May 12 2023 03: +0,1683856800
1.889,2,May 12 2023 04: +0,1683860400
2.96,4,May 12 2023 05: +0,1683864000
3.042,1,May 12 2023 07: +0,1683871200
2.883,1,May 12 2023 08: +0,1683874800
3.098,5,May 12 2023 09: +0,1683878400
3.018,1,May 12 2023 11: +0,1683885600
3.031,3,May 12 2023 13: +0,1683892800
3.027,2,May 12 2023 14: +0,1683896400
3.018,1,May 12 2023 15: +0,1683900000
3.018,3,May 12 2023 16: +0,1683903600
2.984,6,May 12 2023 17: +0,1683907200
3.024,10,May 12 2023 18: +0,1683910800
3.039,9,May 12 2023 19: +0,1683914400
3.023,5,May 12 2023 20: +0,1683918000
3.034,5,May 12 2023 21: +0,1683921600
3.099,5,May 12 2023 22: +0,1683925200
3.038,7,May 12 2023 23: +0,1683928800
2.997,2,May 13 2023 00: +0,1683932400
3.0,3,May 13 2023 02: +0,1683939600
3.045,3,May 13 2023 03: +0,1683943200
3.968,1,May 13 2023 04: +0,1683946800
3.098,1,May 13 2023 05: +0,1683950400
3.506,1,May 13 2023 06: +0,1683954000
2.759,1,May 13 2023 07: +0,1683957600
2.915,2,May 13 2023 08: +0,1683961200
3.082,7,May 13 2023 09: +0,1683964800
3.046,2,May 13 2023 11: +0,1683972000
3.053,3,May 13 2023 12: +0,1683975600
3.082,3,May 13 2023 13: +0,1683979200
1.965,2,May 13 2023 14: +0,1683982800
2.845,2,May 13 2023 15: +0,1683986400
3.042,3,May 13 2023 16: +0,1683990000
2.88,1,May 13 2023 17: +0,1683993600
3.05,13,May 13 2023 18: +0,1683997200
3.047,3,May 13 2023 19: +0,1684000800
3.526,1,May 13 2023 20: +0,1684004400
3.231,2,May 13 2023 21: +0,1684008000
2.994,2,May 13 2023 22: +0,1684011600
3.37,3,May 14 2023 00: +0,1684018800
3.179,2,May 14 2023 01: +0,1684022400
3.0,1,May 14 2023 02: +0,1684026000
4.097,1,May 14 2023 03: +0,1684029600
3.127,2,May 14 2023 04: +0,1684033200
3.01,3,May 14 2023 05: +0,1684036800
3.044,4,May 14 2023 06: +0,1684040400
2.88,1,May 14 2023 07: +0,1684044000
2.96,3,May 14 2023 09: +0,1684051200
3.047,3,May 14 2023 11: +0,1684058400
3.23,1,May 14 2023 12: +0,1684062000
3.23,1,May 14 2023 13: +0,1684065600
2.545,2,May 14 2023 14: +0,1684069200
2.997,1,May 14 2023 15: +0,1684072800
2.887,3,May 14 2023 16: +0,1684076400
3.222,3,May 14 2023 17: +0,1684080000
2.997,3,May 14 2023 18: +0,1684083600
3.097,2,May 14 2023 19: +0,1684087200
3.114,3,May 14 2023 20: +0,1684090800
2.78,2,May 14 2023 21: +0,1684094400
3.165,3,May 14 2023 22: +0,1684098000
3.025,4,May 14 2023 23: +0,1684101600
2.997,1,May 15 2023 00: +0,1684105200
2.68,2,May 15 2023 01: +0,1684108800
2.781,2,May 15 2023 02: +0,1684112400
3.174,3,May 15 2023 04: +0,1684119600
3.184,1,May 15 2023 06: +0,1684126800
3.101,4,May 15 2023 07: +0,1684130400
3.054,2,May 15 2023 08: +0,1684134000
3.062,1,May 15 2023 10: +0,1684141200
3.031,2,May 15 2023 11: +0,1684144800
2.999,2,May 15 2023 12: +0,1684148400
3.003,2,May 15 2023 14: +0,1684155600
3.022,2,May 15 2023 15: +0,1684159200
2.902,4,May 15 2023 16: +0,1684162800
3.174,1,May 15 2023 18: +0,1684170000
2.877,5,May 15 2023 19: +0,1684173600
3.007,3,May 15 2023 20: +0,1684177200
2.995,2,May 15 2023 21: +0,1684180800
3.009,3,May 15 2023 22: +0,1684184400
3.039,5,May 15 2023 23: +0,1684188000
2.744,4,May 16 2023 00: +0,1684191600
2.999,1,May 16 2023 02: +0,1684198800
2.699,2,May 16 2023 03: +0,1684202400
2.89,1,May 16 2023 04: +0,1684206000
2.566,1,May 16 2023 05: +0,1684209600
3.029,1,May 16 2023 08: +0,1684220400
3.019,2,May 16 2023 09: +0,1684224000
3.009,5,May 16 2023 10: +0,1684227600
3.039,3,May 16 2023 11: +0,1684231200
3.043,9,May 16 2023 12: +0,1684234800
2.954,2,May 16 2023 13: +0,1684238400
3.147,5,May 16 2023 14: +0,1684242000
2.99,1,May 16 2023 15: +0,1684245600
3.024,23,May 16 2023 16: +0,1684249200
3.232,5,May 16 2023 17: +0,1684252800
2.805,4,May 16 2023 18: +0,1684256400
3.016,1,May 16 2023 19: +0,1684260000
2.932,7,May 16 2023 20: +0,1684263600
2.986,7,May 16 2023 21: +0,1684267200
3.0,10,May 16 2023 22: +0,1684270800
3.104,4,May 17 2023 00: +0,1684278000
3.032,3,May 17 2023 01: +0,1684281600
3.01,2,May 17 2023 02: +0,1684285200
3.1,2,May 17 2023 03: +0,1684288800
3.0,7,May 17 2023 04: +0,1684292400
3.0,1,May 17 2023 06: +0,1684299600
2.664,3,May 17 2023 07: +0,1684303200
3.0,5,May 17 2023 08: +0,1684306800
3.005,4,May 17 2023 09: +0,1684310400
3.002,1,May 17 2023 10: +0,1684314000
2.99,3,May 17 2023 11: +0,1684317600
2.885,6,May 17 2023 12: +0,1684321200
2.736,2,May 17 2023 13: +0,1684324800
2.813,2,May 17 2023 14: +0,1684328400
2.834,2,May 17 2023 15: +0,1684332000
2.85,7,May 17 2023 16: +0,1684335600
3.007,6,May 17 2023 17: +0,1684339200
3.017,4,May 17 2023 18: +0,1684342800
1.737,2,May 17 2023 19: +0,1684346400
2.99,4,May 17 2023 20: +0,1684350000
3.021,13,May 17 2023 21: +0,1684353600
3.0,12,May 17 2023 22: +0,1684357200
3.024,2,May 17 2023 23: +0,1684360800
3.107,1,May 18 2023 00: +0,1684364400
2.885,2,May 18 2023 01: +0,1684368000
2.87,1,May 18 2023 04: +0,1684378800
2.78,2,May 18 2023 05: +0,1684382400
2.96,3,May 18 2023 06: +0,1684386000
1.859,2,May 18 2023 07: +0,1684389600
3.083,1,May 18 2023 08: +0,1684393200
3.075,1,May 18 2023 09: +0,1684396800
3.018,1,May 18 2023 12: +0,1684407600
2.926,2,May 18 2023 14: +0,1684414800
3.06,4,May 18 2023 15: +0,1684418400
3.038,4,May 18 2023 16: +0,1684422000
3.063,3,May 18 2023 17: +0,1684425600
3.052,4,May 18 2023 18: +0,1684429200
3.028,4,May 18 2023 19: +0,1684432800
3.066,2,May 18 2023 20: +0,1684436400
2.876,6,May 18 2023 21: +0,1684440000
3.092,4,May 18 2023 22: +0,1684443600
2.996,3,May 18 2023 23: +0,1684447200
3.073,2,May 19 2023 00: +0,1684450800
2.574,1,May 19 2023 02: +0,1684458000
3.075,2,May 19 2023 04: +0,1684465200
3.096,3,May 19 2023 05: +0,1684468800
2.917,2,May 19 2023 06: +0,1684472400
2.587,2,May 19 2023 07: +0,1684476000
3.08,10,May 19 2023 08: +0,1684479600
3.095,1,May 19 2023 09: +0,1684483200
3.095,5,May 19 2023 10: +0,1684486800
3.04,3,May 19 2023 11: +0,1684490400
3.078,2,May 19 2023 12: +0,1684494000
3.095,7,May 19 2023 13: +0,1684497600
3.05,5,May 19 2023 15: +0,1684504800
3.059,5,May 19 2023 16: +0,1684508400
3.047,5,May 19 2023 17: +0,1684512000
3.103,11,May 19 2023 18: +0,1684515600
3.1,6,May 19 2023 19: +0,1684519200
2.8,4,May 19 2023 20: +0,1684522800
3.0,3,May 19 2023 21: +0,1684526400
1.966,2,May 19 2023 22: +0,1684530000
2.949,4,May 19 2023 23: +0,1684533600
2.99,1,May 20 2023 00: +0,1684537200
2.812,2,May 20 2023 01: +0,1684540800
3.015,7,May 20 2023 02: +0,1684544400
3.055,7,May 20 2023 03: +0,1684548000
3.096,1,May 20 2023 04: +0,1684551600
3.106,1,May 20 2023 05: +0,1684555200
3.433,1,May 20 2023 06: +0,1684558800
0.879,1,May 20 2023 07: +0,1684562400
3.136,3,May 20 2023 08: +0,1684566000
3.026,4,May 20 2023 09: +0,1684569600
3.006,3,May 20 2023 11: +0,1684576800
3.047,1,May 20 2023 12: +0,1684580400
2.86,4,May 20 2023 13: +0,1684584000
2.974,4,May 20 2023 14: +0,1684587600
3.012,3,May 20 2023 15: +0,1684591200
2.89,2,May 20 2023 16: +0,1684594800
3.006,1,May 20 2023 17: +0,1684598400
3.006,3,May 20 2023 18: +0,1684602000
3.006,12,May 20 2023 19: +0,1684605600
2.951,2,May 20 2023 20: +0,1684609200
2.949,4,May 20 2023 21: +0,1684612800
2.895,3,May 20 2023 22: +0,1684616400
2.967,2,May 20 2023 23: +0,1684620000
2.846,2,May 21 2023 00: +0,1684623600
2.991,3,May 21 2023 02: +0,1684630800
2.972,2,May 21 2023 03: +0,1684634400
2.798,3,May 21 2023 04: +0,1684638000
3.015,3,May 21 2023 05: +0,1684641600
2.987,2,May 21 2023 06: +0,1684645200
3.009,3,May 21 2023 08: +0,1684652400
3.01,1,May 21 2023 09: +0,1684656000
2.994,2,May 21 2023 10: +0,1684659600
2.992,1,May 21 2023 11: +0,1684663200
3.547,1,May 21 2023 12: +0,1684666800
2.938,4,May 21 2023 13: +0,1684670400
3.066,2,May 21 2023 14: +0,1684674000
3.011,5,May 21 2023 15: +0,1684677600
3.009,3,May 21 2023 16: +0,1684681200
2.935,4,May 21 2023 17: +0,1684684800
2.915,3,May 21 2023 18: +0,1684688400
2.866,4,May 21 2023 19: +0,1684692000
2.957,3,May 21 2023 20: +0,1684695600
2.957,2,May 21 2023 21: +0,1684699200
2.917,3,May 21 2023 22: +0,1684702800
2.909,1,May 22 2023 00: +0,1684710000
2.895,3,May 22 2023 01: +0,1684713600
0.894,1,May 22 2023 02: +0,1684717200
2.905,3,May 22 2023 03: +0,1684720800
3.006,2,May 22 2023 04: +0,1684724400
2.903,2,May 22 2023 05: +0,1684728000
2.896,5,May 22 2023 06: +0,1684731600
2.843,2,May 22 2023 07: +0,1684735200
2.74,3,May 22 2023 08: +0,1684738800
2.912,6,May 22 2023 09: +0,1684742400
2.786,2,May 22 2023 10: +0,1684746000
2.912,3,May 22 2023 11: +0,1684749600
2.873,5,May 22 2023 12: +0,1684753200
0.848,1,May 22 2023 13: +0,1684756800
2.914,9,May 22 2023 14: +0,1684760400
2.908,3,May 22 2023 15: +0,1684764000
2.916,1,May 22 2023 16: +0,1684767600
2.911,2,May 22 2023 17: +0,1684771200
2.914,3,May 22 2023 18: +0,1684774800
2.371,2,May 22 2023 19: +0,1684778400
2.725,8,May 22 2023 20: +0,1684782000
3.092,4,May 22 2023 21: +0,1684785600
2.866,2,May 22 2023 22: +0,1684789200
2.885,2,May 22 2023 23: +0,1684792800
2.412,3,May 23 2023 00: +0,1684796400
2.781,2,May 23 2023 01: +0,1684800000
3.397,1,May 23 2023 02: +0,1684803600
2.911,3,May 23 2023 03: +0,1684807200
2.745,3,May 23 2023 04: +0,1684810800
2.875,4,May 23 2023 05: +0,1684814400
2.579,3,May 23 2023 07: +0,1684821600
2.877,1,May 23 2023 08: +0,1684825200
2.905,2,May 23 2023 09: +0,1684828800
2.908,1,May 23 2023 11: +0,1684836000
2.412,1,May 23 2023 12: +0,1684839600
2.908,3,May 23 2023 13: +0,1684843200
2.976,8,May 23 2023 14: +0,1684846800
2.902,1,May 23 2023 15: +0,1684850400
2.805,2,May 23 2023 16: +0,1684854000
2.853,6,May 23 2023 17: +0,1684857600
2.669,2,May 23 2023 18: +0,1684861200
2.727,5,May 23 2023 19: +0,1684864800
2.885,3,May 23 2023 20: +0,1684868400
2.893,1,May 23 2023 21: +0,1684872000
2.506,5,May 23 2023 22: +0,1684875600
2.731,3,May 23 2023 23: +0,1684879200
2.726,1,May 24 2023 01: +0,1684886400
2.73,1,May 24 2023 02: +0,1684890000
2.773,1,May 24 2023 03: +0,1684893600
2.819,3,May 24 2023 05: +0,1684900800
2.885,1,May 24 2023 06: +0,1684904400
2.893,1,May 24 2023 07: +0,1684908000
2.886,2,May 24 2023 09: +0,1684915200
0.804,1,May 24 2023 10: +0,1684918800
2.893,1,May 24 2023 11: +0,1684922400
2.593,2,May 24 2023 13: +0,1684929600
0.882,3,May 24 2023 14: +0,1684933200
2.887,7,May 24 2023 16: +0,1684940400
2.831,4,May 24 2023 17: +0,1684944000
2.665,4,May 24 2023 18: +0,1684947600
2.67,6,May 24 2023 19: +0,1684951200
2.861,4,May 24 2023 20: +0,1684954800
2.831,4,May 24 2023 21: +0,1684958400
2.768,1,May 24 2023 22: +0,1684962000
2.807,3,May 24 2023 23: +0,1684965600
2.586,2,May 25 2023 00: +0,1684969200
3.137,2,May 25 2023 01: +0,1684972800
3.251,1,May 25 2023 02: +0,1684976400
2.836,4,May 25 2023 03: +0,1684980000
2.849,5,May 25 2023 04: +0,1684983600
2.861,5,May 25 2023 05: +0,1684987200
1.873,2,May 25 2023 07: +0,1684994400
2.323,3,May 25 2023 08: +0,1684998000
2.797,3,May 25 2023 09: +0,1685001600
2.788,1,May 25 2023 10: +0,1685005200
2.679,5,May 25 2023 11: +0,1685008800
2.8,5,May 25 2023 12: +0,1685012400
2.782,6,May 25 2023 13: +0,1685016000
2.808,7,May 25 2023 14: +0,1685019600
2.84,3,May 25 2023 15: +0,1685023200
2.838,4,May 25 2023 16: +0,1685026800
2.789,2,May 25 2023 17: +0,1685030400
2.859,3,May 25 2023 18: +0,1685034000
2.787,1,May 25 2023 19: +0,1685037600
2.622,3,May 25 2023 20: +0,1685041200
2.777,8,May 25 2023 21: +0,1685044800
2.793,9,May 25 2023 22: +0,1685048400
2.799,6,May 25 2023 23: +0,1685052000
2.601,5,May 26 2023 00: +0,1685055600
2.67,1,May 26 2023 01: +0,1685059200
2.711,2,May 26 2023 02: +0,1685062800
2.048,3,May 26 2023 03: +0,1685066400
2.803,4,May 26 2023 04: +0,1685070000
2.638,1,May 26 2023 05: +0,1685073600
2.824,3,May 26 2023 06: +0,1685077200
2.828,2,May 26 2023 07: +0,1685080800
2.835,5,May 26 2023 08: +0,1685084400
2.844,8,May 26 2023 09: +0,1685088000
2.606,1,May 26 2023 11: +0,1685095200
2.848,1,May 26 2023 12: +0,1685098800
2.829,2,May 26 2023 13: +0,1685102400
2.497,3,May 26 2023 14: +0,1685106000
2.816,9,May 26 2023 15: +0,1685109600
2.827,7,May 26 2023 16: +0,1685113200
2.614,5,May 26 2023 17: +0,1685116800
2.63,3,May 26 2023 18: +0,1685120400
2.783,7,May 26 2023 19: +0,1685124000
2.726,2,May 26 2023 20: +0,1685127600
2.83,5,May 26 2023 21: +0,1685131200
2.677,2,May 26 2023 22: +0,1685134800
3.447,3,May 26 2023 23: +0,1685138400
3.065,2,May 27 2023 00: +0,1685142000
2.838,6,May 27 2023 01: +0,1685145600
2.765,2,May 27 2023 02: +0,1685149200
2.825,1,May 27 2023 03: +0,1685152800
3.13,2,May 27 2023 04: +0,1685156400
2.748,1,May 27 2023 05: +0,1685160000
2.857,5,May 27 2023 06: +0,1685163600
2.839,2,May 27 2023 07: +0,1685167200
3.151,3,May 27 2023 08: +0,1685170800
2.865,1,May 27 2023 09: +0,1685174400
2.96,7,May 27 2023 10: +0,1685178000
2.76,2,May 27 2023 11: +0,1685181600
2.946,1,May 27 2023 12: +0,1685185200
2.897,7,May 27 2023 13: +0,1685188800
2.905,2,May 27 2023 14: +0,1685192400
2.606,3,May 27 2023 15: +0,1685196000
2.42,3,May 27 2023 16: +0,1685199600
2.789,4,May 27 2023 17: +0,1685203200
2.55,4,May 27 2023 18: +0,1685206800
2.695,3,May 27 2023 19: +0,1685210400
2.711,4,May 27 2023 20: +0,1685214000
2.865,3,May 27 2023 21: +0,1685217600
2.865,7,May 27 2023 22: +0,1685221200
2.895,5,May 27 2023 23: +0,1685224800
2.897,6,May 28 2023 00: +0,1685228400
2.323,1,May 28 2023 01: +0,1685232000
2.865,1,May 28 2023 02: +0,1685235600
2.867,4,May 28 2023 03: +0,1685239200
2.952,4,May 28 2023 04: +0,1685242800
4.184,1,May 28 2023 05: +0,1685246400
2.857,5,May 28 2023 06: +0,1685250000
3.326,2,May 28 2023 07: +0,1685253600
3.514,2,May 28 2023 08: +0,1685257200
1.878,2,May 28 2023 09: +0,1685260800
2.879,5,May 28 2023 10: +0,1685264400
2.637,2,May 28 2023 11: +0,1685268000
2.908,6,May 28 2023 12: +0,1685271600
2.67,2,May 28 2023 13: +0,1685275200
2.889,3,May 28 2023 14: +0,1685278800
2.935,4,May 28 2023 15: +0,1685282400
2.933,4,May 28 2023 16: +0,1685286000
2.889,2,May 28 2023 17: +0,1685289600
2.857,3,May 28 2023 18: +0,1685293200
3.146,3,May 28 2023 19: +0,1685296800
2.951,4,May 28 2023 20: +0,1685300400
2.735,4,May 28 2023 21: +0,1685304000
2.857,3,May 28 2023 22: +0,1685307600
0.85,1,May 28 2023 23: +0,1685311200
2.835,4,May 29 2023 00: +0,1685314800
1.906,2,May 29 2023 01: +0,1685318400
2.895,3,May 29 2023 02: +0,1685322000
2.875,5,May 29 2023 03: +0,1685325600
2.933,2,May 29 2023 04: +0,1685329200
3.144,10,May 29 2023 05: +0,1685332800
2.879,4,May 29 2023 06: +0,1685336400
2.788,1,May 29 2023 07: +0,1685340000
2.873,2,May 29 2023 08: +0,1685343600
2.885,1,May 29 2023 09: +0,1685347200
2.833,4,May 29 2023 10: +0,1685350800
2.889,4,May 29 2023 11: +0,1685354400
2.861,4,May 29 2023 12: +0,1685358000
2.913,5,May 29 2023 13: +0,1685361600
2.942,8,May 29 2023 14: +0,1685365200
2.982,8,May 29 2023 15: +0,1685368800
2.861,6,May 29 2023 16: +0,1685372400
2.881,5,May 29 2023 17: +0,1685376000
2.965,1,May 29 2023 18: +0,1685379600
2.94,4,May 29 2023 19: +0,1685383200
2.847,6,May 29 2023 20: +0,1685386800
2.726,1,May 29 2023 21: +0,1685390400
2.701,4,May 29 2023 22: +0,1685394000
2.529,2,May 29 2023 23: +0,1685397600
2.886,4,May 30 2023 00: +0,1685401200
2.885,2,May 30 2023 01: +0,1685404800
2.82,3,May 30 2023 04: +0,1685415600
2.858,4,May 30 2023 07: +0,1685426400
2.857,3,May 30 2023 08: +0,1685430000
1.873,2,May 30 2023 10: +0,1685437200
1.958,2,May 30 2023 11: +0,1685440800
1.97,2,May 30 2023 13: +0,1685448000
2.341,2,May 30 2023 14: +0,1685451600
2.78,3,May 30 2023 15: +0,1685455200
2.951,3,May 30 2023 16: +0,1685458800
2.95,1,May 30 2023 18: +0,1685466000
2.909,4,May 30 2023 19: +0,1685469600
2.951,5,May 30 2023 20: +0,1685473200
2.918,5,May 30 2023 21: +0,1685476800
2.945,5,May 30 2023 22: +0,1685480400
0.85,1,May 30 2023 23: +0,1685484000
2.271,3,May 31 2023 00: +0,1685487600
2.912,4,May 31 2023 01: +0,1685491200
4.442,4,May 31 2023 02: +0,1685494800
3.018,1,May 31 2023 03: +0,1685498400
3.01,2,May 31 2023 04: +0,1685502000
2.921,1,May 31 2023 05: +0,1685505600
3.101,4,May 31 2023 07: +0,1685512800
3.257,2,May 31 2023 08: +0,1685516400
2.929,1,May 31 2023 09: +0,1685520000
2.867,4,May 31 2023 10: +0,1685523600
2.858,2,May 31 2023 11: +0,1685527200
2.282,5,May 31 2023 12: +0,1685530800
1.567,2,May 31 2023 13: +0,1685534400
1.742,2,May 31 2023 14: +0,1685538000
2.953,6,May 31 2023 16: +0,1685545200
2.994,13,May 31 2023 17: +0,1685548800
2.945,4,May 31 2023 18: +0,1685552400
2.905,4,May 31 2023 19: +0,1685556000
2.953,3,May 31 2023 20: +0,1685559600
2.939,5,May 31 2023 21: +0,1685563200
2.933,4,May 31 2023 22: +0,1685566800
2.928,1,Jun 01 2023 00: +0,1685574000
2.601,4,Jun 01 2023 01: +0,1685577600
2.986,1,Jun 01 2023 02: +0,1685581200
2.905,3,Jun 01 2023 03: +0,1685584800
2.905,1,Jun 01 2023 04: +0,1685588400
2.686,2,Jun 01 2023 05: +0,1685592000
3.08,11,Jun 01 2023 06: +0,1685595600
2.792,1,Jun 01 2023 07: +0,1685599200
2.84,1,Jun 01 2023 08: +0,1685602800
2.484,1,Jun 01 2023 09: +0,1685606400
2.698,2,Jun 01 2023 10: +0,1685610000
2.898,2,Jun 01 2023 11: +0,1685613600
2.548,1,Jun 01 2023 13: +0,1685620800
2.875,3,Jun 01 2023 14: +0,1685624400
2.905,5,Jun 01 2023 15: +0,1685628000
2.932,8,Jun 01 2023 16: +0,1685631600
2.843,4,Jun 01 2023 17: +0,1685635200
2.875,9,Jun 01 2023 18: +0,1685638800
2.911,5,Jun 01 2023 19: +0,1685642400
2.905,8,Jun 01 2023 20: +0,1685646000
1.666,4,Jun 01 2023 21: +0,1685649600
2.731,5,Jun 01 2023 22: +0,1685653200
2.921,3,Jun 01 2023 23: +0,1685656800
2.93,3,Jun 02 2023 01: +0,1685664000
2.959,4,Jun 02 2023 02: +0,1685667600
2.862,4,Jun 02 2023 03: +0,1685671200
3.027,1,Jun 02 2023 06: +0,1685682000
2.518,2,Jun 02 2023 08: +0,1685689200
2.931,3,Jun 02 2023 09: +0,1685692800
3.011,4,Jun 02 2023 10: +0,1685696400
2.931,3,Jun 02 2023 11: +0,1685700000
2.931,3,Jun 02 2023 12: +0,1685703600
2.993,1,Jun 02 2023 13: +0,1685707200
2.899,3,Jun 02 2023 14: +0,1685710800
2.891,5,Jun 02 2023 15: +0,1685714400
2.348,2,Jun 02 2023 16: +0,1685718000
2.931,4,Jun 02 2023 18: +0,1685725200
2.931,3,Jun 02 2023 19: +0,1685728800
2.755,3,Jun 02 2023 20: +0,1685732400
1.835,2,Jun 02 2023 21: +0,1685736000
2.963,8,Jun 02 2023 22: +0,1685739600
2.763,2,Jun 02 2023 23: +0,1685743200
3.016,5,Jun 03 2023 00: +0,1685746800
2.899,3,Jun 03 2023 01: +0,1685750400
0.816,1,Jun 03 2023 02: +0,1685754000
2.795,3,Jun 03 2023 03: +0,1685757600
2.915,1,Jun 03 2023 04: +0,1685761200
2.928,2,Jun 03 2023 06: +0,1685768400
2.851,5,Jun 03 2023 07: +0,1685772000
1.738,2,Jun 03 2023 08: +0,1685775600
2.586,2,Jun 03 2023 09: +0,1685779200
2.974,3,Jun 03 2023 10: +0,1685782800
2.812,6,Jun 03 2023 12: +0,1685790000
2.723,3,Jun 03 2023 13: +0,1685793600
2.936,4,Jun 03 2023 14: +0,1685797200
2.915,1,Jun 03 2023 15: +0,1685800800
2.949,3,Jun 03 2023 16: +0,1685804400
2.868,1,Jun 03 2023 17: +0,1685808000
2.808,2,Jun 03 2023 18: +0,1685811600
2.859,3,Jun 03 2023 19: +0,1685815200
2.869,2,Jun 03 2023 20: +0,1685818800
2.864,5,Jun 03 2023 21: +0,1685822400
2.918,9,Jun 03 2023 22: +0,1685826000
2.922,8,Jun 03 2023 23: +0,1685829600
2.836,1,Jun 04 2023 00: +0,1685833200
2.888,3,Jun 04 2023 02: +0,1685840400
2.489,1,Jun 04 2023 04: +0,1685847600
2.944,2,Jun 04 2023 05: +0,1685851200
2.792,3,Jun 04 2023 06: +0,1685854800
2.664,2,Jun 04 2023 07: +0,1685858400
2.888,1,Jun 04 2023 08: +0,1685862000
2.716,4,Jun 04 2023 09: +0,1685865600
0.904,3,Jun 04 2023 10: +0,1685869200
2.768,3,Jun 04 2023 11: +0,1685872800
2.906,2,Jun 04 2023 12: +0,1685876400
2.599,6,Jun 04 2023 13: +0,1685880000
2.82,4,Jun 04 2023 14: +0,1685883600
2.826,3,Jun 04 2023 15: +0,1685887200
2.902,4,Jun 04 2023 16: +0,1685890800
2.8,3,Jun 04 2023 17: +0,1685894400
2.937,1,Jun 04 2023 18: +0,1685898000
2.957,5,Jun 04 2023 19: +0,1685901600
2.903,4,Jun 04 2023 20: +0,1685905200
2.691,2,Jun 04 2023 21: +0,1685908800
2.944,3,Jun 04 2023 22: +0,1685912400
2.964,4,Jun 04 2023 23: +0,1685916000
2.96,1,Jun 05 2023 01: +0,1685923200
2.956,2,Jun 05 2023 03: +0,1685930400
3.021,2,Jun 05 2023 05: +0,1685937600
2.925,1,Jun 05 2023 06: +0,1685941200
2.925,1,Jun 05 2023 07: +0,1685944800
2.842,2,Jun 05 2023 08: +0,1685948400
1.896,2,Jun 05 2023 09: +0,1685952000
2.952,2,Jun 05 2023 10: +0,1685955600
2.928,4,Jun 05 2023 11: +0,1685959200
2.912,3,Jun 05 2023 12: +0,1685962800
2.976,1,Jun 05 2023 13: +0,1685966400
2.889,2,Jun 05 2023 14: +0,1685970000
2.927,8,Jun 05 2023 15: +0,1685973600
2.908,4,Jun 05 2023 16: +0,1685977200
2.808,5,Jun 05 2023 17: +0,1685980800
2.873,8,Jun 05 2023 18: +0,1685984400
2.981,4,Jun 05 2023 19: +0,1685988000
2.927,1,Jun 05 2023 20: +0,1685991600
3.002,3,Jun 05 2023 21: +0,1685995200
2.912,3,Jun 05 2023 22: +0,1685998800
2.558,4,Jun 05 2023 23: +0,1686002400
2.859,1,Jun 06 2023 00: +0,1686006000
2.8,7,Jun 06 2023 02: +0,1686013200
2.48,1,Jun 06 2023 03: +0,1686016800
2.912,4,Jun 06 2023 04: +0,1686020400
2.844,2,Jun 06 2023 05: +0,1686024000
2.913,2,Jun 06 2023 06: +0,1686027600
2.401,1,Jun 06 2023 07: +0,1686031200
2.904,1,Jun 06 2023 08: +0,1686034800
2.913,2,Jun 06 2023 09: +0,1686038400
3.211,3,Jun 06 2023 10: +0,1686042000
2.975,2,Jun 06 2023 12: +0,1686049200
2.922,3,Jun 06 2023 13: +0,1686052800
2.934,3,Jun 06 2023 14: +0,1686056400
2.922,6,Jun 06 2023 15: +0,1686060000
2.653,1,Jun 06 2023 16: +0,1686063600
2.965,5,Jun 06 2023 17: +0,1686067200
2.952,2,Jun 06 2023 18: +0,1686070800
2.928,2,Jun 06 2023 19: +0,1686074400
2.957,1,Jun 06 2023 20: +0,1686078000
2.919,7,Jun 06 2023 21: +0,1686081600
2.964,5,Jun 06 2023 22: +0,1686085200
2.44,2,Jun 06 2023 23: +0,1686088800
2.947,4,Jun 07 2023 01: +0,1686096000
2.964,2,Jun 07 2023 03: +0,1686103200
2.976,1,Jun 07 2023 04: +0,1686106800
2.925,4,Jun 07 2023 06: +0,1686114000
2.955,5,Jun 07 2023 07: +0,1686117600
5.592,1,Jun 07 2023 08: +0,1686121200
2.972,2,Jun 07 2023 09: +0,1686124800
2.966,1,Jun 07 2023 10: +0,1686128400
2.887,2,Jun 07 2023 11: +0,1686132000
2.978,4,Jun 07 2023 12: +0,1686135600
2.88,1,Jun 07 2023 13: +0,1686139200
0.879,1,Jun 07 2023 14: +0,1686142800
0.896,1,Jun 07 2023 15: +0,1686146400
2.979,3,Jun 07 2023 16: +0,1686150000
2.976,1,Jun 07 2023 17: +0,1686153600
2.989,9,Jun 07 2023 18: +0,1686157200
2.976,5,Jun 07 2023 19: +0,1686160800
2.946,6,Jun 07 2023 20: +0,1686164400
2.98,4,Jun 07 2023 21: +0,1686168000
2.999,14,Jun 07 2023 22: +0,1686171600
3.002,2,Jun 07 2023 23: +0,1686175200
2.968,3,Jun 08 2023 00: +0,1686178800
2.983,4,Jun 08 2023 01: +0,1686182400
3.008,4,Jun 08 2023 02: +0,1686186000
2.9,2,Jun 08 2023 03: +0,1686189600
3.0,5,Jun 08 2023 04: +0,1686193200
2.904,2,Jun 08 2023 05: +0,1686196800
3.007,6,Jun 08 2023 06: +0,1686200400
3.008,1,Jun 08 2023 07: +0,1686204000
3.014,2,Jun 08 2023 08: +0,1686207600
2.904,1,Jun 08 2023 09: +0,1686211200
3.013,11,Jun 08 2023 10: +0,1686214800
2.988,4,Jun 08 2023 11: +0,1686218400
3.008,3,Jun 08 2023 12: +0,1686222000
3.008,3,Jun 08 2023 13: +0,1686225600
2.832,3,Jun 08 2023 14: +0,1686229200
3.005,5,Jun 08 2023 15: +0,1686232800
2.92,5,Jun 08 2023 16: +0,1686236400
3.016,8,Jun 08 2023 17: +0,1686240000
3.052,11,Jun 08 2023 18: +0,1686243600
3.617,1,Jun 08 2023 19: +0,1686247200
3.064,8,Jun 08 2023 20: +0,1686250800
3.059,3,Jun 08 2023 21: +0,1686254400
3.072,9,Jun 08 2023 22: +0,1686258000
3.128,5,Jun 09 2023 00: +0,1686265200
3.416,7,Jun 09 2023 01: +0,1686268800
2.968,1,Jun 09 2023 02: +0,1686272400
2.946,3,Jun 09 2023 03: +0,1686276000
2.952,2,Jun 09 2023 05: +0,1686283200
2.784,1,Jun 09 2023 06: +0,1686286800
3.09,9,Jun 09 2023 08: +0,1686294000
3.089,2,Jun 09 2023 09: +0,1686297600
2.963,2,Jun 09 2023 11: +0,1686304800
2.952,5,Jun 09 2023 12: +0,1686308400
3.116,3,Jun 09 2023 13: +0,1686312000
2.96,5,Jun 09 2023 14: +0,1686315600
3.061,5,Jun 09 2023 15: +0,1686319200
3.072,5,Jun 09 2023 16: +0,1686322800
3.016,3,Jun 09 2023 17: +0,1686326400
1.962,4,Jun 09 2023 18: +0,1686330000
3.046,7,Jun 09 2023 19: +0,1686333600
3.056,4,Jun 09 2023 20: +0,1686337200
3.078,5,Jun 09 2023 21: +0,1686340800
3.094,1,Jun 09 2023 22: +0,1686344400
3.078,5,Jun 09 2023 23: +0,1686348000
1.601,3,Jun 10 2023 00: +0,1686351600
3.042,3,Jun 10 2023 01: +0,1686355200
3.037,5,Jun 10 2023 02: +0,1686358800
2.784,3,Jun 10 2023 03: +0,1686362400
3.03,4,Jun 10 2023 04: +0,1686366000
3.03,2,Jun 10 2023 06: +0,1686373200
2.993,1,Jun 10 2023 07: +0,1686376800
3.001,3,Jun 10 2023 08: +0,1686380400
3.047,3,Jun 10 2023 10: +0,1686387600
3.008,4,Jun 10 2023 11: +0,1686391200
2.9,1,Jun 10 2023 12: +0,1686394800
2.963,3,Jun 10 2023 13: +0,1686398400
3.098,2,Jun 10 2023 14: +0,1686402000
3.025,4,Jun 10 2023 15: +0,1686405600
2.98,3,Jun 10 2023 16: +0,1686409200
2.928,3,Jun 10 2023 17: +0,1686412800
2.908,2,Jun 10 2023 18: +0,1686416400
3.048,3,Jun 10 2023 19: +0,1686420000
3.006,6,Jun 10 2023 21: +0,1686427200
3.321,1,Jun 10 2023 22: +0,1686430800
3.026,8,Jun 10 2023 23: +0,1686434400
3.028,6,Jun 11 2023 00: +0,1686438000
1.888,2,Jun 11 2023 01: +0,1686441600
3.054,4,Jun 11 2023 02: +0,1686445200
3.043,2,Jun 11 2023 03: +0,1686448800
3.056,1,Jun 11 2023 04: +0,1686452400
3.039,5,Jun 11 2023 05: +0,1686456000
2.761,1,Jun 11 2023 06: +0,1686459600
2.978,1,Jun 11 2023 08: +0,1686466800
3.005,4,Jun 11 2023 09: +0,1686470400
3.031,2,Jun 11 2023 11: +0,1686477600
2.948,4,Jun 11 2023 12: +0,1686481200
3.049,2,Jun 11 2023 13: +0,1686484800
2.95,2,Jun 11 2023 14: +0,1686488400
3.045,3,Jun 11 2023 15: +0,1686492000
3.027,3,Jun 11 2023 16: +0,1686495600
2.753,4,Jun 11 2023 17: +0,1686499200
2.977,3,Jun 11 2023 18: +0,1686502800
2.976,9,Jun 11 2023 19: +0,1686506400
2.982,4,Jun 11 2023 20: +0,1686510000
3.017,3,Jun 11 2023 21: +0,1686513600
3.039,1,Jun 11 2023 22: +0,1686517200
3.037,2,Jun 11 2023 23: +0,1686520800
3.027,2,Jun 12 2023 00: +0,1686524400
3.044,2,Jun 12 2023 01: +0,1686528000
2.895,5,Jun 12 2023 02: +0,1686531600
2.879,3,Jun 12 2023 03: +0,1686535200
2.761,1,Jun 12 2023 04: +0,1686538800
3.037,9,Jun 12 2023 05: +0,1686542400
2.989,3,Jun 12 2023 06: +0,1686546000
2.985,1,Jun 12 2023 07: +0,1686549600
3.017,7,Jun 12 2023 08: +0,1686553200
2.988,3,Jun 12 2023 09: +0,1686556800
3.014,1,Jun 12 2023 10: +0,1686560400
2.862,6,Jun 12 2023 11: +0,1686564000
2.79,2,Jun 12 2023 12: +0,1686567600
3.046,5,Jun 12 2023 13: +0,1686571200
2.978,3,Jun 12 2023 14: +0,1686574800
3.002,2,Jun 12 2023 15: +0,1686578400
2.984,3,Jun 12 2023 16: +0,1686582000
3.011,3,Jun 12 2023 17: +0,1686585600
3.005,14,Jun 12 2023 18: +0,1686589200
3.039,8,Jun 12 2023 19: +0,1686592800
2.684,2,Jun 12 2023 21: +0,1686600000
3.008,2,Jun 12 2023 22: +0,1686603600
2.934,2,Jun 12 2023 23: +0,1686607200
1.951,2,Jun 13 2023 00: +0,1686610800
3.011,3,Jun 13 2023 01: +0,1686614400
2.966,2,Jun 13 2023 02: +0,1686618000
3.002,3,Jun 13 2023 03: +0,1686621600
3.021,1,Jun 13 2023 04: +0,1686625200
3.006,1,Jun 13 2023 06: +0,1686632400
0.857,1,Jun 13 2023 07: +0,1686636000
2.748,3,Jun 13 2023 08: +0,1686639600
3.039,3,Jun 13 2023 09: +0,1686643200
2.84,1,Jun 13 2023 10: +0,1686646800
0.857,1,Jun 13 2023 11: +0,1686650400
3.052,1,Jun 13 2023 12: +0,1686654000
2.976,2,Jun 13 2023 13: +0,1686657600
3.033,1,Jun 13 2023 14: +0,1686661200
2.967,3,Jun 13 2023 16: +0,1686668400
3.035,4,Jun 13 2023 17: +0,1686672000
3.031,2,Jun 13 2023 18: +0,1686675600
3.059,9,Jun 13 2023 19: +0,1686679200
3.005,3,Jun 13 2023 22: +0,1686690000
2.631,1,Jun 13 2023 23: +0,1686693600
3.002,1,Jun 14 2023 00: +0,1686697200
2.367,1,Jun 14 2023 02: +0,1686704400
2.856,2,Jun 14 2023 03: +0,1686708000
2.758,1,Jun 14 2023 04: +0,1686711600
3.019,2,Jun 14 2023 05: +0,1686715200
3.019,1,Jun 14 2023 06: +0,1686718800
2.962,2,Jun 14 2023 08: +0,1686726000
3.016,2,Jun 14 2023 10: +0,1686733200
3.005,1,Jun 14 2023 11: +0,1686736800
3.072,3,Jun 14 2023 12: +0,1686740400
2.992,3,Jun 14 2023 13: +0,1686744000
2.556,1,Jun 14 2023 14: +0,1686747600
3.017,2,Jun 14 2023 15: +0,1686751200
2.824,9,Jun 14 2023 16: +0,1686754800
3.024,5,Jun 14 2023 17: +0,1686758400
2.799,2,Jun 14 2023 18: +0,1686762000
2.824,2,Jun 14 2023 19: +0,1686765600
3.032,2,Jun 14 2023 20: +0,1686769200
3.038,4,Jun 14 2023 21: +0,1686772800
2.709,5,Jun 14 2023 22: +0,1686776400
2.989,3,Jun 14 2023 23: +0,1686780000
3.013,4,Jun 15 2023 00: +0,1686783600
2.906,1,Jun 15 2023 02: +0,1686790800
2.883,2,Jun 15 2023 04: +0,1686798000
3.03,1,Jun 15 2023 05: +0,1686801600
2.699,2,Jun 15 2023 06: +0,1686805200
2.921,1,Jun 15 2023 08: +0,1686812400
3.016,3,Jun 15 2023 09: +0,1686816000
3.0,2,Jun 15 2023 10: +0,1686819600
3.051,2,Jun 15 2023 11: +0,1686823200
2.958,2,Jun 15 2023 12: +0,1686826800
3.014,2,Jun 15 2023 13: +0,1686830400
2.732,2,Jun 15 2023 14: +0,1686834000
3.051,5,Jun 15 2023 15: +0,1686837600
2.989,3,Jun 15 2023 16: +0,1686841200
2.9,2,Jun 15 2023 17: +0,1686844800
3.029,5,Jun 15 2023 18: +0,1686848400
3.013,3,Jun 15 2023 20: +0,1686855600
2.997,4,Jun 15 2023 22: +0,1686862800
2.949,3,Jun 15 2023 23: +0,1686866400
3.038,7,Jun 16 2023 00: +0,1686870000
2.996,2,Jun 16 2023 01: +0,1686873600
2.968,3,Jun 16 2023 02: +0,1686877200
4.494,2,Jun 16 2023 03: +0,1686880800
3.05,12,Jun 16 2023 05: +0,1686888000
3.089,3,Jun 16 2023 06: +0,1686891600
3.0,2,Jun 16 2023 07: +0,1686895200
3.026,1,Jun 16 2023 08: +0,1686898800
2.967,2,Jun 16 2023 09: +0,1686902400
2.881,2,Jun 16 2023 10: +0,1686906000
2.928,1,Jun 16 2023 11: +0,1686909600
3.054,5,Jun 16 2023 12: +0,1686913200
2.924,2,Jun 16 2023 13: +0,1686916800
3.054,3,Jun 16 2023 14: +0,1686920400
3.072,1,Jun 16 2023 15: +0,1686924000
2.773,2,Jun 16 2023 16: +0,1686927600
2.982,3,Jun 16 2023 17: +0,1686931200
3.076,2,Jun 16 2023 18: +0,1686934800
2.999,2,Jun 16 2023 19: +0,1686938400
2.85,4,Jun 16 2023 20: +0,1686942000
2.894,1,Jun 16 2023 21: +0,1686945600
2.956,7,Jun 16 2023 22: +0,1686949200
2.723,1,Jun 16 2023 23: +0,1686952800
3.083,1,Jun 17 2023 00: +0,1686956400
3.124,1,Jun 17 2023 01: +0,1686960000
3.041,1,Jun 17 2023 02: +0,1686963600
2.832,2,Jun 17 2023 03: +0,1686967200
3.059,4,Jun 17 2023 04: +0,1686970800
3.065,3,Jun 17 2023 05: +0,1686974400
3.134,2,Jun 17 2023 06: +0,1686978000
3.014,1,Jun 17 2023 07: +0,1686981600
3.059,1,Jun 17 2023 08: +0,1686985200
3.057,4,Jun 17 2023 09: +0,1686988800
3.063,3,Jun 17 2023 10: +0,1686992400
3.074,2,Jun 17 2023 11: +0,1686996000
3.388,2,Jun 17 2023 12: +0,1686999600
3.055,2,Jun 17 2023 13: +0,1687003200
3.061,5,Jun 17 2023 14: +0,1687006800
3.043,3,Jun 17 2023 15: +0,1687010400
1.966,2,Jun 17 2023 16: +0,1687014000
2.98,3,Jun 17 2023 18: +0,1687021200
2.96,4,Jun 17 2023 19: +0,1687024800
2.984,2,Jun 17 2023 20: +0,1687028400
2.906,2,Jun 17 2023 21: +0,1687032000
2.984,4,Jun 17 2023 22: +0,1687035600
2.785,1,Jun 17 2023 23: +0,1687039200
2.941,3,Jun 18 2023 00: +0,1687042800
2.894,2,Jun 18 2023 01: +0,1687046400
2.956,1,Jun 18 2023 02: +0,1687050000
2.395,2,Jun 18 2023 03: +0,1687053600
3.142,1,Jun 18 2023 04: +0,1687057200
2.995,2,Jun 18 2023 05: +0,1687060800
3.026,5,Jun 18 2023 06: +0,1687064400
2.885,1,Jun 18 2023 07: +0,1687068000
3.112,2,Jun 18 2023 09: +0,1687075200
2.956,1,Jun 18 2023 10: +0,1687078800
3.06,4,Jun 18 2023 11: +0,1687082400
3.073,3,Jun 18 2023 12: +0,1687086000
3.081,5,Jun 18 2023 13: +0,1687089600
3.077,2,Jun 18 2023 14: +0,1687093200
3.023,6,Jun 18 2023 15: +0,1687096800
3.081,3,Jun 18 2023 16: +0,1687100400
3.082,1,Jun 18 2023 17: +0,1687104000
3.031,2,Jun 18 2023 18: +0,1687107600
1.875,2,Jun 18 2023 19: +0,1687111200
2.954,2,Jun 18 2023 21: +0,1687118400
2.841,2,Jun 18 2023 22: +0,1687122000
3.037,3,Jun 18 2023 23: +0,1687125600
3.005,1,Jun 19 2023 00: +0,1687129200
3.005,5,Jun 19 2023 01: +0,1687132800
3.056,3,Jun 19 2023 03: +0,1687140000
3.003,2,Jun 19 2023 04: +0,1687143600
2.873,1,Jun 19 2023 06: +0,1687150800
3.143,1,Jun 19 2023 07: +0,1687154400
3.031,2,Jun 19 2023 08: +0,1687158000
3.09,3,Jun 19 2023 09: +0,1687161600
3.09,1,Jun 19 2023 10: +0,1687165200
0.758,1,Jun 19 2023 11: +0,1687168800
3.075,3,Jun 19 2023 12: +0,1687172400
1.557,2,Jun 19 2023 13: +0,1687176000
2.87,2,Jun 19 2023 14: +0,1687179600
3.039,5,Jun 19 2023 15: +0,1687183200
2.733,2,Jun 19 2023 16: +0,1687186800
3.067,4,Jun 19 2023 17: +0,1687190400
3.061,1,Jun 19 2023 18: +0,1687194000
2.855,2,Jun 19 2023 19: +0,1687197600
3.064,2,Jun 19 2023 20: +0,1687201200
3.077,4,Jun 19 2023 21: +0,1687204800
3.045,4,Jun 19 2023 22: +0,1687208400
3.077,3,Jun 19 2023 23: +0,1687212000
3.039,2,Jun 20 2023 00: +0,1687215600
3.08,1,Jun 20 2023 01: +0,1687219200
3.075,1,Jun 20 2023 02: +0,1687222800
3.082,4,Jun 20 2023 04: +0,1687230000
2.918,2,Jun 20 2023 05: +0,1687233600
3.066,3,Jun 20 2023 06: +0,1687237200
1.936,2,Jun 20 2023 07: +0,1687240800
3.057,1,Jun 20 2023 08: +0,1687244400
3.087,4,Jun 20 2023 09: +0,1687248000
3.092,1,Jun 20 2023 10: +0,1687251600
3.085,1,Jun 20 2023 12: +0,1687258800
3.091,4,Jun 20 2023 13: +0,1687262400
3.1,2,Jun 20 2023 14: +0,1687266000
2.982,3,Jun 20 2023 16: +0,1687273200
2.99,1,Jun 20 2023 17: +0,1687276800
3.09,6,Jun 20 2023 18: +0,1687280400
3.087,2,Jun 20 2023 19: +0,1687284000
3.085,1,Jun 20 2023 20: +0,1687287600
2.976,4,Jun 20 2023 21: +0,1687291200
2.927,3,Jun 20 2023 22: +0,1687294800
2.785,1,Jun 20 2023 23: +0,1687298400
2.777,1,Jun 21 2023 00: +0,1687302000
2.943,1,Jun 21 2023 01: +0,1687305600
3.06,1,Jun 21 2023 03: +0,1687312800
3.053,1,Jun 21 2023 04: +0,1687316400
3.041,2,Jun 21 2023 05: +0,1687320000
2.968,2,Jun 21 2023 06: +0,1687323600
2.954,1,Jun 21 2023 09: +0,1687334400
2.978,4,Jun 21 2023 10: +0,1687338000
3.049,4,Jun 21 2023 11: +0,1687341600
3.045,2,Jun 21 2023 12: +0,1687345200
3.032,2,Jun 21 2023 13: +0,1687348800
1.502,2,Jun 21 2023 14: +0,1687352400
3.004,4,Jun 21 2023 15: +0,1687356000
3.06,4,Jun 21 2023 16: +0,1687359600
2.937,2,Jun 21 2023 17: +0,1687363200
2.93,2,Jun 21 2023 18: +0,1687366800
3.053,5,Jun 21 2023 19: +0,1687370400
2.878,3,Jun 21 2023 20: +0,1687374000
3.026,6,Jun 21 2023 21: +0,1687377600
3.037,3,Jun 21 2023 22: +0,1687381200
3.03,1,Jun 21 2023 23: +0,1687384800
3.037,1,Jun 22 2023 00: +0,1687388400
2.773,1,Jun 22 2023 01: +0,1687392000
2.959,2,Jun 22 2023 03: +0,1687399200
2.73,1,Jun 22 2023 04: +0,1687402800
2.89,2,Jun 22 2023 05: +0,1687406400
2.945,2,Jun 22 2023 06: +0,1687410000
2.952,8,Jun 22 2023 08: +0,1687417200
2.893,2,Jun 22 2023 09: +0,1687420800
2.956,4,Jun 22 2023 10: +0,1687424400
2.955,3,Jun 22 2023 11: +0,1687428000
2.817,2,Jun 22 2023 12: +0,1687431600
2.927,4,Jun 22 2023 13: +0,1687435200
2.704,1,Jun 22 2023 14: +0,1687438800
2.883,1,Jun 22 2023 15: +0,1687442400
2.748,2,Jun 22 2023 16: +0,1687446000
2.78,1,Jun 22 2023 17: +0,1687449600
2.921,4,Jun 22 2023 19: +0,1687456800
2.958,5,Jun 22 2023 20: +0,1687460400
2.957,5,Jun 22 2023 21: +0,1687464000
2.977,5,Jun 22 2023 22: +0,1687467600
3.059,4,Jun 22 2023 23: +0,1687471200
3.099,1,Jun 23 2023 00: +0,1687474800
2.953,2,Jun 23 2023 01: +0,1687478400
3.081,3,Jun 23 2023 02: +0,1687482000
2.966,1,Jun 23 2023 03: +0,1687485600
2.906,2,Jun 23 2023 04: +0,1687489200
2.85,2,Jun 23 2023 08: +0,1687503600
2.956,6,Jun 23 2023 09: +0,1687507200
2.922,2,Jun 23 2023 11: +0,1687514400
2.886,4,Jun 23 2023 13: +0,1687521600
2.863,1,Jun 23 2023 14: +0,1687525200
2.839,1,Jun 23 2023 15: +0,1687528800
2.886,2,Jun 23 2023 16: +0,1687532400
2.913,6,Jun 23 2023 17: +0,1687536000
2.855,1,Jun 23 2023 19: +0,1687543200
2.885,3,Jun 23 2023 20: +0,1687546800
2.871,5,Jun 23 2023 21: +0,1687550400
2.831,1,Jun 23 2023 22: +0,1687554000
2.713,1,Jun 23 2023 23: +0,1687557600
2.89,3,Jun 24 2023 00: +0,1687561200
2.56,3,Jun 24 2023 01: +0,1687564800
2.887,3,Jun 24 2023 02: +0,1687568400
2.666,1,Jun 24 2023 05: +0,1687579200
2.885,3,Jun 24 2023 06: +0,1687582800
0.87,1,Jun 24 2023 07: +0,1687586400
2.855,1,Jun 24 2023 08: +0,1687590000
2.868,2,Jun 24 2023 09: +0,1687593600
3.036,5,Jun 24 2023 11: +0,1687600800
2.887,5,Jun 24 2023 12: +0,1687604400
2.887,7,Jun 24 2023 13: +0,1687608000
2.831,3,Jun 24 2023 14: +0,1687611600
2.924,6,Jun 24 2023 15: +0,1687615200
2.821,2,Jun 24 2023 16: +0,1687618800
2.918,8,Jun 24 2023 17: +0,1687622400
2.839,5,Jun 24 2023 18: +0,1687626000
2.957,2,Jun 24 2023 19: +0,1687629600
2.986,3,Jun 24 2023 20: +0,1687633200
2.98,6,Jun 24 2023 21: +0,1687636800
2.841,2,Jun 24 2023 22: +0,1687640400
2.798,1,Jun 24 2023 23: +0,1687644000
2.985,1,Jun 25 2023 00: +0,1687647600
2.998,2,Jun 25 2023 01: +0,1687651200
2.938,2,Jun 25 2023 02: +0,1687654800
2.889,2,Jun 25 2023 03: +0,1687658400
0.85,1,Jun 25 2023 04: +0,1687662000
2.91,2,Jun 25 2023 05: +0,1687665600
2.839,1,Jun 25 2023 07: +0,1687672800
2.871,1,Jun 25 2023 09: +0,1687680000
2.838,1,Jun 25 2023 10: +0,1687683600
2.852,1,Jun 25 2023 12: +0,1687690800
2.89,2,Jun 25 2023 13: +0,1687694400
2.936,2,Jun 25 2023 14: +0,1687698000
3.007,4,Jun 25 2023 15: +0,1687701600
1.854,2,Jun 25 2023 16: +0,1687705200
3.272,1,Jun 25 2023 18: +0,1687712400
2.85,6,Jun 25 2023 19: +0,1687716000
2.926,1,Jun 25 2023 20: +0,1687719600
2.85,9,Jun 25 2023 21: +0,1687723200
2.821,4,Jun 25 2023 22: +0,1687726800
2.864,2,Jun 26 2023 00: +0,1687734000
2.941,1,Jun 26 2023 01: +0,1687737600
2.448,2,Jun 26 2023 02: +0,1687741200
1.615,2,Jun 26 2023 03: +0,1687744800
2.865,3,Jun 26 2023 04: +0,1687748400
1.829,2,Jun 26 2023 05: +0,1687752000
2.877,2,Jun 26 2023 07: +0,1687759200
2.858,1,Jun 26 2023 08: +0,1687762800
2.907,2,Jun 26 2023 09: +0,1687766400
2.936,3,Jun 26 2023 10: +0,1687770000
2.89,2,Jun 26 2023 11: +0,1687773600
2.769,3,Jun 26 2023 12: +0,1687777200
2.768,5,Jun 26 2023 13: +0,1687780800
2.861,1,Jun 26 2023 14: +0,1687784400
2.838,2,Jun 26 2023 15: +0,1687788000
2.489,2,Jun 26 2023 16: +0,1687791600
2.838,4,Jun 26 2023 18: +0,1687798800
2.85,3,Jun 26 2023 19: +0,1687802400
2.806,3,Jun 26 2023 20: +0,1687806000
2.842,13,Jun 26 2023 21: +0,1687809600
2.859,11,Jun 26 2023 22: +0,1687813200
2.885,1,Jun 26 2023 23: +0,1687816800
2.799,2,Jun 27 2023 01: +0,1687824000
2.884,2,Jun 27 2023 02: +0,1687827600
2.86,4,Jun 27 2023 03: +0,1687831200
2.834,2,Jun 27 2023 05: +0,1687838400
2.853,1,Jun 27 2023 06: +0,1687842000
2.75,1,Jun 27 2023 07: +0,1687845600
2.838,4,Jun 27 2023 08: +0,1687849200
2.913,5,Jun 27 2023 09: +0,1687852800
2.903,3,Jun 27 2023 10: +0,1687856400
2.851,3,Jun 27 2023 14: +0,1687870800
2.884,6,Jun 27 2023 15: +0,1687874400
2.907,2,Jun 27 2023 16: +0,1687878000
2.923,3,Jun 27 2023 17: +0,1687881600
2.771,2,Jun 27 2023 18: +0,1687885200
2.878,5,Jun 27 2023 19: +0,1687888800
2.837,4,Jun 27 2023 20: +0,1687892400
2.803,2,Jun 27 2023 21: +0,1687896000
2.561,1,Jun 27 2023 22: +0,1687899600
2.89,1,Jun 27 2023 23: +0,1687903200
2.895,5,Jun 28 2023 00: +0,1687906800
2.944,2,Jun 28 2023 03: +0,1687917600
2.857,1,Jun 28 2023 04: +0,1687921200
2.9,1,Jun 28 2023 06: +0,1687928400
2.891,1,Jun 28 2023 07: +0,1687932000
3.082,1,Jun 28 2023 08: +0,1687935600
2.891,1,Jun 28 2023 09: +0,1687939200
1.779,4,Jun 28 2023 10: +0,1687942800
2.331,2,Jun 28 2023 11: +0,1687946400
2.874,10,Jun 28 2023 12: +0,1687950000
2.83,8,Jun 28 2023 13: +0,1687953600
2.877,3,Jun 28 2023 14: +0,1687957200
2.873,2,Jun 28 2023 15: +0,1687960800
2.804,5,Jun 28 2023 16: +0,1687964400
2.804,7,Jun 28 2023 17: +0,1687968000
2.81,4,Jun 28 2023 18: +0,1687971600
2.808,4,Jun 28 2023 19: +0,1687975200
2.717,2,Jun 28 2023 21: +0,1687982400
2.75,1,Jun 28 2023 22: +0,1687986000
2.795,2,Jun 28 2023 23: +0,1687989600
2.774,2,Jun 29 2023 00: +0,1687993200
2.75,3,Jun 29 2023 01: +0,1687996800
2.812,1,Jun 29 2023 02: +0,1688000400
2.712,3,Jun 29 2023 06: +0,1688014800
2.812,1,Jun 29 2023 07: +0,1688018400
2.785,1,Jun 29 2023 09: +0,1688025600
2.616,1,Jun 29 2023 12: +0,1688036400
2.75,4,Jun 29 2023 13: +0,1688040000
2.786,4,Jun 29 2023 14: +0,1688043600
2.793,7,Jun 29 2023 15: +0,1688047200
2.793,1,Jun 29 2023 16: +0,1688050800
2.727,6,Jun 29 2023 17: +0,1688054400
2.78,4,Jun 29 2023 18: +0,1688058000
2.719,7,Jun 29 2023 19: +0,1688061600
2.641,2,Jun 29 2023 20: +0,1688065200
2.423,3,Jun 29 2023 21: +0,1688068800
2.44,4,Jun 29 2023 22: +0,1688072400
2.59,1,Jun 29 2023 23: +0,1688076000
2.65,23,Jun 30 2023 00: +0,1688079600
2.664,3,Jun 30 2023 01: +0,1688083200
2.407,3,Jun 30 2023 02: +0,1688086800
2.78,1,Jun 30 2023 03: +0,1688090400
2.668,1,Jun 30 2023 04: +0,1688094000
0.85,1,Jun 30 2023 05: +0,1688097600
2.694,2,Jun 30 2023 06: +0,1688101200
2.533,4,Jun 30 2023 07: +0,1688104800
2.646,2,Jun 30 2023 08: +0,1688108400
2.61,1,Jun 30 2023 09: +0,1688112000
2.723,4,Jun 30 2023 10: +0,1688115600
2.61,3,Jun 30 2023 11: +0,1688119200
1.745,2,Jun 30 2023 12: +0,1688122800
2.661,1,Jun 30 2023 13: +0,1688126400
2.631,1,Jun 30 2023 14: +0,1688130000
1.707,4,Jun 30 2023 15: +0,1688133600
2.631,2,Jun 30 2023 16: +0,1688137200
2.601,1,Jun 30 2023 17: +0,1688140800
2.632,8,Jun 30 2023 18: +0,1688144400
2.596,4,Jun 30 2023 20: +0,1688151600
2.648,8,Jun 30 2023 21: +0,1688155200
2.75,10,Jun 30 2023 22: +0,1688158800
2.709,2,Jun 30 2023 23: +0,1688162400
2.65,3,Jul 01 2023 01: +0,1688169600
2.613,2,Jul 01 2023 02: +0,1688173200
2.657,3,Jul 01 2023 03: +0,1688176800
2.949,1,Jul 01 2023 04: +0,1688180400
2.41,1,Jul 01 2023 07: +0,1688191200
2.59,1,Jul 01 2023 09: +0,1688198400
2.58,1,Jul 01 2023 11: +0,1688205600
2.61,2,Jul 01 2023 13: +0,1688212800
2.614,4,Jul 01 2023 14: +0,1688216400
2.65,1,Jul 01 2023 15: +0,1688220000
2.515,2,Jul 01 2023 16: +0,1688223600
2.717,4,Jul 01 2023 17: +0,1688227200
2.861,1,Jul 01 2023 18: +0,1688230800
2.53,1,Jul 01 2023 19: +0,1688234400
2.657,3,Jul 01 2023 20: +0,1688238000
2.375,4,Jul 01 2023 21: +0,1688241600
2.658,6,Jul 01 2023 22: +0,1688245200
2.654,2,Jul 01 2023 23: +0,1688248800
2.72,1,Jul 02 2023 00: +0,1688252400
2.665,3,Jul 02 2023 01: +0,1688256000
2.61,1,Jul 02 2023 02: +0,1688259600
2.55,1,Jul 02 2023 03: +0,1688263200
0.77,3,Jul 02 2023 04: +0,1688266800
2.61,1,Jul 02 2023 05: +0,1688270400
2.58,1,Jul 02 2023 06: +0,1688274000
2.649,1,Jul 02 2023 07: +0,1688277600
2.58,3,Jul 02 2023 08: +0,1688281200
0.86,1,Jul 02 2023 10: +0,1688288400
0.655,1,Jul 02 2023 11: +0,1688292000
2.121,3,Jul 02 2023 12: +0,1688295600
2.633,1,Jul 02 2023 13: +0,1688299200
2.613,2,Jul 02 2023 14: +0,1688302800
2.627,2,Jul 02 2023 15: +0,1688306400
1.646,2,Jul 02 2023 17: +0,1688313600
2.622,14,Jul 02 2023 18: +0,1688317200
2.626,3,Jul 02 2023 19: +0,1688320800
2.365,3,Jul 02 2023 20: +0,1688324400
2.547,5,Jul 02 2023 21: +0,1688328000
2.401,2,Jul 02 2023 22: +0,1688331600
2.371,2,Jul 02 2023 23: +0,1688335200
2.507,1,Jul 03 2023 00: +0,1688338800
2.515,1,Jul 03 2023 01: +0,1688342400
2.365,1,Jul 03 2023 03: +0,1688349600
2.566,1,Jul 03 2023 04: +0,1688353200
2.212,3,Jul 03 2023 05: +0,1688356800
2.621,3,Jul 03 2023 07: +0,1688364000
2.571,1,Jul 03 2023 08: +0,1688367600
2.57,1,Jul 03 2023 09: +0,1688371200
2.566,2,Jul 03 2023 10: +0,1688374800
2.628,1,Jul 03 2023 11: +0,1688378400
2.605,1,Jul 03 2023 12: +0,1688382000
2.617,1,Jul 03 2023 13: +0,1688385600
2.569,5,Jul 03 2023 14: +0,1688389200
2.229,1,Jul 03 2023 15: +0,1688392800
2.562,6,Jul 03 2023 16: +0,1688396400
2.55,4,Jul 03 2023 17: +0,1688400000
2.382,3,Jul 03 2023 18: +0,1688403600
2.399,4,Jul 03 2023 19: +0,1688407200
2.468,2,Jul 03 2023 20: +0,1688410800
2.57,3,Jul 03 2023 21: +0,1688414400
2.472,2,Jul 03 2023 22: +0,1688418000
2.3,3,Jul 03 2023 23: +0,1688421600
2.63,1,Jul 04 2023 00: +0,1688425200
2.633,3,Jul 04 2023 03: +0,1688436000
1.713,2,Jul 04 2023 05: +0,1688443200
2.531,4,Jul 04 2023 06: +0,1688446800
1.746,2,Jul 04 2023 07: +0,1688450400
2.572,3,Jul 04 2023 08: +0,1688454000
2.572,2,Jul 04 2023 09: +0,1688457600
2.568,4,Jul 04 2023 10: +0,1688461200
2.571,5,Jul 04 2023 11: +0,1688464800
2.511,1,Jul 04 2023 12: +0,1688468400
2.529,4,Jul 04 2023 13: +0,1688472000
2.52,1,Jul 04 2023 14: +0,1688475600
2.52,3,Jul 04 2023 15: +0,1688479200
2.263,1,Jul 04 2023 16: +0,1688482800
2.286,2,Jul 04 2023 17: +0,1688486400
2.631,3,Jul 04 2023 18: +0,1688490000
1.807,1,Jul 04 2023 21: +0,1688500800
2.503,2,Jul 04 2023 22: +0,1688504400
2.378,2,Jul 05 2023 01: +0,1688515200
2.654,1,Jul 05 2023 02: +0,1688518800
2.588,2,Jul 05 2023 04: +0,1688526000
2.657,1,Jul 05 2023 05: +0,1688529600
2.521,1,Jul 05 2023 06: +0,1688533200
0.794,1,Jul 05 2023 07: +0,1688536800
2.52,1,Jul 05 2023 10: +0,1688547600
2.52,1,Jul 05 2023 11: +0,1688551200
0.655,1,Jul 05 2023 12: +0,1688554800
2.277,3,Jul 05 2023 13: +0,1688558400
2.584,2,Jul 05 2023 14: +0,1688562000
1.72,1,Jul 05 2023 15: +0,1688565600
1.654,2,Jul 05 2023 16: +0,1688569200
2.504,2,Jul 05 2023 17: +0,1688572800
2.52,4,Jul 05 2023 18: +0,1688576400
2.44,5,Jul 05 2023 19: +0,1688580000
2.006,1,Jul 05 2023 20: +0,1688583600
2.651,4,Jul 05 2023 21: +0,1688587200
2.671,7,Jul 05 2023 22: +0,1688590800
2.521,2,Jul 06 2023 00: +0,1688598000
2.44,1,Jul 06 2023 01: +0,1688601600
2.504,2,Jul 06 2023 02: +0,1688605200
2.668,1,Jul 06 2023 03: +0,1688608800
2.359,1,Jul 06 2023 05: +0,1688616000
2.5,1,Jul 06 2023 06: +0,1688619600
0.904,1,Jul 06 2023 07: +0,1688623200
2.568,2,Jul 06 2023 08: +0,1688626800
2.531,2,Jul 06 2023 09: +0,1688630400
2.491,4,Jul 06 2023 10: +0,1688634000
2.443,2,Jul 06 2023 12: +0,1688641200
2.587,2,Jul 06 2023 13: +0,1688644800
0.84,3,Jul 06 2023 14: +0,1688648400
0.863,1,Jul 06 2023 15: +0,1688652000
2.471,1,Jul 06 2023 16: +0,1688655600
2.623,2,Jul 06 2023 17: +0,1688659200
1.531,2,Jul 06 2023 19: +0,1688666400
2.75,4,Jul 06 2023 20: +0,1688670000
2.524,4,Jul 06 2023 21: +0,1688673600
2.479,4,Jul 06 2023 22: +0,1688677200
2.19,1,Jul 06 2023 23: +0,1688680800
2.473,1,Jul 07 2023 00: +0,1688684400
2.998,1,Jul 07 2023 01: +0,1688688000
2.462,1,Jul 07 2023 02: +0,1688691600
2.473,1,Jul 07 2023 03: +0,1688695200
2.433,3,Jul 07 2023 04: +0,1688698800
2.433,1,Jul 07 2023 05: +0,1688702400
2.4,3,Jul 07 2023 07: +0,1688709600
2.215,2,Jul 07 2023 10: +0,1688720400
1.5,2,Jul 07 2023 11: +0,1688724000
0.861,3,Jul 07 2023 12: +0,1688727600
2.387,1,Jul 07 2023 13: +0,1688731200
1.547,2,Jul 07 2023 14: +0,1688734800
2.965,3,Jul 07 2023 15: +0,1688738400
0.829,1,Jul 07 2023 16: +0,1688742000
3.02,1,Jul 07 2023 17: +0,1688745600
2.962,1,Jul 07 2023 18: +0,1688749200
2.112,3,Jul 07 2023 19: +0,1688752800
1.466,2,Jul 07 2023 20: +0,1688756400
2.448,1,Jul 07 2023 21: +0,1688760000
2.683,2,Jul 07 2023 22: +0,1688763600
2.432,2,Jul 07 2023 23: +0,1688767200
2.432,3,Jul 08 2023 00: +0,1688770800
1.646,2,Jul 08 2023 01: +0,1688774400
2.437,2,Jul 08 2023 04: +0,1688785200
2.417,1,Jul 08 2023 08: +0,1688799600
2.996,1,Jul 08 2023 09: +0,1688803200
2.414,1,Jul 08 2023 12: +0,1688814000
2.686,2,Jul 08 2023 13: +0,1688817600
2.417,4,Jul 08 2023 14: +0,1688821200
2.257,1,Jul 08 2023 15: +0,1688824800
2.386,1,Jul 08 2023 16: +0,1688828400
2.424,6,Jul 08 2023 17: +0,1688832000
2.518,4,Jul 08 2023 18: +0,1688835600
2.191,2,Jul 08 2023 19: +0,1688839200
2.386,1,Jul 08 2023 20: +0,1688842800
2.347,5,Jul 08 2023 22: +0,1688850000
2.347,1,Jul 08 2023 23: +0,1688853600
0.649,1,Jul 09 2023 00: +0,1688857200
2.374,2,Jul 09 2023 01: +0,1688860800
1.604,2,Jul 09 2023 02: +0,1688864400
0.652,1,Jul 09 2023 04: +0,1688871600
2.195,2,Jul 09 2023 05: +0,1688875200
2.349,1,Jul 09 2023 06: +0,1688878800
3.028,1,Jul 09 2023 07: +0,1688882400
2.347,1,Jul 09 2023 08: +0,1688886000
2.539,4,Jul 09 2023 10: +0,1688893200
1.605,2,Jul 09 2023 12: +0,1688900400
1.718,1,Jul 09 2023 13: +0,1688904000
2.351,2,Jul 09 2023 14: +0,1688907600
2.745,2,Jul 09 2023 15: +0,1688911200
2.347,3,Jul 09 2023 16: +0,1688914800
2.33,3,Jul 09 2023 17: +0,1688918400
2.338,4,Jul 09 2023 18: +0,1688922000
3.033,1,Jul 09 2023 19: +0,1688925600
2.629,2,Jul 09 2023 20: +0,1688929200
2.294,1,Jul 09 2023 21: +0,1688932800
2.311,2,Jul 09 2023 22: +0,1688936400
2.64,2,Jul 09 2023 23: +0,1688940000
2.294,3,Jul 10 2023 02: +0,1688950800
2.294,1,Jul 10 2023 03: +0,1688954400
2.294,3,Jul 10 2023 04: +0,1688958000
2.302,2,Jul 10 2023 06: +0,1688965200
1.739,1,Jul 10 2023 08: +0,1688972400
1.755,1,Jul 10 2023 10: +0,1688979600
2.974,1,Jul 10 2023 11: +0,1688983200
2.315,3,Jul 10 2023 12: +0,1688986800
2.651,4,Jul 10 2023 13: +0,1688990400
2.303,2,Jul 10 2023 14: +0,1688994000
2.294,1,Jul 10 2023 15: +0,1688997600
2.101,1,Jul 10 2023 17: +0,1689004800
2.235,3,Jul 10 2023 18: +0,1689008400
2.655,2,Jul 10 2023 19: +0,1689012000
2.24,2,Jul 10 2023 20: +0,1689015600
2.304,1,Jul 10 2023 21: +0,1689019200
3.086,2,Jul 10 2023 22: +0,1689022800
3.135,4,Jul 11 2023 01: +0,1689033600
2.295,2,Jul 11 2023 02: +0,1689037200
2.159,2,Jul 11 2023 04: +0,1689044400
2.611,4,Jul 11 2023 05: +0,1689048000
2.831,2,Jul 11 2023 07: +0,1689055200
2.338,1,Jul 11 2023 08: +0,1689058800
2.34,4,Jul 11 2023 09: +0,1689062400
2.338,3,Jul 11 2023 10: +0,1689066000
2.304,3,Jul 11 2023 11: +0,1689069600
2.514,7,Jul 11 2023 12: +0,1689073200
2.577,1,Jul 11 2023 13: +0,1689076800
2.584,4,Jul 11 2023 14: +0,1689080400
2.34,1,Jul 11 2023 15: +0,1689084000
2.33,2,Jul 11 2023 16: +0,1689087600
2.11,1,Jul 11 2023 17: +0,1689091200
2.334,6,Jul 11 2023 18: +0,1689094800
2.592,13,Jul 11 2023 19: +0,1689098400
2.616,3,Jul 11 2023 20: +0,1689102000
2.309,6,Jul 11 2023 21: +0,1689105600
2.858,6,Jul 11 2023 22: +0,1689109200
2.968,6,Jul 11 2023 23: +0,1689112800
2.665,1,Jul 12 2023 01: +0,1689120000
2.727,3,Jul 12 2023 02: +0,1689123600
2.673,1,Jul 12 2023 05: +0,1689134400
1.612,2,Jul 12 2023 06: +0,1689138000
2.214,1,Jul 12 2023 07: +0,1689141600
2.611,6,Jul 12 2023 08: +0,1689145200
2.31,2,Jul 12 2023 09: +0,1689148800
2.115,5,Jul 12 2023 10: +0,1689152400
2.211,3,Jul 12 2023 12: +0,1689159600
2.141,1,Jul 12 2023 14: +0,1689166800
2.222,6,Jul 12 2023 15: +0,1689170400
2.326,3,Jul 12 2023 16: +0,1689174000
2.334,1,Jul 12 2023 17: +0,1689177600
2.218,7,Jul 12 2023 18: +0,1689181200
2.033,3,Jul 12 2023 19: +0,1689184800
2.282,4,Jul 12 2023 20: +0,1689188400
2.087,3,Jul 12 2023 21: +0,1689192000
1.59,1,Jul 12 2023 22: +0,1689195600
2.207,4,Jul 12 2023 23: +0,1689199200
0.685,3,Jul 13 2023 00: +0,1689202800
2.237,1,Jul 13 2023 01: +0,1689206400
2.528,1,Jul 13 2023 02: +0,1689210000
2.199,2,Jul 13 2023 03: +0,1689213600
2.256,2,Jul 13 2023 04: +0,1689217200
1.989,2,Jul 13 2023 05: +0,1689220800
2.329,1,Jul 13 2023 06: +0,1689224400
2.49,3,Jul 13 2023 09: +0,1689235200
0.848,1,Jul 13 2023 11: +0,1689242400
2.221,1,Jul 13 2023 12: +0,1689246000
2.217,4,Jul 13 2023 13: +0,1689249600
2.061,2,Jul 13 2023 14: +0,1689253200
2.22,1,Jul 13 2023 15: +0,1689256800
1.703,1,Jul 13 2023 16: +0,1689260400
2.161,1,Jul 13 2023 17: +0,1689264000
2.18,6,Jul 13 2023 18: +0,1689267600
2.22,3,Jul 13 2023 19: +0,1689271200
2.384,2,Jul 13 2023 20: +0,1689274800
1.995,1,Jul 13 2023 21: +0,1689278400
2.248,6,Jul 13 2023 22: +0,1689282000
2.227,1,Jul 14 2023 00: +0,1689289200
2.818,4,Jul 14 2023 02: +0,1689296400
2.082,1,Jul 14 2023 03: +0,1689300000
2.131,5,Jul 14 2023 04: +0,1689303600
2.253,3,Jul 14 2023 05: +0,1689307200
2.238,1,Jul 14 2023 07: +0,1689314400
2.291,1,Jul 14 2023 08: +0,1689318000
2.245,4,Jul 14 2023 09: +0,1689321600
2.253,3,Jul 14 2023 12: +0,1689332400
2.112,4,Jul 14 2023 13: +0,1689336000
2.256,6,Jul 14 2023 14: +0,1689339600
2.553,2,Jul 14 2023 15: +0,1689343200
1.501,2,Jul 14 2023 16: +0,1689346800
1.964,1,Jul 14 2023 17: +0,1689350400
2.203,2,Jul 14 2023 18: +0,1689354000
2.045,3,Jul 14 2023 19: +0,1689357600
2.964,1,Jul 14 2023 20: +0,1689361200
2.118,4,Jul 14 2023 21: +0,1689364800
2.136,4,Jul 14 2023 23: +0,1689372000
2.184,3,Jul 15 2023 00: +0,1689375600
2.184,1,Jul 15 2023 01: +0,1689379200
2.213,7,Jul 15 2023 02: +0,1689382800
2.22,3,Jul 15 2023 03: +0,1689386400
2.266,10,Jul 15 2023 04: +0,1689390000
2.289,1,Jul 15 2023 05: +0,1689393600
2.09,2,Jul 15 2023 06: +0,1689397200
2.261,3,Jul 15 2023 09: +0,1689408000
2.253,4,Jul 15 2023 10: +0,1689411600
1.503,2,Jul 15 2023 11: +0,1689415200
1.458,2,Jul 15 2023 14: +0,1689426000
2.185,3,Jul 15 2023 15: +0,1689429600
2.227,9,Jul 15 2023 16: +0,1689433200
2.185,2,Jul 15 2023 17: +0,1689436800
3.09,9,Jul 15 2023 18: +0,1689440400
2.203,1,Jul 15 2023 19: +0,1689444000
2.015,2,Jul 15 2023 20: +0,1689447600
2.24,4,Jul 15 2023 21: +0,1689451200
1.451,2,Jul 15 2023 22: +0,1689454800
2.193,3,Jul 15 2023 23: +0,1689458400
2.141,1,Jul 16 2023 00: +0,1689462000
2.237,1,Jul 16 2023 01: +0,1689465600
2.193,2,Jul 16 2023 02: +0,1689469200
2.236,5,Jul 16 2023 03: +0,1689472800
2.248,6,Jul 16 2023 04: +0,1689476400
2.175,1,Jul 16 2023 05: +0,1689480000
2.273,23,Jul 16 2023 06: +0,1689483600
2.378,3,Jul 16 2023 07: +0,1689487200
2.373,3,Jul 16 2023 08: +0,1689490800
2.381,7,Jul 16 2023 09: +0,1689494400
2.232,4,Jul 16 2023 11: +0,1689501600
2.362,3,Jul 16 2023 12: +0,1689505200
2.364,1,Jul 16 2023 13: +0,1689508800
2.247,2,Jul 16 2023 14: +0,1689512400
2.513,6,Jul 16 2023 15: +0,1689516000
2.114,2,Jul 16 2023 16: +0,1689519600
2.117,1,Jul 16 2023 17: +0,1689523200
1.465,2,Jul 16 2023 18: +0,1689526800
2.289,3,Jul 16 2023 19: +0,1689530400
2.289,3,Jul 16 2023 20: +0,1689534000
2.191,6,Jul 16 2023 21: +0,1689537600
2.352,12,Jul 16 2023 22: +0,1689541200
2.346,2,Jul 16 2023 23: +0,1689544800
2.259,3,Jul 17 2023 00: +0,1689548400
2.331,2,Jul 17 2023 02: +0,1689555600
2.381,9,Jul 17 2023 03: +0,1689559200
2.362,2,Jul 17 2023 07: +0,1689573600
2.555,2,Jul 17 2023 09: +0,1689580800
2.184,2,Jul 17 2023 10: +0,1689584400
1.498,2,Jul 17 2023 11: +0,1689588000
0.858,1,Jul 17 2023 12: +0,1689591600
2.335,1,Jul 17 2023 13: +0,1689595200
2.182,1,Jul 17 2023 14: +0,1689598800
2.192,5,Jul 17 2023 15: +0,1689602400
2.178,2,Jul 17 2023 16: +0,1689606000
2.192,1,Jul 17 2023 17: +0,1689609600
2.121,3,Jul 17 2023 18: +0,1689613200
2.312,5,Jul 17 2023 19: +0,1689616800
2.189,1,Jul 17 2023 21: +0,1689624000
2.382,2,Jul 17 2023 22: +0,1689627600
2.439,2,Jul 17 2023 23: +0,1689631200
2.125,1,Jul 18 2023 00: +0,1689634800
2.213,1,Jul 18 2023 01: +0,1689638400
2.26,2,Jul 18 2023 02: +0,1689642000
2.16,2,Jul 18 2023 03: +0,1689645600
2.129,3,Jul 18 2023 06: +0,1689656400
2.201,1,Jul 18 2023 07: +0,1689660000
0.85,1,Jul 18 2023 09: +0,1689667200
2.199,1,Jul 18 2023 10: +0,1689670800
2.468,4,Jul 18 2023 14: +0,1689685200
2.632,2,Jul 18 2023 16: +0,1689692400
2.173,3,Jul 18 2023 17: +0,1689696000
2.318,5,Jul 18 2023 18: +0,1689699600
2.234,3,Jul 18 2023 19: +0,1689703200
2.215,1,Jul 18 2023 20: +0,1689706800
2.291,1,Jul 18 2023 21: +0,1689710400
2.189,2,Jul 18 2023 22: +0,1689714000
2.147,1,Jul 18 2023 23: +0,1689717600
2.236,1,Jul 19 2023 00: +0,1689721200
2.189,1,Jul 19 2023 02: +0,1689728400
2.326,1,Jul 19 2023 03: +0,1689732000
2.192,2,Jul 19 2023 04: +0,1689735600
2.189,3,Jul 19 2023 05: +0,1689739200
2.196,1,Jul 19 2023 06: +0,1689742800
2.178,2,Jul 19 2023 09: +0,1689753600
2.13,2,Jul 19 2023 10: +0,1689757200
2.257,6,Jul 19 2023 11: +0,1689760800
2.172,3,Jul 19 2023 12: +0,1689764400
0.807,2,Jul 19 2023 13: +0,1689768000
2.227,4,Jul 19 2023 14: +0,1689771600
1.974,1,Jul 19 2023 15: +0,1689775200
2.181,6,Jul 19 2023 16: +0,1689778800
2.234,3,Jul 19 2023 17: +0,1689782400
2.068,7,Jul 19 2023 18: +0,1689786000
2.201,16,Jul 19 2023 19: +0,1689789600
2.185,6,Jul 19 2023 20: +0,1689793200
2.218,7,Jul 19 2023 21: +0,1689796800
2.194,3,Jul 19 2023 22: +0,1689800400
2.269,1,Jul 19 2023 23: +0,1689804000
2.657,4,Jul 20 2023 00: +0,1689807600
2.296,5,Jul 20 2023 01: +0,1689811200
2.303,1,Jul 20 2023 02: +0,1689814800
2.304,1,Jul 20 2023 03: +0,1689818400
1.388,2,Jul 20 2023 04: +0,1689822000
2.194,1,Jul 20 2023 07: +0,1689832800
2.163,2,Jul 20 2023 10: +0,1689843600
2.229,2,Jul 20 2023 11: +0,1689847200
2.24,2,Jul 20 2023 12: +0,1689850800
2.198,2,Jul 20 2023 13: +0,1689854400
2.19,4,Jul 20 2023 14: +0,1689858000
2.21,1,Jul 20 2023 15: +0,1689861600
2.179,2,Jul 20 2023 16: +0,1689865200
2.249,3,Jul 20 2023 17: +0,1689868800
2.258,1,Jul 20 2023 18: +0,1689872400
2.253,2,Jul 20 2023 19: +0,1689876000
2.267,5,Jul 20 2023 20: +0,1689879600
2.243,4,Jul 20 2023 21: +0,1689883200
1.965,2,Jul 20 2023 22: +0,1689886800
2.257,3,Jul 20 2023 23: +0,1689890400
2.218,1,Jul 21 2023 02: +0,1689901200
2.166,1,Jul 21 2023 03: +0,1689904800
1.969,1,Jul 21 2023 04: +0,1689908400
2.264,1,Jul 21 2023 07: +0,1689919200
2.257,1,Jul 21 2023 08: +0,1689922800
2.264,6,Jul 21 2023 09: +0,1689926400
2.257,3,Jul 21 2023 10: +0,1689930000
2.218,3,Jul 21 2023 12: +0,1689937200
2.271,1,Jul 21 2023 13: +0,1689940800
2.27,4,Jul 21 2023 14: +0,1689944400
2.261,4,Jul 21 2023 15: +0,1689948000
2.261,3,Jul 21 2023 16: +0,1689951600
2.26,8,Jul 21 2023 17: +0,1689955200
2.078,4,Jul 21 2023 18: +0,1689958800
2.202,16,Jul 21 2023 19: +0,1689962400
2.28,20,Jul 21 2023 20: +0,1689966000
2.28,10,Jul 21 2023 21: +0,1689969600
2.19,6,Jul 21 2023 22: +0,1689973200
2.28,4,Jul 21 2023 23: +0,1689976800
1.971,1,Jul 22 2023 00: +0,1689980400
2.253,2,Jul 22 2023 01: +0,1689984000
2.272,1,Jul 22 2023 04: +0,1689994800
2.257,1,Jul 22 2023 05: +0,1689998400
2.187,1,Jul 22 2023 06: +0,1690002000
2.292,2,Jul 22 2023 07: +0,1690005600
2.288,9,Jul 22 2023 08: +0,1690009200
0.86,1,Jul 22 2023 10: +0,1690016400
2.26,3,Jul 22 2023 11: +0,1690020000
2.26,3,Jul 22 2023 12: +0,1690023600
2.525,5,Jul 22 2023 13: +0,1690027200
2.231,5,Jul 22 2023 14: +0,1690030800
2.26,1,Jul 22 2023 15: +0,1690034400
2.239,1,Jul 22 2023 16: +0,1690038000
2.26,5,Jul 22 2023 17: +0,1690041600
2.264,4,Jul 22 2023 18: +0,1690045200
2.26,3,Jul 22 2023 19: +0,1690048800
2.251,2,Jul 22 2023 20: +0,1690052400
2.078,2,Jul 22 2023 21: +0,1690056000
2.256,2,Jul 22 2023 22: +0,1690059600
2.131,2,Jul 22 2023 23: +0,1690063200
2.265,1,Jul 23 2023 00: +0,1690066800
2.278,3,Jul 23 2023 01: +0,1690070400
2.268,2,Jul 23 2023 02: +0,1690074000
2.266,1,Jul 23 2023 03: +0,1690077600
2.286,1,Jul 23 2023 05: +0,1690084800
2.278,1,Jul 23 2023 06: +0,1690088400
2.286,7,Jul 23 2023 08: +0,1690095600
2.018,3,Jul 23 2023 09: +0,1690099200
2.256,4,Jul 23 2023 10: +0,1690102800
2.245,5,Jul 23 2023 11: +0,1690106400
2.258,4,Jul 23 2023 13: +0,1690113600
2.284,11,Jul 23 2023 14: +0,1690117200
2.286,1,Jul 23 2023 15: +0,1690120800
2.26,1,Jul 23 2023 16: +0,1690124400
2.257,5,Jul 23 2023 17: +0,1690128000
2.148,6,Jul 23 2023 18: +0,1690131600
2.278,12,Jul 23 2023 19: +0,1690135200
2.265,1,Jul 23 2023 20: +0,1690138800
2.279,4,Jul 23 2023 21: +0,1690142400
2.192,3,Jul 23 2023 22: +0,1690146000
2.231,3,Jul 23 2023 23: +0,1690149600
2.276,1,Jul 24 2023 00: +0,1690153200
2.822,2,Jul 24 2023 01: +0,1690156800
2.277,1,Jul 24 2023 02: +0,1690160400
2.734,1,Jul 24 2023 05: +0,1690171200
2.278,1,Jul 24 2023 06: +0,1690174800
2.278,11,Jul 24 2023 07: +0,1690178400
1.872,1,Jul 24 2023 09: +0,1690185600
2.253,2,Jul 24 2023 10: +0,1690189200
2.276,1,Jul 24 2023 11: +0,1690192800
2.108,1,Jul 24 2023 12: +0,1690196400
1.443,2,Jul 24 2023 13: +0,1690200000
1.3,2,Jul 24 2023 14: +0,1690203600
2.682,5,Jul 24 2023 15: +0,1690207200
2.239,1,Jul 24 2023 16: +0,1690210800
2.184,2,Jul 24 2023 17: +0,1690214400
2.192,1,Jul 24 2023 18: +0,1690218000
2.171,4,Jul 24 2023 19: +0,1690221600
2.231,3,Jul 24 2023 20: +0,1690225200
2.137,2,Jul 24 2023 21: +0,1690228800
1.842,3,Jul 24 2023 22: +0,1690232400
2.212,4,Jul 24 2023 23: +0,1690236000
1.763,3,Jul 25 2023 01: +0,1690243200
2.212,1,Jul 25 2023 05: +0,1690257600
2.212,1,Jul 25 2023 07: +0,1690264800
2.212,1,Jul 25 2023 08: +0,1690268400
2.212,5,Jul 25 2023 09: +0,1690272000
2.184,1,Jul 25 2023 10: +0,1690275600
2.722,1,Jul 25 2023 11: +0,1690279200
2.261,2,Jul 25 2023 12: +0,1690282800
1.552,2,Jul 25 2023 13: +0,1690286400
2.038,8,Jul 25 2023 14: +0,1690290000
0.865,2,Jul 25 2023 15: +0,1690293600
2.23,3,Jul 25 2023 16: +0,1690297200
2.112,2,Jul 25 2023 17: +0,1690300800
2.095,4,Jul 25 2023 18: +0,1690304400
2.225,19,Jul 25 2023 19: +0,1690308000
1.993,7,Jul 25 2023 20: +0,1690311600
2.168,5,Jul 25 2023 21: +0,1690315200
1.446,2,Jul 25 2023 22: +0,1690318800
2.168,3,Jul 25 2023 23: +0,1690322400
2.031,2,Jul 26 2023 00: +0,1690326000
2.23,1,Jul 26 2023 03: +0,1690336800
2.33,1,Jul 26 2023 04: +0,1690340400
2.877,2,Jul 26 2023 05: +0,1690344000
2.168,1,Jul 26 2023 06: +0,1690347600
0.814,1,Jul 26 2023 09: +0,1690358400
1.823,2,Jul 26 2023 10: +0,1690362000
1.804,1,Jul 26 2023 11: +0,1690365600
2.227,5,Jul 26 2023 12: +0,1690369200
2.065,2,Jul 26 2023 13: +0,1690372800
2.292,2,Jul 26 2023 14: +0,1690376400
2.16,4,Jul 26 2023 15: +0,1690380000
1.962,1,Jul 26 2023 16: +0,1690383600
2.152,1,Jul 26 2023 17: +0,1690387200
2.137,2,Jul 26 2023 18: +0,1690390800
2.237,8,Jul 26 2023 19: +0,1690394400
2.187,2,Jul 26 2023 20: +0,1690398000
2.152,2,Jul 26 2023 21: +0,1690401600
2.176,3,Jul 26 2023 22: +0,1690405200
2.236,2,Jul 26 2023 23: +0,1690408800
2.176,3,Jul 27 2023 00: +0,1690412400
2.176,1,Jul 27 2023 01: +0,1690416000
2.176,1,Jul 27 2023 03: +0,1690423200
1.935,1,Jul 27 2023 04: +0,1690426800
2.168,3,Jul 27 2023 06: +0,1690434000
2.206,3,Jul 27 2023 07: +0,1690437600
2.191,3,Jul 27 2023 08: +0,1690441200
2.16,3,Jul 27 2023 09: +0,1690444800
0.836,1,Jul 27 2023 10: +0,1690448400
2.206,3,Jul 27 2023 11: +0,1690452000
2.218,1,Jul 27 2023 13: +0,1690459200
2.171,2,Jul 27 2023 14: +0,1690462800
2.195,3,Jul 27 2023 15: +0,1690466400
2.163,3,Jul 27 2023 16: +0,1690470000
1.475,2,Jul 27 2023 17: +0,1690473600
1.502,4,Jul 27 2023 18: +0,1690477200
2.163,7,Jul 27 2023 19: +0,1690480800
2.124,3,Jul 27 2023 20: +0,1690484400
2.165,6,Jul 27 2023 21: +0,1690488000
2.171,1,Jul 27 2023 22: +0,1690491600
2.156,1,Jul 28 2023 01: +0,1690502400
2.171,4,Jul 28 2023 02: +0,1690506000
2.175,2,Jul 28 2023 03: +0,1690509600
2.183,5,Jul 28 2023 04: +0,1690513200
2.171,1,Jul 28 2023 05: +0,1690516800
2.092,1,Jul 28 2023 06: +0,1690520400
2.129,2,Jul 28 2023 07: +0,1690524000
2.163,1,Jul 28 2023 08: +0,1690527600
0.825,1,Jul 28 2023 09: +0,1690531200
2.012,3,Jul 28 2023 10: +0,1690534800
2.21,1,Jul 28 2023 11: +0,1690538400
0.84,1,Jul 28 2023 12: +0,1690542000
2.171,1,Jul 28 2023 13: +0,1690545600
2.183,4,Jul 28 2023 14: +0,1690549200
0.864,3,Jul 28 2023 15: +0,1690552800
2.21,3,Jul 28 2023 16: +0,1690556400
2.195,4,Jul 28 2023 17: +0,1690560000
2.199,3,Jul 28 2023 18: +0,1690563600
0.85,2,Jul 28 2023 19: +0,1690567200
2.208,9,Jul 28 2023 20: +0,1690570800
2.202,6,Jul 28 2023 21: +0,1690574400
2.239,3,Jul 28 2023 22: +0,1690578000
2.235,1,Jul 28 2023 23: +0,1690581600
2.209,2,Jul 29 2023 00: +0,1690585200
2.227,3,Jul 29 2023 01: +0,1690588800
2.16,2,Jul 29 2023 02: +0,1690592400
2.206,1,Jul 29 2023 03: +0,1690596000
2.157,2,Jul 29 2023 04: +0,1690599600
2.172,1,Jul 29 2023 06: +0,1690606800
2.227,2,Jul 29 2023 07: +0,1690610400
2.197,1,Jul 29 2023 08: +0,1690614000
2.22,2,Jul 29 2023 09: +0,1690617600
2.161,2,Jul 29 2023 10: +0,1690621200
2.04,3,Jul 29 2023 11: +0,1690624800
2.229,1,Jul 29 2023 12: +0,1690628400
2.133,3,Jul 29 2023 13: +0,1690632000
2.18,3,Jul 29 2023 14: +0,1690635600
2.232,2,Jul 29 2023 15: +0,1690639200
2.239,3,Jul 29 2023 16: +0,1690642800
2.292,17,Jul 29 2023 17: +0,1690646400
2.258,11,Jul 29 2023 18: +0,1690650000
1.716,3,Jul 29 2023 19: +0,1690653600
2.223,3,Jul 29 2023 20: +0,1690657200
2.25,4,Jul 29 2023 21: +0,1690660800
2.232,2,Jul 29 2023 22: +0,1690664400
2.219,10,Jul 30 2023 00: +0,1690671600
2.249,1,Jul 30 2023 01: +0,1690675200
1.99,1,Jul 30 2023 03: +0,1690682400
1.975,2,Jul 30 2023 04: +0,1690686000
2.227,3,Jul 30 2023 06: +0,1690693200
2.05,4,Jul 30 2023 07: +0,1690696800
2.244,2,Jul 30 2023 08: +0,1690700400
2.223,1,Jul 30 2023 09: +0,1690704000
2.223,11,Jul 30 2023 10: +0,1690707600
2.136,2,Jul 30 2023 11: +0,1690711200
2.16,4,Jul 30 2023 12: +0,1690714800
2.249,8,Jul 30 2023 13: +0,1690718400
2.265,10,Jul 30 2023 14: +0,1690722000
0.85,18,Jul 30 2023 15: +0,1690725600
2.232,5,Jul 30 2023 16: +0,1690729200
2.281,4,Jul 30 2023 17: +0,1690732800
2.259,1,Jul 30 2023 18: +0,1690736400
2.241,1,Jul 30 2023 19: +0,1690740000
2.219,2,Jul 30 2023 20: +0,1690743600
1.821,1,Jul 30 2023 21: +0,1690747200
2.21,2,Jul 30 2023 22: +0,1690750800
2.286,1,Jul 31 2023 00: +0,1690758000
2.266,3,Jul 31 2023 01: +0,1690761600
2.232,3,Jul 31 2023 02: +0,1690765200
2.241,1,Jul 31 2023 03: +0,1690768800
2.259,1,Jul 31 2023 04: +0,1690772400
2.266,1,Jul 31 2023 05: +0,1690776000
2.079,1,Jul 31 2023 06: +0,1690779600
2.189,2,Jul 31 2023 07: +0,1690783200
2.276,1,Jul 31 2023 09: +0,1690790400
2.259,1,Jul 31 2023 10: +0,1690794000
2.464,6,Jul 31 2023 11: +0,1690797600
2.163,2,Jul 31 2023 12: +0,1690801200
2.198,2,Jul 31 2023 13: +0,1690804800
2.274,1,Jul 31 2023 14: +0,1690808400
2.274,8,Jul 31 2023 15: +0,1690812000
2.157,2,Jul 31 2023 16: +0,1690815600
2.245,2,Jul 31 2023 18: +0,1690822800
2.234,8,Jul 31 2023 19: +0,1690826400
2.267,1,Jul 31 2023 20: +0,1690830000
2.164,6,Jul 31 2023 21: +0,1690833600
2.275,14,Jul 31 2023 22: +0,1690837200
2.229,2,Jul 31 2023 23: +0,1690840800
2.266,2,Aug 01 2023 00: +0,1690844400
2.101,2,Aug 01 2023 02: +0,1690851600
2.036,1,Aug 01 2023 04: +0,1690858800
2.282,1,Aug 01 2023 06: +0,1690866000
1.852,1,Aug 01 2023 07: +0,1690869600
2.282,2,Aug 01 2023 08: +0,1690873200
2.458,14,Aug 01 2023 09: +0,1690876800
2.087,3,Aug 01 2023 10: +0,1690880400
2.394,3,Aug 01 2023 11: +0,1690884000
2.172,1,Aug 01 2023 12: +0,1690887600
2.215,2,Aug 01 2023 13: +0,1690891200
2.282,4,Aug 01 2023 14: +0,1690894800
2.187,2,Aug 01 2023 15: +0,1690898400
2.392,5,Aug 01 2023 16: +0,1690902000
2.275,1,Aug 01 2023 17: +0,1690905600
2.368,2,Aug 01 2023 18: +0,1690909200
2.715,20,Aug 01 2023 19: +0,1690912800
2.265,4,Aug 01 2023 20: +0,1690916400
2.434,1,Aug 01 2023 21: +0,1690920000
2.457,2,Aug 01 2023 22: +0,1690923600
2.408,5,Aug 01 2023 23: +0,1690927200
2.262,8,Aug 02 2023 00: +0,1690930800
2.416,3,Aug 02 2023 01: +0,1690934400
2.287,1,Aug 02 2023 02: +0,1690938000
2.322,2,Aug 02 2023 03: +0,1690941600
2.71,1,Aug 02 2023 05: +0,1690948800
2.51,1,Aug 02 2023 07: +0,1690956000
2.546,2,Aug 02 2023 08: +0,1690959600
2.314,4,Aug 02 2023 09: +0,1690963200
2.329,1,Aug 02 2023 10: +0,1690966800
2.2,2,Aug 02 2023 12: +0,1690974000
2.329,5,Aug 02 2023 13: +0,1690977600
0.874,1,Aug 02 2023 14: +0,1690981200
2.322,6,Aug 02 2023 15: +0,1690984800
2.332,3,Aug 02 2023 16: +0,1690988400
2.332,2,Aug 02 2023 18: +0,1690995600
2.306,6,Aug 02 2023 19: +0,1690999200
2.184,3,Aug 02 2023 20: +0,1691002800
2.306,2,Aug 02 2023 21: +0,1691006400
2.202,2,Aug 02 2023 22: +0,1691010000
2.328,1,Aug 02 2023 23: +0,1691013600
2.192,4,Aug 03 2023 00: +0,1691017200
2.282,1,Aug 03 2023 01: +0,1691020800
2.318,5,Aug 03 2023 02: +0,1691024400
2.249,4,Aug 03 2023 03: +0,1691028000
2.298,3,Aug 03 2023 05: +0,1691035200
2.325,4,Aug 03 2023 06: +0,1691038800
2.329,1,Aug 03 2023 07: +0,1691042400
2.314,3,Aug 03 2023 09: +0,1691049600
2.258,2,Aug 03 2023 10: +0,1691053200
2.304,2,Aug 03 2023 11: +0,1691056800
2.353,4,Aug 03 2023 12: +0,1691060400
2.353,1,Aug 03 2023 13: +0,1691064000
2.345,4,Aug 03 2023 14: +0,1691067600
2.227,4,Aug 03 2023 15: +0,1691071200
2.327,3,Aug 03 2023 16: +0,1691074800
2.314,3,Aug 03 2023 17: +0,1691078400
2.298,3,Aug 03 2023 18: +0,1691082000
2.318,5,Aug 03 2023 20: +0,1691089200
2.338,5,Aug 03 2023 21: +0,1691092800
2.282,3,Aug 03 2023 22: +0,1691096400
2.096,1,Aug 04 2023 00: +0,1691103600
2.361,1,Aug 04 2023 01: +0,1691107200
2.298,1,Aug 04 2023 03: +0,1691114400
1.427,2,Aug 04 2023 04: +0,1691118000
2.341,2,Aug 04 2023 05: +0,1691121600
2.192,3,Aug 04 2023 08: +0,1691132400
2.329,3,Aug 04 2023 09: +0,1691136000
2.33,4,Aug 04 2023 10: +0,1691139600
2.386,2,Aug 04 2023 11: +0,1691143200
2.31,2,Aug 04 2023 12: +0,1691146800
2.274,1,Aug 04 2023 13: +0,1691150400
2.218,3,Aug 04 2023 14: +0,1691154000
2.417,4,Aug 04 2023 15: +0,1691157600
2.361,3,Aug 04 2023 16: +0,1691161200
2.231,2,Aug 04 2023 17: +0,1691164800
2.343,7,Aug 04 2023 18: +0,1691168400
2.322,6,Aug 04 2023 19: +0,1691172000
2.402,1,Aug 04 2023 20: +0,1691175600
2.332,3,Aug 04 2023 21: +0,1691179200
2.032,4,Aug 04 2023 22: +0,1691182800
2.353,7,Aug 04 2023 23: +0,1691186400
2.272,7,Aug 05 2023 00: +0,1691190000
2.233,6,Aug 05 2023 03: +0,1691200800
2.329,1,Aug 05 2023 05: +0,1691208000
2.241,2,Aug 05 2023 06: +0,1691211600
2.182,2,Aug 05 2023 07: +0,1691215200
2.306,5,Aug 05 2023 08: +0,1691218800
2.18,3,Aug 05 2023 11: +0,1691229600
2.295,4,Aug 05 2023 13: +0,1691236800
2.315,8,Aug 05 2023 14: +0,1691240400
2.273,4,Aug 05 2023 16: +0,1691247600
2.361,6,Aug 05 2023 17: +0,1691251200
2.37,3,Aug 05 2023 18: +0,1691254800
2.148,4,Aug 05 2023 19: +0,1691258400
2.168,1,Aug 05 2023 20: +0,1691262000
0.85,3,Aug 05 2023 21: +0,1691265600
2.558,11,Aug 05 2023 22: +0,1691269200
2.266,4,Aug 05 2023 23: +0,1691272800
2.491,11,Aug 06 2023 01: +0,1691280000
2.324,2,Aug 06 2023 02: +0,1691283600
2.381,1,Aug 06 2023 03: +0,1691287200
2.392,3,Aug 06 2023 06: +0,1691298000
0.85,1,Aug 06 2023 08: +0,1691305200
2.367,1,Aug 06 2023 09: +0,1691308800
2.303,1,Aug 06 2023 10: +0,1691312400
2.471,2,Aug 06 2023 11: +0,1691316000
2.339,2,Aug 06 2023 12: +0,1691319600
2.44,10,Aug 06 2023 13: +0,1691323200
2.322,8,Aug 06 2023 14: +0,1691326800
2.103,2,Aug 06 2023 15: +0,1691330400
2.341,1,Aug 06 2023 16: +0,1691334000
2.358,3,Aug 06 2023 17: +0,1691337600
0.811,1,Aug 06 2023 18: +0,1691341200
2.202,3,Aug 06 2023 19: +0,1691344800
2.341,7,Aug 06 2023 20: +0,1691348400
2.347,4,Aug 06 2023 21: +0,1691352000
2.335,3,Aug 06 2023 23: +0,1691359200
2.333,3,Aug 07 2023 00: +0,1691362800
2.324,2,Aug 07 2023 02: +0,1691370000
2.361,5,Aug 07 2023 03: +0,1691373600
2.392,7,Aug 07 2023 04: +0,1691377200
2.44,6,Aug 07 2023 06: +0,1691384400
2.44,1,Aug 07 2023 07: +0,1691388000
2.384,3,Aug 07 2023 08: +0,1691391600
2.322,4,Aug 07 2023 10: +0,1691398800
2.201,2,Aug 07 2023 11: +0,1691402400
2.375,4,Aug 07 2023 12: +0,1691406000
2.322,5,Aug 07 2023 13: +0,1691409600
1.731,2,Aug 07 2023 14: +0,1691413200
2.44,6,Aug 07 2023 15: +0,1691416800
2.331,1,Aug 07 2023 16: +0,1691420400
2.416,5,Aug 07 2023 17: +0,1691424000
2.384,3,Aug 07 2023 18: +0,1691427600
2.299,2,Aug 07 2023 19: +0,1691431200
0.995,1,Aug 07 2023 20: +0,1691434800
2.249,1,Aug 07 2023 21: +0,1691438400
2.32,2,Aug 07 2023 22: +0,1691442000
2.43,13,Aug 07 2023 23: +0,1691445600
2.407,4,Aug 08 2023 00: +0,1691449200
2.257,1,Aug 08 2023 01: +0,1691452800
2.238,4,Aug 08 2023 02: +0,1691456400
1.73,1,Aug 08 2023 04: +0,1691463600
0.866,3,Aug 08 2023 07: +0,1691474400
2.416,1,Aug 08 2023 11: +0,1691488800
2.14,2,Aug 08 2023 12: +0,1691492400
2.257,3,Aug 08 2023 14: +0,1691499600
2.291,2,Aug 08 2023 15: +0,1691503200
2.417,11,Aug 08 2023 16: +0,1691506800
2.282,3,Aug 08 2023 17: +0,1691510400
2.274,1,Aug 08 2023 18: +0,1691514000
2.079,5,Aug 08 2023 19: +0,1691517600
2.223,3,Aug 08 2023 20: +0,1691521200
2.281,3,Aug 08 2023 21: +0,1691524800
2.282,3,Aug 08 2023 22: +0,1691528400
2.282,1,Aug 08 2023 23: +0,1691532000
1.979,1,Aug 09 2023 01: +0,1691539200
2.114,2,Aug 09 2023 02: +0,1691542800
2.222,2,Aug 09 2023 03: +0,1691546400
2.29,1,Aug 09 2023 04: +0,1691550000
1.982,1,Aug 09 2023 05: +0,1691553600
2.266,1,Aug 09 2023 06: +0,1691557200
1.881,1,Aug 09 2023 07: +0,1691560800
0.849,2,Aug 09 2023 08: +0,1691564400
2.314,1,Aug 09 2023 09: +0,1691568000
2.324,1,Aug 09 2023 10: +0,1691571600
2.298,1,Aug 09 2023 12: +0,1691578800
2.304,1,Aug 09 2023 13: +0,1691582400
2.33,2,Aug 09 2023 14: +0,1691586000
2.325,2,Aug 09 2023 15: +0,1691589600
2.229,1,Aug 09 2023 16: +0,1691593200
2.384,2,Aug 09 2023 17: +0,1691596800
2.361,1,Aug 09 2023 18: +0,1691600400
1.546,2,Aug 09 2023 19: +0,1691604000
2.305,3,Aug 09 2023 20: +0,1691607600
2.278,2,Aug 09 2023 21: +0,1691611200
2.327,2,Aug 09 2023 22: +0,1691614800
2.324,1,Aug 09 2023 23: +0,1691618400
2.045,2,Aug 10 2023 00: +0,1691622000
2.295,2,Aug 10 2023 01: +0,1691625600
2.369,1,Aug 10 2023 02: +0,1691629200
0.852,1,Aug 10 2023 03: +0,1691632800
2.369,5,Aug 10 2023 04: +0,1691636400
2.24,2,Aug 10 2023 05: +0,1691640000
2.353,1,Aug 10 2023 06: +0,1691643600
1.804,2,Aug 10 2023 07: +0,1691647200
2.363,3,Aug 10 2023 09: +0,1691654400
2.317,2,Aug 10 2023 10: +0,1691658000
2.142,1,Aug 10 2023 12: +0,1691665200
2.017,3,Aug 10 2023 14: +0,1691672400
2.325,3,Aug 10 2023 15: +0,1691676000
2.353,5,Aug 10 2023 16: +0,1691679600
2.291,4,Aug 10 2023 17: +0,1691683200
2.334,4,Aug 10 2023 18: +0,1691686800
1.992,2,Aug 10 2023 19: +0,1691690400
2.18,1,Aug 10 2023 20: +0,1691694000
2.326,3,Aug 10 2023 21: +0,1691697600
2.239,1,Aug 10 2023 22: +0,1691701200
2.352,1,Aug 10 2023 23: +0,1691704800
2.33,2,Aug 11 2023 02: +0,1691715600
2.195,2,Aug 11 2023 03: +0,1691719200
2.241,2,Aug 11 2023 04: +0,1691722800
2.326,1,Aug 11 2023 06: +0,1691730000
1.524,2,Aug 11 2023 07: +0,1691733600
2.335,5,Aug 11 2023 08: +0,1691737200
2.335,4,Aug 11 2023 09: +0,1691740800
2.282,6,Aug 11 2023 10: +0,1691744400
1.558,2,Aug 11 2023 11: +0,1691748000
2.282,3,Aug 11 2023 12: +0,1691751600
2.226,2,Aug 11 2023 13: +0,1691755200
2.298,1,Aug 11 2023 14: +0,1691758800
2.303,2,Aug 11 2023 15: +0,1691762400
2.29,1,Aug 11 2023 16: +0,1691766000
2.291,2,Aug 11 2023 17: +0,1691769600
2.335,3,Aug 11 2023 18: +0,1691773200
2.29,3,Aug 11 2023 19: +0,1691776800
2.245,2,Aug 11 2023 20: +0,1691780400
2.334,3,Aug 11 2023 21: +0,1691784000
2.308,2,Aug 11 2023 22: +0,1691787600
2.282,2,Aug 11 2023 23: +0,1691791200
2.314,1,Aug 12 2023 00: +0,1691794800
2.226,2,Aug 12 2023 05: +0,1691812800
2.331,1,Aug 12 2023 06: +0,1691816400
2.31,2,Aug 12 2023 07: +0,1691820000
2.235,1,Aug 12 2023 08: +0,1691823600
2.278,4,Aug 12 2023 09: +0,1691827200
0.8,1,Aug 12 2023 11: +0,1691834400
2.286,4,Aug 12 2023 12: +0,1691838000
2.289,3,Aug 12 2023 14: +0,1691845200
2.291,2,Aug 12 2023 16: +0,1691852400
1.469,2,Aug 12 2023 17: +0,1691856000
1.524,2,Aug 12 2023 18: +0,1691859600
2.24,4,Aug 12 2023 19: +0,1691863200
2.306,2,Aug 12 2023 20: +0,1691866800
2.312,1,Aug 12 2023 21: +0,1691870400
2.308,6,Aug 12 2023 22: +0,1691874000
2.302,2,Aug 12 2023 23: +0,1691877600
2.18,1,Aug 13 2023 00: +0,1691881200
2.209,1,Aug 13 2023 01: +0,1691884800
2.301,2,Aug 13 2023 03: +0,1691892000
2.136,5,Aug 13 2023 06: +0,1691902800
2.317,6,Aug 13 2023 07: +0,1691906400
2.312,1,Aug 13 2023 08: +0,1691910000
2.317,1,Aug 13 2023 09: +0,1691913600
2.289,1,Aug 13 2023 10: +0,1691917200
2.062,3,Aug 13 2023 11: +0,1691920800
2.235,4,Aug 13 2023 12: +0,1691924400
2.32,7,Aug 13 2023 13: +0,1691928000
2.157,1,Aug 13 2023 14: +0,1691931600
2.311,10,Aug 13 2023 15: +0,1691935200
2.312,1,Aug 13 2023 16: +0,1691938800
2.306,3,Aug 13 2023 17: +0,1691942400
2.314,3,Aug 13 2023 18: +0,1691946000
2.157,3,Aug 13 2023 19: +0,1691949600
2.312,7,Aug 13 2023 20: +0,1691953200
2.221,2,Aug 13 2023 21: +0,1691956800
2.315,7,Aug 13 2023 22: +0,1691960400
2.287,4,Aug 13 2023 23: +0,1691964000
2.05,1,Aug 14 2023 01: +0,1691971200
2.304,3,Aug 14 2023 02: +0,1691974800
2.23,2,Aug 14 2023 03: +0,1691978400
1.864,1,Aug 14 2023 05: +0,1691985600
1.984,1,Aug 14 2023 09: +0,1692000000
2.31,4,Aug 14 2023 10: +0,1692003600
2.498,1,Aug 14 2023 11: +0,1692007200
2.246,2,Aug 14 2023 12: +0,1692010800
2.299,2,Aug 14 2023 13: +0,1692014400
2.312,1,Aug 14 2023 14: +0,1692018000
1.984,4,Aug 14 2023 15: +0,1692021600
2.29,2,Aug 14 2023 16: +0,1692025200
2.013,2,Aug 14 2023 17: +0,1692028800
2.318,5,Aug 14 2023 18: +0,1692032400
2.266,1,Aug 14 2023 19: +0,1692036000
2.025,1,Aug 14 2023 20: +0,1692039600
2.183,6,Aug 14 2023 21: +0,1692043200
2.081,1,Aug 14 2023 22: +0,1692046800
2.292,3,Aug 14 2023 23: +0,1692050400
2.283,4,Aug 15 2023 00: +0,1692054000
2.257,1,Aug 15 2023 01: +0,1692057600
2.095,1,Aug 15 2023 03: +0,1692064800
2.285,2,Aug 15 2023 04: +0,1692068400
2.18,1,Aug 15 2023 06: +0,1692075600
2.281,1,Aug 15 2023 08: +0,1692082800
2.258,1,Aug 15 2023 10: +0,1692090000
2.052,1,Aug 15 2023 12: +0,1692097200
2.23,3,Aug 15 2023 14: +0,1692104400
2.064,2,Aug 15 2023 15: +0,1692108000
2.23,5,Aug 15 2023 17: +0,1692115200
2.187,4,Aug 15 2023 18: +0,1692118800
2.245,4,Aug 15 2023 19: +0,1692122400
2.244,2,Aug 15 2023 20: +0,1692126000
2.124,3,Aug 15 2023 21: +0,1692129600
2.128,8,Aug 15 2023 22: +0,1692133200
2.104,1,Aug 16 2023 00: +0,1692140400
2.89,1,Aug 16 2023 01: +0,1692144000
2.146,1,Aug 16 2023 02: +0,1692147600
2.162,1,Aug 16 2023 05: +0,1692158400
2.27,4,Aug 16 2023 07: +0,1692165600
2.132,1,Aug 16 2023 08: +0,1692169200
2.199,1,Aug 16 2023 09: +0,1692172800
1.492,2,Aug 16 2023 10: +0,1692176400
2.24,1,Aug 16 2023 11: +0,1692180000
2.181,6,Aug 16 2023 12: +0,1692183600
2.138,2,Aug 16 2023 13: +0,1692187200
2.211,2,Aug 16 2023 14: +0,1692190800
2.266,10,Aug 16 2023 15: +0,1692194400
2.223,2,Aug 16 2023 16: +0,1692198000
2.175,3,Aug 16 2023 17: +0,1692201600
1.717,1,Aug 16 2023 18: +0,1692205200
2.262,3,Aug 16 2023 19: +0,1692208800
2.074,2,Aug 16 2023 20: +0,1692212400
2.154,5,Aug 16 2023 21: +0,1692216000
0.841,1,Aug 16 2023 22: +0,1692219600
2.209,2,Aug 17 2023 01: +0,1692230400
1.806,1,Aug 17 2023 02: +0,1692234000
2.317,1,Aug 17 2023 06: +0,1692248400
2.153,1,Aug 17 2023 07: +0,1692252000
0.806,2,Aug 17 2023 08: +0,1692255600
2.183,3,Aug 17 2023 09: +0,1692259200
2.239,1,Aug 17 2023 10: +0,1692262800
2.254,6,Aug 17 2023 12: +0,1692270000
2.297,3,Aug 17 2023 13: +0,1692273600
2.177,2,Aug 17 2023 14: +0,1692277200
2.214,2,Aug 17 2023 15: +0,1692280800
2.159,4,Aug 17 2023 16: +0,1692284400
2.016,2,Aug 17 2023 17: +0,1692288000
2.177,7,Aug 17 2023 18: +0,1692291600
2.305,2,Aug 17 2023 19: +0,1692295200
2.291,4,Aug 17 2023 20: +0,1692298800
2.158,3,Aug 17 2023 21: +0,1692302400
2.196,4,Aug 17 2023 22: +0,1692306000
2.316,1,Aug 17 2023 23: +0,1692309600
2.107,2,Aug 18 2023 00: +0,1692313200
2.282,2,Aug 18 2023 01: +0,1692316800
2.235,2,Aug 18 2023 02: +0,1692320400
2.172,2,Aug 18 2023 03: +0,1692324000
2.176,3,Aug 18 2023 04: +0,1692327600
2.154,2,Aug 18 2023 06: +0,1692334800
1.454,2,Aug 18 2023 08: +0,1692342000
2.231,2,Aug 18 2023 09: +0,1692345600
2.176,1,Aug 18 2023 10: +0,1692349200
2.067,1,Aug 18 2023 11: +0,1692352800
2.205,2,Aug 18 2023 12: +0,1692356400
2.231,5,Aug 18 2023 13: +0,1692360000
2.236,2,Aug 18 2023 15: +0,1692367200
2.176,1,Aug 18 2023 16: +0,1692370800
2.184,4,Aug 18 2023 17: +0,1692374400
2.31,1,Aug 18 2023 19: +0,1692381600
2.31,1,Aug 18 2023 20: +0,1692385200
2.048,1,Aug 18 2023 21: +0,1692388800
2.176,3,Aug 18 2023 22: +0,1692392400
2.251,3,Aug 18 2023 23: +0,1692396000
2.203,2,Aug 19 2023 00: +0,1692399600
2.176,1,Aug 19 2023 01: +0,1692403200
2.238,1,Aug 19 2023 02: +0,1692406800
2.159,1,Aug 19 2023 03: +0,1692410400
2.185,2,Aug 19 2023 04: +0,1692414000
1.468,2,Aug 19 2023 07: +0,1692424800
2.003,1,Aug 19 2023 08: +0,1692428400
1.406,2,Aug 19 2023 09: +0,1692432000
2.19,2,Aug 19 2023 10: +0,1692435600
2.204,2,Aug 19 2023 11: +0,1692439200
2.224,2,Aug 19 2023 12: +0,1692442800
2.101,4,Aug 19 2023 13: +0,1692446400
2.077,5,Aug 19 2023 14: +0,1692450000
2.166,3,Aug 19 2023 15: +0,1692453600
2.191,1,Aug 19 2023 16: +0,1692457200
2.16,4,Aug 19 2023 17: +0,1692460800
2.23,1,Aug 19 2023 18: +0,1692464400
2.059,2,Aug 19 2023 21: +0,1692475200
2.136,1,Aug 19 2023 22: +0,1692478800
2.257,1,Aug 19 2023 23: +0,1692482400
2.238,1,Aug 20 2023 00: +0,1692486000
2.079,1,Aug 20 2023 01: +0,1692489600
2.231,1,Aug 20 2023 02: +0,1692493200
2.251,5,Aug 20 2023 03: +0,1692496800
2.247,2,Aug 20 2023 04: +0,1692500400
2.64,5,Aug 20 2023 05: +0,1692504000
1.734,1,Aug 20 2023 06: +0,1692507600
2.136,1,Aug 20 2023 08: +0,1692514800
2.16,1,Aug 20 2023 09: +0,1692518400
2.168,3,Aug 20 2023 11: +0,1692525600
2.181,2,Aug 20 2023 12: +0,1692529200
2.19,3,Aug 20 2023 13: +0,1692532800
2.223,3,Aug 20 2023 14: +0,1692536400
2.066,4,Aug 20 2023 15: +0,1692540000
2.254,1,Aug 20 2023 16: +0,1692543600
2.168,3,Aug 20 2023 18: +0,1692550800
2.199,1,Aug 20 2023 19: +0,1692554400
2.045,4,Aug 20 2023 20: +0,1692558000
2.217,3,Aug 20 2023 21: +0,1692561600
2.105,4,Aug 20 2023 22: +0,1692565200
2.168,5,Aug 20 2023 23: +0,1692568800
2.095,2,Aug 21 2023 00: +0,1692572400
2.176,11,Aug 21 2023 02: +0,1692579600
2.163,2,Aug 21 2023 03: +0,1692583200
1.888,1,Aug 21 2023 04: +0,1692586800
1.508,2,Aug 21 2023 06: +0,1692594000
2.093,3,Aug 21 2023 07: +0,1692597600
2.159,7,Aug 21 2023 08: +0,1692601200
2.15,3,Aug 21 2023 10: +0,1692608400
2.124,1,Aug 21 2023 12: +0,1692615600
0.693,1,Aug 21 2023 13: +0,1692619200
2.145,4,Aug 21 2023 14: +0,1692622800
2.136,3,Aug 21 2023 15: +0,1692626400
2.073,2,Aug 21 2023 17: +0,1692633600
2.144,3,Aug 21 2023 18: +0,1692637200
1.706,3,Aug 21 2023 19: +0,1692640800
2.089,2,Aug 21 2023 20: +0,1692644400
1.899,3,Aug 21 2023 21: +0,1692648000
2.128,6,Aug 21 2023 22: +0,1692651600
2.058,1,Aug 21 2023 23: +0,1692655200
2.058,1,Aug 22 2023 01: +0,1692662400
2.121,3,Aug 22 2023 02: +0,1692666000
2.219,2,Aug 22 2023 03: +0,1692669600
2.121,3,Aug 22 2023 04: +0,1692673200
2.753,2,Aug 22 2023 05: +0,1692676800
2.121,7,Aug 22 2023 06: +0,1692680400
2.113,1,Aug 22 2023 09: +0,1692691200
2.155,2,Aug 22 2023 10: +0,1692694800
2.118,2,Aug 22 2023 12: +0,1692702000
2.173,1,Aug 22 2023 13: +0,1692705600
2.143,1,Aug 22 2023 14: +0,1692709200
2.143,1,Aug 22 2023 15: +0,1692712800
1.976,1,Aug 22 2023 16: +0,1692716400
2.09,9,Aug 22 2023 17: +0,1692720000
2.122,2,Aug 22 2023 18: +0,1692723600
2.151,3,Aug 22 2023 19: +0,1692727200
2.159,1,Aug 22 2023 20: +0,1692730800
2.119,1,Aug 22 2023 21: +0,1692734400
2.322,1,Aug 22 2023 23: +0,1692741600
2.16,2,Aug 23 2023 00: +0,1692745200
1.945,2,Aug 23 2023 01: +0,1692748800
2.065,1,Aug 23 2023 02: +0,1692752400
1.132,1,Aug 23 2023 04: +0,1692759600
2.033,4,Aug 23 2023 05: +0,1692763200
2.151,1,Aug 23 2023 06: +0,1692766800
1.908,1,Aug 23 2023 07: +0,1692770400
2.075,1,Aug 23 2023 09: +0,1692777600
2.158,4,Aug 23 2023 10: +0,1692781200
2.07,1,Aug 23 2023 11: +0,1692784800
2.147,2,Aug 23 2023 12: +0,1692788400
1.432,2,Aug 23 2023 13: +0,1692792000
2.166,1,Aug 23 2023 14: +0,1692795600
2.08,2,Aug 23 2023 15: +0,1692799200
2.158,8,Aug 23 2023 16: +0,1692802800
1.976,1,Aug 23 2023 19: +0,1692813600
2.124,1,Aug 23 2023 20: +0,1692817200
2.282,10,Aug 23 2023 21: +0,1692820800
2.1,1,Aug 23 2023 22: +0,1692824400
2.146,2,Aug 23 2023 23: +0,1692828000
2.068,2,Aug 24 2023 00: +0,1692831600
1.989,2,Aug 24 2023 02: +0,1692838800
2.198,10,Aug 24 2023 03: +0,1692842400
2.198,3,Aug 24 2023 04: +0,1692846000
2.222,27,Aug 24 2023 05: +0,1692849600
2.286,7,Aug 24 2023 06: +0,1692853200
2.324,1,Aug 24 2023 07: +0,1692856800
2.199,2,Aug 24 2023 08: +0,1692860400
2.376,7,Aug 24 2023 09: +0,1692864000
2.207,2,Aug 24 2023 11: +0,1692871200
2.056,2,Aug 24 2023 12: +0,1692874800
2.324,3,Aug 24 2023 13: +0,1692878400
1.598,2,Aug 24 2023 14: +0,1692882000
2.032,1,Aug 24 2023 15: +0,1692885600
2.452,2,Aug 24 2023 16: +0,1692889200
2.321,2,Aug 24 2023 17: +0,1692892800
2.23,3,Aug 24 2023 18: +0,1692896400
2.159,3,Aug 24 2023 19: +0,1692900000
2.143,3,Aug 24 2023 20: +0,1692903600
2.214,4,Aug 24 2023 21: +0,1692907200
2.22,2,Aug 24 2023 22: +0,1692910800
2.286,2,Aug 24 2023 23: +0,1692914400
2.143,1,Aug 25 2023 00: +0,1692918000
2.485,7,Aug 25 2023 01: +0,1692921600
2.018,1,Aug 25 2023 02: +0,1692925200
2.63,1,Aug 25 2023 03: +0,1692928800
2.177,1,Aug 25 2023 04: +0,1692932400
2.5,1,Aug 25 2023 05: +0,1692936000
2.326,2,Aug 25 2023 06: +0,1692939600
2.167,1,Aug 25 2023 07: +0,1692943200
3.048,1,Aug 25 2023 08: +0,1692946800
1.584,4,Aug 25 2023 09: +0,1692950400
2.181,1,Aug 25 2023 10: +0,1692954000
2.198,2,Aug 25 2023 11: +0,1692957600
2.159,1,Aug 25 2023 12: +0,1692961200
2.261,2,Aug 25 2023 13: +0,1692964800
2.571,1,Aug 25 2023 15: +0,1692972000
2.175,3,Aug 25 2023 16: +0,1692975600
2.381,5,Aug 25 2023 17: +0,1692979200
2.424,5,Aug 25 2023 19: +0,1692986400
2.325,7,Aug 25 2023 20: +0,1692990000
2.532,1,Aug 25 2023 21: +0,1692993600
2.179,1,Aug 25 2023 22: +0,1692997200
2.575,4,Aug 25 2023 23: +0,1693000800
2.381,3,Aug 26 2023 00: +0,1693004400
2.123,2,Aug 26 2023 03: +0,1693015200
2.582,1,Aug 26 2023 05: +0,1693022400
2.18,1,Aug 26 2023 06: +0,1693026000
2.124,1,Aug 26 2023 07: +0,1693029600
2.188,1,Aug 26 2023 08: +0,1693033200
2.311,8,Aug 26 2023 10: +0,1693040400
1.965,2,Aug 26 2023 11: +0,1693044000
1.35,2,Aug 26 2023 13: +0,1693051200
2.272,3,Aug 26 2023 14: +0,1693054800
2.264,4,Aug 26 2023 15: +0,1693058400
0.705,3,Aug 26 2023 16: +0,1693062000
2.242,4,Aug 26 2023 18: +0,1693069200
2.254,4,Aug 26 2023 19: +0,1693072800
2.226,2,Aug 26 2023 20: +0,1693076400
2.214,1,Aug 26 2023 21: +0,1693080000
2.246,3,Aug 26 2023 22: +0,1693083600
2.571,10,Aug 26 2023 23: +0,1693087200
2.579,28,Aug 27 2023 00: +0,1693090800
2.349,2,Aug 27 2023 01: +0,1693094400
1.587,1,Aug 27 2023 02: +0,1693098000
2.602,3,Aug 27 2023 03: +0,1693101600
2.873,2,Aug 27 2023 05: +0,1693108800
2.04,1,Aug 27 2023 06: +0,1693112400
2.679,2,Aug 27 2023 07: +0,1693116000
2.27,2,Aug 27 2023 09: +0,1693123200
2.076,3,Aug 27 2023 11: +0,1693130400
2.321,2,Aug 27 2023 12: +0,1693134000
2.238,5,Aug 27 2023 13: +0,1693137600
2.246,3,Aug 27 2023 14: +0,1693141200
2.21,8,Aug 27 2023 15: +0,1693144800
2.159,3,Aug 27 2023 16: +0,1693148400
2.382,6,Aug 27 2023 18: +0,1693155600
2.429,3,Aug 27 2023 19: +0,1693159200
2.357,2,Aug 27 2023 20: +0,1693162800
2.254,2,Aug 27 2023 22: +0,1693170000
2.494,2,Aug 27 2023 23: +0,1693173600
2.317,1,Aug 28 2023 02: +0,1693184400
2.302,1,Aug 28 2023 03: +0,1693188000
2.317,1,Aug 28 2023 05: +0,1693195200
2.349,2,Aug 28 2023 06: +0,1693198800
2.375,1,Aug 28 2023 08: +0,1693206000
2.397,2,Aug 28 2023 09: +0,1693209600
2.375,1,Aug 28 2023 10: +0,1693213200
2.317,1,Aug 28 2023 11: +0,1693216800
2.366,3,Aug 28 2023 12: +0,1693220400
1.55,2,Aug 28 2023 14: +0,1693227600
2.334,1,Aug 28 2023 15: +0,1693231200
2.151,2,Aug 28 2023 16: +0,1693234800
2.439,14,Aug 28 2023 17: +0,1693238400
2.271,1,Aug 28 2023 18: +0,1693242000
2.36,7,Aug 28 2023 19: +0,1693245600
2.342,2,Aug 28 2023 20: +0,1693249200
2.308,6,Aug 28 2023 21: +0,1693252800
2.144,1,Aug 28 2023 22: +0,1693256400
2.294,1,Aug 28 2023 23: +0,1693260000
2.222,2,Aug 29 2023 00: +0,1693263600
2.339,2,Aug 29 2023 01: +0,1693267200
2.424,2,Aug 29 2023 02: +0,1693270800
2.348,1,Aug 29 2023 03: +0,1693274400
2.144,3,Aug 29 2023 04: +0,1693278000
2.348,1,Aug 29 2023 05: +0,1693281600
2.348,1,Aug 29 2023 06: +0,1693285200
2.405,3,Aug 29 2023 08: +0,1693292400
2.295,3,Aug 29 2023 10: +0,1693299600
2.283,2,Aug 29 2023 11: +0,1693303200
2.144,1,Aug 29 2023 12: +0,1693306800
2.529,2,Aug 29 2023 13: +0,1693310400
2.231,3,Aug 29 2023 14: +0,1693314000
2.265,1,Aug 29 2023 15: +0,1693317600
0.823,4,Aug 29 2023 16: +0,1693321200
2.299,3,Aug 29 2023 17: +0,1693324800
2.287,3,Aug 29 2023 19: +0,1693332000
2.231,4,Aug 29 2023 20: +0,1693335600
2.279,3,Aug 29 2023 21: +0,1693339200
2.337,3,Aug 29 2023 22: +0,1693342800
1.468,3,Aug 29 2023 23: +0,1693346400
2.224,3,Aug 30 2023 00: +0,1693350000
2.267,2,Aug 30 2023 02: +0,1693357200
2.063,2,Aug 30 2023 03: +0,1693360800
2.239,1,Aug 30 2023 04: +0,1693364400
2.247,3,Aug 30 2023 05: +0,1693368000
2.117,1,Aug 30 2023 06: +0,1693371600
2.045,1,Aug 30 2023 09: +0,1693382400
2.031,2,Aug 30 2023 10: +0,1693386000
2.318,3,Aug 30 2023 12: +0,1693393200
2.142,4,Aug 30 2023 13: +0,1693396800
2.323,3,Aug 30 2023 14: +0,1693400400
2.297,3,Aug 30 2023 15: +0,1693404000
2.297,4,Aug 30 2023 16: +0,1693407600
2.362,2,Aug 30 2023 17: +0,1693411200
2.281,2,Aug 30 2023 18: +0,1693414800
2.306,2,Aug 30 2023 19: +0,1693418400
2.119,1,Aug 30 2023 20: +0,1693422000
2.213,2,Aug 30 2023 21: +0,1693425600
2.32,9,Aug 30 2023 22: +0,1693429200
2.302,4,Aug 30 2023 23: +0,1693432800
3.028,2,Aug 31 2023 00: +0,1693436400
2.312,1,Aug 31 2023 02: +0,1693443600
1.508,2,Aug 31 2023 03: +0,1693447200
2.273,2,Aug 31 2023 05: +0,1693454400
2.33,4,Aug 31 2023 06: +0,1693458000
2.326,3,Aug 31 2023 07: +0,1693461600
1.567,2,Aug 31 2023 08: +0,1693465200
2.311,4,Aug 31 2023 09: +0,1693468800
1.832,2,Aug 31 2023 10: +0,1693472400
2.311,1,Aug 31 2023 11: +0,1693476000
2.31,15,Aug 31 2023 12: +0,1693479600
2.302,4,Aug 31 2023 13: +0,1693483200
2.147,2,Aug 31 2023 14: +0,1693486800
2.203,4,Aug 31 2023 15: +0,1693490400
2.295,2,Aug 31 2023 16: +0,1693494000
1.716,1,Aug 31 2023 17: +0,1693497600
2.189,2,Aug 31 2023 18: +0,1693501200
2.217,13,Aug 31 2023 19: +0,1693504800
2.209,3,Aug 31 2023 20: +0,1693508400
2.222,2,Aug 31 2023 21: +0,1693512000
2.217,1,Aug 31 2023 22: +0,1693515600
1.968,1,Aug 31 2023 23: +0,1693519200
2.2,1,Sep 01 2023 00: +0,1693522800
0.799,1,Sep 01 2023 01: +0,1693526400
2.073,3,Sep 01 2023 04: +0,1693537200
2.105,1,Sep 01 2023 05: +0,1693540800
2.294,7,Sep 01 2023 06: +0,1693544400
2.058,1,Sep 01 2023 08: +0,1693551600
2.028,1,Sep 01 2023 10: +0,1693558800
2.294,1,Sep 01 2023 11: +0,1693562400
2.271,2,Sep 01 2023 12: +0,1693566000
2.156,2,Sep 01 2023 13: +0,1693569600
1.452,2,Sep 01 2023 17: +0,1693584000
2.208,5,Sep 01 2023 18: +0,1693587600
2.293,8,Sep 01 2023 19: +0,1693591200
2.105,5,Sep 01 2023 20: +0,1693594800
2.239,2,Sep 01 2023 21: +0,1693598400
2.208,5,Sep 01 2023 22: +0,1693602000
2.231,3,Sep 01 2023 23: +0,1693605600
2.019,1,Sep 02 2023 00: +0,1693609200
1.741,3,Sep 02 2023 03: +0,1693620000
2.253,2,Sep 02 2023 04: +0,1693623600
1.424,2,Sep 02 2023 05: +0,1693627200
2.247,4,Sep 02 2023 06: +0,1693630800
2.141,1,Sep 02 2023 07: +0,1693634400
2.098,1,Sep 02 2023 08: +0,1693638000
2.263,4,Sep 02 2023 09: +0,1693641600
2.261,1,Sep 02 2023 10: +0,1693645200
2.219,2,Sep 02 2023 11: +0,1693648800
2.203,3,Sep 02 2023 12: +0,1693652400
1.97,1,Sep 02 2023 13: +0,1693656000
2.301,1,Sep 02 2023 14: +0,1693659600
2.263,1,Sep 02 2023 15: +0,1693663200
1.993,2,Sep 02 2023 16: +0,1693666800
2.227,3,Sep 02 2023 17: +0,1693670400
2.155,4,Sep 02 2023 18: +0,1693674000
2.305,3,Sep 02 2023 19: +0,1693677600
2.261,3,Sep 02 2023 20: +0,1693681200
2.285,7,Sep 02 2023 21: +0,1693684800
2.295,9,Sep 02 2023 22: +0,1693688400
2.168,4,Sep 02 2023 23: +0,1693692000
2.285,1,Sep 03 2023 00: +0,1693695600
2.216,3,Sep 03 2023 01: +0,1693699200
2.006,4,Sep 03 2023 02: +0,1693702800
2.263,1,Sep 03 2023 03: +0,1693706400
2.263,4,Sep 03 2023 04: +0,1693710000
2.285,1,Sep 03 2023 05: +0,1693713600
2.263,1,Sep 03 2023 06: +0,1693717200
2.209,2,Sep 03 2023 07: +0,1693720800
2.141,1,Sep 03 2023 08: +0,1693724400
2.247,2,Sep 03 2023 09: +0,1693728000
2.295,11,Sep 03 2023 11: +0,1693735200
2.312,1,Sep 03 2023 12: +0,1693738800
2.295,5,Sep 03 2023 16: +0,1693753200
2.303,4,Sep 03 2023 17: +0,1693756800
2.299,6,Sep 03 2023 18: +0,1693760400
2.304,1,Sep 03 2023 19: +0,1693764000
2.261,3,Sep 03 2023 20: +0,1693767600
2.142,2,Sep 03 2023 21: +0,1693771200
2.295,3,Sep 03 2023 22: +0,1693774800
1.568,2,Sep 03 2023 23: +0,1693778400
1.542,2,Sep 04 2023 01: +0,1693785600
2.295,3,Sep 04 2023 02: +0,1693789200
1.446,2,Sep 04 2023 03: +0,1693792800
2.31,10,Sep 04 2023 04: +0,1693796400
2.295,1,Sep 04 2023 05: +0,1693800000
1.97,3,Sep 04 2023 06: +0,1693803600
2.316,3,Sep 04 2023 07: +0,1693807200
2.31,2,Sep 04 2023 08: +0,1693810800
2.342,7,Sep 04 2023 09: +0,1693814400
2.287,2,Sep 04 2023 10: +0,1693818000
0.81,1,Sep 04 2023 11: +0,1693821600
2.269,2,Sep 04 2023 13: +0,1693828800
2.342,5,Sep 04 2023 14: +0,1693832400
2.354,1,Sep 04 2023 15: +0,1693836000
2.352,3,Sep 04 2023 16: +0,1693839600
2.342,12,Sep 04 2023 17: +0,1693843200
2.294,3,Sep 04 2023 18: +0,1693846800
2.319,4,Sep 04 2023 19: +0,1693850400
2.294,3,Sep 04 2023 20: +0,1693854000
2.339,2,Sep 04 2023 21: +0,1693857600
2.35,1,Sep 04 2023 22: +0,1693861200
2.343,1,Sep 05 2023 00: +0,1693868400
2.32,3,Sep 05 2023 01: +0,1693872000
2.351,4,Sep 05 2023 02: +0,1693875600
0.866,1,Sep 05 2023 04: +0,1693882800
2.358,3,Sep 05 2023 05: +0,1693886400
2.313,1,Sep 05 2023 06: +0,1693890000
2.725,1,Sep 05 2023 07: +0,1693893600
2.34,3,Sep 05 2023 08: +0,1693897200
2.342,8,Sep 05 2023 09: +0,1693900800
2.286,2,Sep 05 2023 10: +0,1693904400
2.173,3,Sep 05 2023 11: +0,1693908000
1.586,2,Sep 05 2023 12: +0,1693911600
2.488,2,Sep 05 2023 13: +0,1693915200
2.358,1,Sep 05 2023 14: +0,1693918800
2.546,2,Sep 05 2023 15: +0,1693922400
2.338,2,Sep 05 2023 16: +0,1693926000
2.37,4,Sep 05 2023 17: +0,1693929600
2.144,2,Sep 05 2023 18: +0,1693933200
2.334,6,Sep 05 2023 19: +0,1693936800
2.34,2,Sep 05 2023 20: +0,1693940400
2.331,18,Sep 05 2023 21: +0,1693944000
2.463,3,Sep 05 2023 22: +0,1693947600
2.334,5,Sep 05 2023 23: +0,1693951200
2.352,1,Sep 06 2023 00: +0,1693954800
2.18,4,Sep 06 2023 01: +0,1693958400
2.3,2,Sep 06 2023 04: +0,1693969200
2.352,1,Sep 06 2023 05: +0,1693972800
2.344,3,Sep 06 2023 06: +0,1693976400
1.525,2,Sep 06 2023 07: +0,1693980000
2.315,6,Sep 06 2023 08: +0,1693983600
2.351,3,Sep 06 2023 09: +0,1693987200
2.323,1,Sep 06 2023 10: +0,1693990800
2.355,3,Sep 06 2023 11: +0,1693994400
2.344,3,Sep 06 2023 12: +0,1693998000
2.306,1,Sep 06 2023 13: +0,1694001600
2.354,8,Sep 06 2023 14: +0,1694005200
2.334,2,Sep 06 2023 15: +0,1694008800
2.36,16,Sep 06 2023 16: +0,1694012400
2.332,5,Sep 06 2023 17: +0,1694016000
2.08,4,Sep 06 2023 18: +0,1694019600
2.344,3,Sep 06 2023 19: +0,1694023200
2.329,7,Sep 06 2023 20: +0,1694026800
2.343,4,Sep 06 2023 21: +0,1694030400
2.318,6,Sep 06 2023 22: +0,1694034000
2.322,1,Sep 06 2023 23: +0,1694037600
2.328,2,Sep 07 2023 00: +0,1694041200
2.322,3,Sep 07 2023 02: +0,1694048400
2.334,4,Sep 07 2023 03: +0,1694052000
2.334,3,Sep 07 2023 04: +0,1694055600
2.208,2,Sep 07 2023 05: +0,1694059200
0.03,1,Sep 07 2023 06: +0,1694062800
2.197,3,Sep 07 2023 08: +0,1694070000
2.133,2,Sep 07 2023 09: +0,1694073600
2.294,2,Sep 07 2023 10: +0,1694077200
2.322,1,Sep 07 2023 11: +0,1694080800
1.593,2,Sep 07 2023 13: +0,1694088000
2.34,8,Sep 07 2023 14: +0,1694091600
2.594,2,Sep 07 2023 15: +0,1694095200
2.442,4,Sep 07 2023 16: +0,1694098800
2.43,2,Sep 07 2023 17: +0,1694102400
2.322,5,Sep 07 2023 18: +0,1694106000
2.414,1,Sep 07 2023 19: +0,1694109600
2.591,3,Sep 07 2023 20: +0,1694113200
2.599,2,Sep 07 2023 21: +0,1694116800
2.414,1,Sep 07 2023 22: +0,1694120400
2.502,1,Sep 08 2023 00: +0,1694127600
2.615,2,Sep 08 2023 01: +0,1694131200
2.357,2,Sep 08 2023 02: +0,1694134800
2.34,2,Sep 08 2023 03: +0,1694138400
2.405,1,Sep 08 2023 04: +0,1694142000
2.285,2,Sep 08 2023 06: +0,1694149200
2.354,2,Sep 08 2023 07: +0,1694152800
2.877,2,Sep 08 2023 08: +0,1694156400
2.449,2,Sep 08 2023 09: +0,1694160000
2.382,2,Sep 08 2023 10: +0,1694163600
2.35,1,Sep 08 2023 12: +0,1694170800
2.027,3,Sep 08 2023 13: +0,1694174400
2.189,3,Sep 08 2023 14: +0,1694178000
2.321,2,Sep 08 2023 15: +0,1694181600
2.337,3,Sep 08 2023 16: +0,1694185200
2.388,4,Sep 08 2023 17: +0,1694188800
2.415,2,Sep 08 2023 18: +0,1694192400
2.46,2,Sep 08 2023 19: +0,1694196000
2.305,6,Sep 08 2023 20: +0,1694199600
2.375,2,Sep 08 2023 21: +0,1694203200
2.573,13,Sep 08 2023 22: +0,1694206800
2.461,6,Sep 08 2023 23: +0,1694210400
2.396,1,Sep 09 2023 01: +0,1694217600
2.4,1,Sep 09 2023 04: +0,1694228400
2.396,1,Sep 09 2023 05: +0,1694232000
2.421,2,Sep 09 2023 06: +0,1694235600
2.478,1,Sep 09 2023 10: +0,1694250000
2.322,2,Sep 09 2023 12: +0,1694257200
2.215,1,Sep 09 2023 13: +0,1694260800
2.476,2,Sep 09 2023 14: +0,1694264400
2.206,2,Sep 09 2023 15: +0,1694268000
2.516,5,Sep 09 2023 16: +0,1694271600
2.409,5,Sep 09 2023 18: +0,1694278800
2.396,7,Sep 09 2023 20: +0,1694286000
2.258,1,Sep 09 2023 21: +0,1694289600
2.093,4,Sep 09 2023 22: +0,1694293200
2.439,3,Sep 09 2023 23: +0,1694296800
2.567,4,Sep 10 2023 00: +0,1694300400
2.479,2,Sep 10 2023 01: +0,1694304000
2.413,1,Sep 10 2023 02: +0,1694307600
2.399,4,Sep 10 2023 03: +0,1694311200
2.415,3,Sep 10 2023 05: +0,1694318400
2.438,1,Sep 10 2023 06: +0,1694322000
2.507,4,Sep 10 2023 07: +0,1694325600
2.447,1,Sep 10 2023 08: +0,1694329200
0.741,1,Sep 10 2023 09: +0,1694332800
2.551,5,Sep 10 2023 10: +0,1694336400
2.434,2,Sep 10 2023 11: +0,1694340000
2.712,1,Sep 10 2023 12: +0,1694343600
2.425,3,Sep 10 2023 13: +0,1694347200
2.565,9,Sep 10 2023 14: +0,1694350800
2.422,5,Sep 10 2023 15: +0,1694354400
2.559,5,Sep 10 2023 16: +0,1694358000
2.594,8,Sep 10 2023 17: +0,1694361600
2.124,1,Sep 10 2023 18: +0,1694365200
2.551,1,Sep 10 2023 19: +0,1694368800
2.266,4,Sep 10 2023 20: +0,1694372400
1.99,4,Sep 10 2023 21: +0,1694376000
2.567,3,Sep 10 2023 22: +0,1694379600
2.611,10,Sep 10 2023 23: +0,1694383200
2.515,4,Sep 11 2023 01: +0,1694390400
2.495,2,Sep 11 2023 02: +0,1694394000
4.022,6,Sep 11 2023 03: +0,1694397600
2.567,3,Sep 11 2023 05: +0,1694404800
2.531,1,Sep 11 2023 06: +0,1694408400
2.18,1,Sep 11 2023 07: +0,1694412000
2.324,2,Sep 11 2023 09: +0,1694419200
2.605,12,Sep 11 2023 11: +0,1694426400
2.605,1,Sep 11 2023 12: +0,1694430000
2.422,4,Sep 11 2023 14: +0,1694437200
2.542,3,Sep 11 2023 15: +0,1694440800
2.451,3,Sep 11 2023 16: +0,1694444400
2.473,1,Sep 11 2023 17: +0,1694448000
2.535,3,Sep 11 2023 18: +0,1694451600
2.609,10,Sep 11 2023 19: +0,1694455200
1.625,2,Sep 11 2023 20: +0,1694458800
2.027,1,Sep 11 2023 21: +0,1694462400
2.422,1,Sep 11 2023 22: +0,1694466000
2.599,2,Sep 12 2023 01: +0,1694476800
2.567,1,Sep 12 2023 02: +0,1694480400
3.026,1,Sep 12 2023 03: +0,1694484000
2.341,1,Sep 12 2023 04: +0,1694487600
2.282,1,Sep 12 2023 05: +0,1694491200
2.204,1,Sep 12 2023 07: +0,1694498400
2.591,7,Sep 12 2023 08: +0,1694502000
0.842,1,Sep 12 2023 09: +0,1694505600
2.362,2,Sep 12 2023 10: +0,1694509200
2.149,3,Sep 12 2023 12: +0,1694516400
2.591,1,Sep 12 2023 13: +0,1694520000
3.289,2,Sep 12 2023 14: +0,1694523600
2.266,1,Sep 12 2023 15: +0,1694527200
2.349,4,Sep 12 2023 16: +0,1694530800
2.392,4,Sep 12 2023 17: +0,1694534400
2.028,3,Sep 12 2023 18: +0,1694538000
2.465,4,Sep 12 2023 19: +0,1694541600
1.534,2,Sep 12 2023 20: +0,1694545200
2.236,1,Sep 12 2023 21: +0,1694548800
2.615,3,Sep 12 2023 22: +0,1694552400
2.457,1,Sep 12 2023 23: +0,1694556000
2.499,6,Sep 13 2023 02: +0,1694566800
2.457,1,Sep 13 2023 03: +0,1694570400
2.507,2,Sep 13 2023 04: +0,1694574000
2.604,4,Sep 13 2023 05: +0,1694577600
2.482,4,Sep 13 2023 06: +0,1694581200
2.331,4,Sep 13 2023 07: +0,1694584800
2.469,1,Sep 13 2023 08: +0,1694588400
2.414,1,Sep 13 2023 09: +0,1694592000
2.149,3,Sep 13 2023 10: +0,1694595600
2.5,2,Sep 13 2023 11: +0,1694599200
2.53,4,Sep 13 2023 12: +0,1694602800
2.316,3,Sep 13 2023 13: +0,1694606400
2.552,1,Sep 13 2023 14: +0,1694610000
2.204,5,Sep 13 2023 15: +0,1694613600
2.523,2,Sep 13 2023 16: +0,1694617200
2.457,3,Sep 13 2023 17: +0,1694620800
2.578,3,Sep 13 2023 18: +0,1694624400
2.567,1,Sep 13 2023 19: +0,1694628000
2.577,7,Sep 13 2023 20: +0,1694631600
2.272,3,Sep 13 2023 21: +0,1694635200
2.415,7,Sep 13 2023 22: +0,1694638800
2.29,1,Sep 13 2023 23: +0,1694642400
2.551,1,Sep 14 2023 01: +0,1694649600
2.543,1,Sep 14 2023 03: +0,1694656800
2.515,2,Sep 14 2023 05: +0,1694664000
2.471,1,Sep 14 2023 07: +0,1694671200
2.471,3,Sep 14 2023 08: +0,1694674800
2.605,3,Sep 14 2023 09: +0,1694678400
2.471,1,Sep 14 2023 10: +0,1694682000
2.479,1,Sep 14 2023 13: +0,1694692800
2.604,16,Sep 14 2023 14: +0,1694696400
2.531,2,Sep 14 2023 15: +0,1694700000
2.405,2,Sep 14 2023 16: +0,1694703600
2.879,2,Sep 14 2023 17: +0,1694707200
2.607,3,Sep 14 2023 18: +0,1694710800
2.405,6,Sep 14 2023 19: +0,1694714400
2.471,3,Sep 14 2023 20: +0,1694718000
2.509,4,Sep 14 2023 21: +0,1694721600
2.374,2,Sep 14 2023 22: +0,1694725200
2.471,2,Sep 14 2023 23: +0,1694728800
2.499,1,Sep 15 2023 01: +0,1694736000
2.519,1,Sep 15 2023 04: +0,1694746800
2.519,1,Sep 15 2023 05: +0,1694750400
0.895,1,Sep 15 2023 08: +0,1694761200
2.456,1,Sep 15 2023 10: +0,1694768400
2.48,1,Sep 15 2023 11: +0,1694772000
2.488,1,Sep 15 2023 12: +0,1694775600
2.48,3,Sep 15 2023 13: +0,1694779200
2.484,12,Sep 15 2023 14: +0,1694782800
2.488,3,Sep 15 2023 15: +0,1694786400
2.372,4,Sep 15 2023 16: +0,1694790000
2.603,4,Sep 15 2023 17: +0,1694793600
2.484,2,Sep 15 2023 18: +0,1694797200
2.543,2,Sep 15 2023 19: +0,1694800800
2.417,3,Sep 15 2023 20: +0,1694804400
2.567,2,Sep 15 2023 21: +0,1694808000
0.82,5,Sep 15 2023 22: +0,1694811600
2.557,2,Sep 15 2023 23: +0,1694815200
2.385,2,Sep 16 2023 00: +0,1694818800
2.579,3,Sep 16 2023 01: +0,1694822400
2.613,3,Sep 16 2023 02: +0,1694826000
2.415,3,Sep 16 2023 03: +0,1694829600
2.535,2,Sep 16 2023 05: +0,1694836800
2.5,1,Sep 16 2023 06: +0,1694840400
2.549,2,Sep 16 2023 07: +0,1694844000
2.517,3,Sep 16 2023 08: +0,1694847600
2.415,3,Sep 16 2023 09: +0,1694851200
1.701,4,Sep 16 2023 10: +0,1694854800
2.92,1,Sep 16 2023 11: +0,1694858400
2.406,3,Sep 16 2023 12: +0,1694862000
2.516,4,Sep 16 2023 13: +0,1694865600
2.322,1,Sep 16 2023 14: +0,1694869200
2.584,4,Sep 16 2023 15: +0,1694872800
2.599,7,Sep 16 2023 17: +0,1694880000
2.605,1,Sep 16 2023 18: +0,1694883600
2.544,2,Sep 16 2023 19: +0,1694887200
2.42,5,Sep 16 2023 20: +0,1694890800
2.246,2,Sep 16 2023 21: +0,1694894400
2.801,3,Sep 16 2023 22: +0,1694898000
2.388,5,Sep 16 2023 23: +0,1694901600
2.384,2,Sep 17 2023 00: +0,1694905200
2.332,1,Sep 17 2023 01: +0,1694908800
2.551,4,Sep 17 2023 02: +0,1694912400
2.388,3,Sep 17 2023 06: +0,1694926800
2.388,4,Sep 17 2023 07: +0,1694930400
2.56,2,Sep 17 2023 08: +0,1694934000
3.317,1,Sep 17 2023 09: +0,1694937600
2.597,3,Sep 17 2023 10: +0,1694941200
2.541,1,Sep 17 2023 11: +0,1694944800
2.344,2,Sep 17 2023 12: +0,1694948400
2.406,2,Sep 17 2023 13: +0,1694952000
2.367,2,Sep 17 2023 15: +0,1694959200
2.34,1,Sep 17 2023 16: +0,1694962800
2.406,1,Sep 17 2023 17: +0,1694966400
2.412,1,Sep 17 2023 18: +0,1694970000
2.613,2,Sep 17 2023 19: +0,1694973600
2.564,3,Sep 17 2023 20: +0,1694977200
2.614,1,Sep 17 2023 21: +0,1694980800
2.553,1,Sep 18 2023 00: +0,1694991600
2.509,2,Sep 18 2023 01: +0,1694995200
2.565,3,Sep 18 2023 03: +0,1695002400
2.573,1,Sep 18 2023 04: +0,1695006000
2.498,2,Sep 18 2023 05: +0,1695009600
1.686,2,Sep 18 2023 06: +0,1695013200
2.415,1,Sep 18 2023 08: +0,1695020400
2.506,2,Sep 18 2023 09: +0,1695024000
2.615,2,Sep 18 2023 10: +0,1695027600
2.394,2,Sep 18 2023 11: +0,1695031200
2.501,1,Sep 18 2023 12: +0,1695034800
2.485,2,Sep 18 2023 13: +0,1695038400
2.446,2,Sep 18 2023 15: +0,1695045600
2.919,1,Sep 18 2023 17: +0,1695052800
2.622,5,Sep 18 2023 18: +0,1695056400
2.247,2,Sep 18 2023 19: +0,1695060000
2.424,1,Sep 18 2023 20: +0,1695063600
2.461,3,Sep 18 2023 21: +0,1695067200
2.074,3,Sep 18 2023 22: +0,1695070800
2.563,2,Sep 19 2023 00: +0,1695078000
2.565,1,Sep 19 2023 01: +0,1695081600
2.68,1,Sep 19 2023 02: +0,1695085200
2.468,1,Sep 19 2023 03: +0,1695088800
2.482,4,Sep 19 2023 04: +0,1695092400
2.196,1,Sep 19 2023 05: +0,1695096000
2.546,2,Sep 19 2023 06: +0,1695099600
2.553,2,Sep 19 2023 07: +0,1695103200
2.645,2,Sep 19 2023 08: +0,1695106800
2.56,2,Sep 19 2023 10: +0,1695114000
2.45,3,Sep 19 2023 11: +0,1695117600
2.472,2,Sep 19 2023 12: +0,1695121200
2.388,4,Sep 19 2023 13: +0,1695124800
2.412,4,Sep 19 2023 14: +0,1695128400
2.517,4,Sep 19 2023 15: +0,1695132000
2.491,3,Sep 19 2023 16: +0,1695135600
2.53,4,Sep 19 2023 18: +0,1695142800
2.502,3,Sep 19 2023 19: +0,1695146400
2.516,1,Sep 19 2023 20: +0,1695150000
2.557,1,Sep 19 2023 21: +0,1695153600
2.504,4,Sep 19 2023 22: +0,1695157200
2.422,2,Sep 19 2023 23: +0,1695160800
2.552,2,Sep 20 2023 00: +0,1695164400
2.59,7,Sep 20 2023 01: +0,1695168000
2.531,1,Sep 20 2023 03: +0,1695175200
2.531,4,Sep 20 2023 04: +0,1695178800
2.54,3,Sep 20 2023 05: +0,1695182400
2.635,4,Sep 20 2023 07: +0,1695189600
2.762,2,Sep 20 2023 08: +0,1695193200
2.531,1,Sep 20 2023 09: +0,1695196800
2.647,1,Sep 20 2023 10: +0,1695200400
3.867,1,Sep 20 2023 11: +0,1695204000
2.233,2,Sep 20 2023 12: +0,1695207600
2.542,2,Sep 20 2023 14: +0,1695214800
2.583,2,Sep 20 2023 15: +0,1695218400
2.575,3,Sep 20 2023 17: +0,1695225600
2.557,3,Sep 20 2023 18: +0,1695229200
2.591,1,Sep 20 2023 19: +0,1695232800
2.308,2,Sep 20 2023 20: +0,1695236400
2.51,2,Sep 20 2023 21: +0,1695240000
2.545,1,Sep 20 2023 22: +0,1695243600
2.354,1,Sep 20 2023 23: +0,1695247200
2.614,3,Sep 21 2023 00: +0,1695250800
2.459,3,Sep 21 2023 01: +0,1695254400
2.22,1,Sep 21 2023 03: +0,1695261600
2.545,1,Sep 21 2023 04: +0,1695265200
2.508,2,Sep 21 2023 05: +0,1695268800
2.926,2,Sep 21 2023 07: +0,1695276000
4.404,1,Sep 21 2023 08: +0,1695279600
2.545,2,Sep 21 2023 11: +0,1695290400
2.426,2,Sep 21 2023 12: +0,1695294000
2.569,4,Sep 21 2023 13: +0,1695297600
2.508,3,Sep 21 2023 14: +0,1695301200
2.624,1,Sep 21 2023 15: +0,1695304800
2.536,1,Sep 21 2023 16: +0,1695308400
2.519,1,Sep 21 2023 17: +0,1695312000
2.413,2,Sep 21 2023 19: +0,1695319200
2.327,3,Sep 21 2023 20: +0,1695322800
2.5,3,Sep 21 2023 22: +0,1695330000
2.528,2,Sep 21 2023 23: +0,1695333600
2.576,1,Sep 22 2023 00: +0,1695337200
2.469,1,Sep 22 2023 02: +0,1695344400
2.516,2,Sep 22 2023 03: +0,1695348000
2.301,2,Sep 22 2023 06: +0,1695358800
2.524,3,Sep 22 2023 07: +0,1695362400
2.462,2,Sep 22 2023 08: +0,1695366000
2.528,1,Sep 22 2023 09: +0,1695369600
2.377,1,Sep 22 2023 10: +0,1695373200
2.545,3,Sep 22 2023 11: +0,1695376800
1.746,1,Sep 22 2023 14: +0,1695387600
2.519,2,Sep 22 2023 16: +0,1695394800
2.291,4,Sep 22 2023 17: +0,1695398400
2.467,3,Sep 22 2023 18: +0,1695402000
2.581,1,Sep 22 2023 19: +0,1695405600
2.77,2,Sep 22 2023 20: +0,1695409200
2.459,1,Sep 22 2023 21: +0,1695412800
2.248,4,Sep 22 2023 22: +0,1695416400
2.545,2,Sep 22 2023 23: +0,1695420000
2.573,5,Sep 23 2023 00: +0,1695423600
2.564,7,Sep 23 2023 01: +0,1695427200
2.477,3,Sep 23 2023 02: +0,1695430800
2.54,3,Sep 23 2023 06: +0,1695445200
2.455,2,Sep 23 2023 07: +0,1695448800
2.401,1,Sep 23 2023 08: +0,1695452400
2.492,3,Sep 23 2023 10: +0,1695459600
2.477,1,Sep 23 2023 11: +0,1695463200
2.54,4,Sep 23 2023 12: +0,1695466800
2.463,4,Sep 23 2023 13: +0,1695470400
2.393,1,Sep 23 2023 14: +0,1695474000
2.476,4,Sep 23 2023 15: +0,1695477600
2.426,6,Sep 23 2023 16: +0,1695481200
2.45,1,Sep 23 2023 17: +0,1695484800
2.512,4,Sep 23 2023 18: +0,1695488400
2.426,5,Sep 23 2023 19: +0,1695492000
2.503,8,Sep 23 2023 20: +0,1695495600
2.499,2,Sep 23 2023 22: +0,1695502800
2.192,2,Sep 23 2023 23: +0,1695506400
2.549,1,Sep 24 2023 00: +0,1695510000
1.619,2,Sep 24 2023 01: +0,1695513600
2.481,2,Sep 24 2023 02: +0,1695517200
3.016,1,Sep 24 2023 03: +0,1695520800
2.549,5,Sep 24 2023 04: +0,1695524400
2.491,3,Sep 24 2023 05: +0,1695528000
2.587,1,Sep 24 2023 07: +0,1695535200
2.516,2,Sep 24 2023 08: +0,1695538800
2.524,1,Sep 24 2023 09: +0,1695542400
2.59,3,Sep 24 2023 10: +0,1695546000
2.454,3,Sep 24 2023 11: +0,1695549600
1.653,2,Sep 24 2023 12: +0,1695553200
2.368,2,Sep 24 2023 13: +0,1695556800
2.507,2,Sep 24 2023 14: +0,1695560400
2.451,3,Sep 24 2023 16: +0,1695567600
2.544,1,Sep 24 2023 18: +0,1695574800
2.451,3,Sep 24 2023 19: +0,1695578400
2.537,1,Sep 24 2023 20: +0,1695582000
2.51,2,Sep 24 2023 21: +0,1695585600
2.453,1,Sep 24 2023 22: +0,1695589200
2.475,2,Sep 24 2023 23: +0,1695592800
2.196,1,Sep 25 2023 00: +0,1695596400
3.018,2,Sep 25 2023 01: +0,1695600000
2.409,1,Sep 25 2023 03: +0,1695607200
2.54,1,Sep 25 2023 04: +0,1695610800
2.336,1,Sep 25 2023 06: +0,1695618000
2.537,1,Sep 25 2023 07: +0,1695621600
2.545,1,Sep 25 2023 08: +0,1695625200
2.529,7,Sep 25 2023 09: +0,1695628800
2.544,2,Sep 25 2023 11: +0,1695636000
2.597,1,Sep 25 2023 12: +0,1695639600
2.513,2,Sep 25 2023 13: +0,1695643200
2.5,2,Sep 25 2023 14: +0,1695646800
2.459,1,Sep 25 2023 16: +0,1695654000
2.495,2,Sep 25 2023 18: +0,1695661200
2.006,3,Sep 25 2023 19: +0,1695664800
2.432,2,Sep 25 2023 20: +0,1695668400
2.554,4,Sep 25 2023 21: +0,1695672000
2.46,3,Sep 26 2023 00: +0,1695682800
3.088,2,Sep 26 2023 01: +0,1695686400
2.49,1,Sep 26 2023 02: +0,1695690000
2.581,1,Sep 26 2023 03: +0,1695693600
2.581,1,Sep 26 2023 04: +0,1695697200
0.72,1,Sep 26 2023 06: +0,1695704400
2.516,1,Sep 26 2023 07: +0,1695708000
2.571,2,Sep 26 2023 08: +0,1695711600
2.456,2,Sep 26 2023 09: +0,1695715200
2.584,1,Sep 26 2023 10: +0,1695718800
2.445,1,Sep 26 2023 11: +0,1695722400
2.445,1,Sep 26 2023 12: +0,1695726000
2.484,2,Sep 26 2023 14: +0,1695733200
2.573,1,Sep 26 2023 15: +0,1695736800
2.614,1,Sep 26 2023 16: +0,1695740400
2.585,5,Sep 26 2023 17: +0,1695744000
2.516,2,Sep 26 2023 18: +0,1695747600
2.475,3,Sep 26 2023 19: +0,1695751200
2.467,3,Sep 26 2023 20: +0,1695754800
2.447,4,Sep 26 2023 21: +0,1695758400
2.464,1,Sep 26 2023 23: +0,1695765600
2.297,1,Sep 27 2023 00: +0,1695769200
2.319,2,Sep 27 2023 01: +0,1695772800
2.48,1,Sep 27 2023 02: +0,1695776400
2.296,1,Sep 27 2023 04: +0,1695783600
2.472,3,Sep 27 2023 05: +0,1695787200
3.462,1,Sep 27 2023 06: +0,1695790800
2.221,1,Sep 27 2023 07: +0,1695794400
2.275,1,Sep 27 2023 10: +0,1695805200
2.342,1,Sep 27 2023 11: +0,1695808800
2.421,1,Sep 27 2023 13: +0,1695816000
2.101,2,Sep 27 2023 16: +0,1695826800
2.435,3,Sep 27 2023 17: +0,1695830400
2.433,3,Sep 27 2023 18: +0,1695834000
2.406,3,Sep 27 2023 19: +0,1695837600
2.47,1,Sep 27 2023 20: +0,1695841200
2.349,1,Sep 27 2023 21: +0,1695844800
2.443,9,Sep 27 2023 22: +0,1695848400
2.421,9,Sep 27 2023 23: +0,1695852000
2.48,7,Sep 28 2023 00: +0,1695855600
2.507,4,Sep 28 2023 01: +0,1695859200
2.374,2,Sep 28 2023 02: +0,1695862800
2.381,3,Sep 28 2023 03: +0,1695866400
2.391,3,Sep 28 2023 04: +0,1695870000
2.513,3,Sep 28 2023 05: +0,1695873600
2.496,5,Sep 28 2023 06: +0,1695877200
2.482,2,Sep 28 2023 07: +0,1695880800
2.487,2,Sep 28 2023 08: +0,1695884400
2.537,3,Sep 28 2023 09: +0,1695888000
2.554,1,Sep 28 2023 10: +0,1695891600
2.443,7,Sep 28 2023 11: +0,1695895200
2.241,4,Sep 28 2023 12: +0,1695898800
2.453,4,Sep 28 2023 13: +0,1695902400
2.436,4,Sep 28 2023 14: +0,1695906000
2.44,4,Sep 28 2023 15: +0,1695909600
2.436,8,Sep 28 2023 16: +0,1695913200
2.351,1,Sep 28 2023 17: +0,1695916800
2.564,5,Sep 28 2023 18: +0,1695920400
2.513,10,Sep 28 2023 19: +0,1695924000
2.52,11,Sep 28 2023 20: +0,1695927600
2.489,4,Sep 28 2023 21: +0,1695931200
2.504,3,Sep 28 2023 22: +0,1695934800
2.644,5,Sep 28 2023 23: +0,1695938400
2.513,3,Sep 29 2023 00: +0,1695942000
2.537,1,Sep 29 2023 01: +0,1695945600
2.422,1,Sep 29 2023 02: +0,1695949200
2.523,2,Sep 29 2023 03: +0,1695952800
2.39,1,Sep 29 2023 04: +0,1695956400
2.537,3,Sep 29 2023 05: +0,1695960000
2.403,8,Sep 29 2023 06: +0,1695963600
2.425,7,Sep 29 2023 07: +0,1695967200
2.582,1,Sep 29 2023 09: +0,1695974400
2.57,1,Sep 29 2023 10: +0,1695978000
2.451,1,Sep 29 2023 11: +0,1695981600
2.482,1,Sep 29 2023 12: +0,1695985200
2.451,1,Sep 29 2023 13: +0,1695988800
2.48,7,Sep 29 2023 14: +0,1695992400
2.53,2,Sep 29 2023 15: +0,1695996000
2.46,4,Sep 29 2023 16: +0,1695999600
2.582,4,Sep 29 2023 17: +0,1696003200
2.524,4,Sep 29 2023 18: +0,1696006800
2.562,6,Sep 29 2023 19: +0,1696010400
1.906,5,Sep 29 2023 20: +0,1696014000
2.513,6,Sep 29 2023 21: +0,1696017600
2.108,4,Sep 29 2023 22: +0,1696021200
2.496,5,Sep 29 2023 23: +0,1696024800
2.503,3,Sep 30 2023 00: +0,1696028400
2.455,5,Sep 30 2023 01: +0,1696032000
2.519,7,Sep 30 2023 02: +0,1696035600
2.513,3,Sep 30 2023 03: +0,1696039200
2.562,2,Sep 30 2023 04: +0,1696042800
2.824,3,Sep 30 2023 05: +0,1696046400
2.502,2,Sep 30 2023 07: +0,1696053600
2.495,6,Sep 30 2023 09: +0,1696060800
2.468,2,Sep 30 2023 10: +0,1696064400
2.57,1,Sep 30 2023 11: +0,1696068000
2.546,14,Sep 30 2023 12: +0,1696071600
0.823,1,Sep 30 2023 13: +0,1696075200
2.484,2,Sep 30 2023 14: +0,1696078800
2.3,1,Sep 30 2023 15: +0,1696082400
2.343,2,Sep 30 2023 16: +0,1696086000
2.529,6,Sep 30 2023 17: +0,1696089600
2.486,6,Sep 30 2023 18: +0,1696093200
2.453,2,Sep 30 2023 19: +0,1696096800
2.484,8,Sep 30 2023 20: +0,1696100400
2.423,5,Sep 30 2023 21: +0,1696104000
2.425,9,Sep 30 2023 22: +0,1696107600
2.598,14,Sep 30 2023 23: +0,1696111200
2.406,5,Oct 01 2023 00: +0,1696114800
2.408,3,Oct 01 2023 01: +0,1696118400
2.398,2,Oct 01 2023 02: +0,1696122000
2.586,3,Oct 01 2023 03: +0,1696125600
2.799,1,Oct 01 2023 04: +0,1696129200
2.615,1,Oct 01 2023 05: +0,1696132800
2.603,1,Oct 01 2023 06: +0,1696136400
3.347,1,Oct 01 2023 07: +0,1696140000
1.915,1,Oct 01 2023 08: +0,1696143600
2.365,2,Oct 01 2023 09: +0,1696147200
2.48,1,Oct 01 2023 10: +0,1696150800
2.464,4,Oct 01 2023 11: +0,1696154400
2.382,1,Oct 01 2023 12: +0,1696158000
2.645,1,Oct 01 2023 13: +0,1696161600
2.52,4,Oct 01 2023 14: +0,1696165200
2.553,6,Oct 01 2023 15: +0,1696168800
2.464,4,Oct 01 2023 16: +0,1696172400
2.38,7,Oct 01 2023 17: +0,1696176000
2.527,4,Oct 01 2023 18: +0,1696179600
2.464,3,Oct 01 2023 19: +0,1696183200
2.421,4,Oct 01 2023 20: +0,1696186800
2.578,5,Oct 01 2023 21: +0,1696190400
2.395,2,Oct 01 2023 22: +0,1696194000
2.583,2,Oct 01 2023 23: +0,1696197600
3.207,4,Oct 02 2023 00: +0,1696201200
2.603,3,Oct 02 2023 01: +0,1696204800
2.423,3,Oct 02 2023 02: +0,1696208400
2.656,2,Oct 02 2023 03: +0,1696212000
2.423,3,Oct 02 2023 04: +0,1696215600
2.455,4,Oct 02 2023 05: +0,1696219200
2.295,1,Oct 02 2023 06: +0,1696222800
2.423,3,Oct 02 2023 07: +0,1696226400
2.425,1,Oct 02 2023 08: +0,1696230000
2.421,4,Oct 02 2023 09: +0,1696233600
2.437,4,Oct 02 2023 10: +0,1696237200
2.399,1,Oct 02 2023 11: +0,1696240800
2.546,3,Oct 02 2023 12: +0,1696244400
2.338,3,Oct 02 2023 13: +0,1696248000
2.496,5,Oct 02 2023 14: +0,1696251600
2.512,7,Oct 02 2023 15: +0,1696255200
2.468,6,Oct 02 2023 16: +0,1696258800
2.398,5,Oct 02 2023 17: +0,1696262400
2.477,4,Oct 02 2023 18: +0,1696266000
2.57,5,Oct 02 2023 19: +0,1696269600
2.558,5,Oct 02 2023 20: +0,1696273200
2.57,5,Oct 02 2023 21: +0,1696276800
2.342,2,Oct 02 2023 22: +0,1696280400
2.575,7,Oct 02 2023 23: +0,1696284000
2.595,13,Oct 03 2023 00: +0,1696287600
2.591,4,Oct 03 2023 01: +0,1696291200
2.018,2,Oct 03 2023 02: +0,1696294800
2.397,1,Oct 03 2023 03: +0,1696298400
2.488,5,Oct 03 2023 04: +0,1696302000
2.796,2,Oct 03 2023 05: +0,1696305600
0.797,1,Oct 03 2023 06: +0,1696309200
2.417,2,Oct 03 2023 07: +0,1696312800
2.593,3,Oct 03 2023 08: +0,1696316400
2.589,4,Oct 03 2023 09: +0,1696320000
2.614,5,Oct 03 2023 12: +0,1696330800
2.595,5,Oct 03 2023 13: +0,1696334400
2.481,1,Oct 03 2023 14: +0,1696338000
2.603,3,Oct 03 2023 15: +0,1696341600
2.611,11,Oct 03 2023 16: +0,1696345200
2.521,5,Oct 03 2023 17: +0,1696348800
2.597,10,Oct 03 2023 18: +0,1696352400
2.617,1,Oct 03 2023 19: +0,1696356000
2.602,2,Oct 03 2023 20: +0,1696359600
2.57,5,Oct 03 2023 21: +0,1696363200
2.595,3,Oct 03 2023 22: +0,1696366800
2.606,5,Oct 03 2023 23: +0,1696370400
2.603,1,Oct 04 2023 00: +0,1696374000
2.725,2,Oct 04 2023 01: +0,1696377600
2.615,14,Oct 04 2023 02: +0,1696381200
2.57,1,Oct 04 2023 03: +0,1696384800
2.628,9,Oct 04 2023 04: +0,1696388400
2.545,2,Oct 04 2023 05: +0,1696392000
2.456,1,Oct 04 2023 06: +0,1696395600
2.536,2,Oct 04 2023 07: +0,1696399200
2.586,1,Oct 04 2023 08: +0,1696402800
2.562,2,Oct 04 2023 09: +0,1696406400
2.347,2,Oct 04 2023 10: +0,1696410000
2.471,5,Oct 04 2023 11: +0,1696413600
2.605,3,Oct 04 2023 12: +0,1696417200
2.818,3,Oct 04 2023 13: +0,1696420800
2.677,5,Oct 04 2023 14: +0,1696424400
2.822,1,Oct 04 2023 15: +0,1696428000
2.64,4,Oct 04 2023 16: +0,1696431600
2.586,3,Oct 04 2023 17: +0,1696435200
2.686,4,Oct 04 2023 18: +0,1696438800
2.822,8,Oct 04 2023 19: +0,1696442400
2.649,4,Oct 04 2023 20: +0,1696446000
2.533,4,Oct 04 2023 21: +0,1696449600
2.784,6,Oct 04 2023 22: +0,1696453200
2.883,11,Oct 05 2023 00: +0,1696460400
4.547,5,Oct 05 2023 01: +0,1696464000
2.735,2,Oct 05 2023 02: +0,1696467600
2.801,1,Oct 05 2023 03: +0,1696471200
2.471,1,Oct 05 2023 04: +0,1696474800
2.814,1,Oct 05 2023 05: +0,1696478400
2.883,1,Oct 05 2023 06: +0,1696482000
3.237,1,Oct 05 2023 07: +0,1696485600
4.637,3,Oct 05 2023 08: +0,1696489200
2.877,2,Oct 05 2023 09: +0,1696492800
2.463,1,Oct 05 2023 10: +0,1696496400
2.578,1,Oct 05 2023 11: +0,1696500000
2.537,5,Oct 05 2023 13: +0,1696507200
2.492,4,Oct 05 2023 14: +0,1696510800
2.977,2,Oct 05 2023 15: +0,1696514400
2.778,2,Oct 05 2023 16: +0,1696518000
2.543,6,Oct 05 2023 17: +0,1696521600
2.584,5,Oct 05 2023 18: +0,1696525200
2.547,2,Oct 05 2023 19: +0,1696528800
2.512,5,Oct 05 2023 20: +0,1696532400
2.469,1,Oct 05 2023 21: +0,1696536000
1.732,1,Oct 05 2023 22: +0,1696539600
2.554,5,Oct 05 2023 23: +0,1696543200
2.504,5,Oct 06 2023 00: +0,1696546800
3.773,8,Oct 06 2023 01: +0,1696550400
2.398,2,Oct 06 2023 02: +0,1696554000
2.842,3,Oct 06 2023 03: +0,1696557600
2.638,3,Oct 06 2023 04: +0,1696561200
2.65,1,Oct 06 2023 05: +0,1696564800
2.553,3,Oct 06 2023 07: +0,1696572000
2.659,6,Oct 06 2023 09: +0,1696579200
2.582,4,Oct 06 2023 10: +0,1696582800
2.595,5,Oct 06 2023 11: +0,1696586400
2.931,1,Oct 06 2023 12: +0,1696590000
2.19,2,Oct 06 2023 13: +0,1696593600
2.763,3,Oct 06 2023 14: +0,1696597200
2.614,2,Oct 06 2023 15: +0,1696600800
2.689,4,Oct 06 2023 16: +0,1696604400
2.393,4,Oct 06 2023 17: +0,1696608000
2.583,8,Oct 06 2023 18: +0,1696611600
2.583,4,Oct 06 2023 19: +0,1696615200
2.571,4,Oct 06 2023 20: +0,1696618800
2.583,1,Oct 06 2023 21: +0,1696622400
2.592,3,Oct 06 2023 22: +0,1696626000
2.81,1,Oct 06 2023 23: +0,1696629600
2.721,2,Oct 07 2023 00: +0,1696633200
2.537,2,Oct 07 2023 01: +0,1696636800
2.764,8,Oct 07 2023 02: +0,1696640400
2.748,5,Oct 07 2023 03: +0,1696644000
2.625,3,Oct 07 2023 05: +0,1696651200
2.435,1,Oct 07 2023 06: +0,1696654800
2.653,2,Oct 07 2023 08: +0,1696662000
2.68,3,Oct 07 2023 09: +0,1696665600
2.747,2,Oct 07 2023 10: +0,1696669200
2.679,4,Oct 07 2023 11: +0,1696672800
2.906,2,Oct 07 2023 12: +0,1696676400
2.651,2,Oct 07 2023 13: +0,1696680000
2.622,4,Oct 07 2023 15: +0,1696687200
1.975,3,Oct 07 2023 16: +0,1696690800
2.694,7,Oct 07 2023 17: +0,1696694400
2.685,3,Oct 07 2023 18: +0,1696698000
2.636,6,Oct 07 2023 19: +0,1696701600
2.807,2,Oct 07 2023 20: +0,1696705200
2.674,4,Oct 07 2023 21: +0,1696708800
2.719,3,Oct 07 2023 22: +0,1696712400
2.69,2,Oct 08 2023 00: +0,1696719600
2.636,2,Oct 08 2023 01: +0,1696723200
2.677,1,Oct 08 2023 02: +0,1696726800
2.653,1,Oct 08 2023 04: +0,1696734000
2.685,1,Oct 08 2023 05: +0,1696737600
2.802,1,Oct 08 2023 06: +0,1696741200
2.732,1,Oct 08 2023 07: +0,1696744800
2.727,2,Oct 08 2023 08: +0,1696748400
2.555,3,Oct 08 2023 09: +0,1696752000
2.736,3,Oct 08 2023 11: +0,1696759200
2.749,4,Oct 08 2023 12: +0,1696762800
2.661,3,Oct 08 2023 13: +0,1696766400
2.723,2,Oct 08 2023 14: +0,1696770000
2.56,4,Oct 08 2023 15: +0,1696773600
2.614,1,Oct 08 2023 16: +0,1696777200
2.567,6,Oct 08 2023 17: +0,1696780800
2.527,6,Oct 08 2023 18: +0,1696784400
2.482,2,Oct 08 2023 19: +0,1696788000
2.472,4,Oct 08 2023 20: +0,1696791600
3.126,3,Oct 08 2023 21: +0,1696795200
2.68,2,Oct 08 2023 22: +0,1696798800
2.71,4,Oct 08 2023 23: +0,1696802400
2.734,4,Oct 09 2023 00: +0,1696806000
2.763,2,Oct 09 2023 01: +0,1696809600
2.783,3,Oct 09 2023 02: +0,1696813200
2.661,1,Oct 09 2023 03: +0,1696816800
2.685,1,Oct 09 2023 04: +0,1696820400
2.664,2,Oct 09 2023 05: +0,1696824000
2.614,3,Oct 09 2023 07: +0,1696831200
2.571,1,Oct 09 2023 08: +0,1696834800
2.611,2,Oct 09 2023 09: +0,1696838400
2.655,3,Oct 09 2023 10: +0,1696842000
2.477,4,Oct 09 2023 12: +0,1696849200
2.659,4,Oct 09 2023 13: +0,1696852800
2.79,8,Oct 09 2023 14: +0,1696856400
2.669,3,Oct 09 2023 15: +0,1696860000
2.796,5,Oct 09 2023 16: +0,1696863600
2.513,5,Oct 09 2023 17: +0,1696867200
2.49,6,Oct 09 2023 18: +0,1696870800
2.587,5,Oct 09 2023 19: +0,1696874400
2.587,4,Oct 09 2023 20: +0,1696878000
2.754,2,Oct 09 2023 21: +0,1696881600
2.393,1,Oct 09 2023 22: +0,1696885200
2.416,1,Oct 10 2023 00: +0,1696892400
2.513,2,Oct 10 2023 02: +0,1696899600
2.507,3,Oct 10 2023 06: +0,1696914000
2.445,1,Oct 10 2023 07: +0,1696917600
2.576,4,Oct 10 2023 09: +0,1696924800
0.789,1,Oct 10 2023 11: +0,1696932000
2.577,2,Oct 10 2023 12: +0,1696935600
2.547,5,Oct 10 2023 13: +0,1696939200
2.317,2,Oct 10 2023 14: +0,1696942800
2.506,3,Oct 10 2023 15: +0,1696946400
0.616,1,Oct 10 2023 16: +0,1696950000
2.642,5,Oct 10 2023 17: +0,1696953600
2.651,4,Oct 10 2023 18: +0,1696957200
1.629,2,Oct 10 2023 19: +0,1696960800
2.623,4,Oct 10 2023 20: +0,1696964400
2.595,3,Oct 10 2023 21: +0,1696968000
2.562,1,Oct 10 2023 22: +0,1696971600
2.441,5,Oct 10 2023 23: +0,1696975200
2.506,2,Oct 11 2023 00: +0,1696978800
2.448,3,Oct 11 2023 01: +0,1696982400
2.596,7,Oct 11 2023 03: +0,1696989600
2.559,5,Oct 11 2023 04: +0,1696993200
2.655,3,Oct 11 2023 05: +0,1696996800
2.554,4,Oct 11 2023 06: +0,1697000400
2.572,3,Oct 11 2023 07: +0,1697004000
2.667,6,Oct 11 2023 09: +0,1697011200
2.569,5,Oct 11 2023 10: +0,1697014800
2.56,3,Oct 11 2023 11: +0,1697018400
2.579,3,Oct 11 2023 12: +0,1697022000
2.566,6,Oct 11 2023 13: +0,1697025600
2.684,3,Oct 11 2023 14: +0,1697029200
2.713,8,Oct 11 2023 15: +0,1697032800
2.705,3,Oct 11 2023 16: +0,1697036400
2.655,4,Oct 11 2023 17: +0,1697040000
2.598,4,Oct 11 2023 18: +0,1697043600
2.672,9,Oct 11 2023 19: +0,1697047200
2.431,3,Oct 11 2023 20: +0,1697050800
2.555,3,Oct 11 2023 21: +0,1697054400
2.632,2,Oct 11 2023 22: +0,1697058000
2.638,1,Oct 11 2023 23: +0,1697061600
2.554,3,Oct 12 2023 00: +0,1697065200
2.791,2,Oct 12 2023 02: +0,1697072400
1.706,2,Oct 12 2023 04: +0,1697079600
2.644,4,Oct 12 2023 05: +0,1697083200
4.123,5,Oct 12 2023 06: +0,1697086800
2.699,1,Oct 12 2023 07: +0,1697090400
2.136,2,Oct 12 2023 09: +0,1697097600
2.538,1,Oct 12 2023 11: +0,1697104800
2.572,3,Oct 12 2023 13: +0,1697112000
2.582,3,Oct 12 2023 14: +0,1697115600
2.565,3,Oct 12 2023 15: +0,1697119200
1.723,2,Oct 12 2023 16: +0,1697122800
2.574,5,Oct 12 2023 17: +0,1697126400
2.517,3,Oct 12 2023 18: +0,1697130000
2.585,2,Oct 12 2023 19: +0,1697133600
2.566,6,Oct 12 2023 20: +0,1697137200
2.551,2,Oct 12 2023 21: +0,1697140800
2.576,4,Oct 12 2023 22: +0,1697144400
2.571,1,Oct 12 2023 23: +0,1697148000
2.568,2,Oct 13 2023 00: +0,1697151600
2.574,7,Oct 13 2023 01: +0,1697155200
2.515,2,Oct 13 2023 02: +0,1697158800
2.574,3,Oct 13 2023 03: +0,1697162400
2.557,3,Oct 13 2023 04: +0,1697166000
2.689,5,Oct 13 2023 06: +0,1697173200
2.565,1,Oct 13 2023 07: +0,1697176800
2.779,4,Oct 13 2023 08: +0,1697180400
2.615,3,Oct 13 2023 09: +0,1697184000
2.605,3,Oct 13 2023 10: +0,1697187600
2.789,17,Oct 13 2023 11: +0,1697191200
2.827,3,Oct 13 2023 12: +0,1697194800
1.494,2,Oct 13 2023 13: +0,1697198400
2.739,4,Oct 13 2023 14: +0,1697202000
2.648,5,Oct 13 2023 15: +0,1697205600
2.771,2,Oct 13 2023 16: +0,1697209200
2.683,4,Oct 13 2023 17: +0,1697212800
2.805,6,Oct 13 2023 18: +0,1697216400
2.565,3,Oct 13 2023 19: +0,1697220000
2.689,3,Oct 13 2023 20: +0,1697223600
2.664,5,Oct 13 2023 21: +0,1697227200
2.796,3,Oct 13 2023 22: +0,1697230800
2.465,1,Oct 13 2023 23: +0,1697234400
2.787,1,Oct 14 2023 00: +0,1697238000
2.228,2,Oct 14 2023 01: +0,1697241600
2.853,2,Oct 14 2023 02: +0,1697245200
2.664,2,Oct 14 2023 03: +0,1697248800
2.738,1,Oct 14 2023 04: +0,1697252400
2.706,2,Oct 14 2023 05: +0,1697256000
2.804,3,Oct 14 2023 06: +0,1697259600
2.524,2,Oct 14 2023 07: +0,1697263200
2.636,3,Oct 14 2023 08: +0,1697266800
3.188,2,Oct 14 2023 09: +0,1697270400
2.726,4,Oct 14 2023 10: +0,1697274000
2.688,2,Oct 14 2023 11: +0,1697277600
2.527,1,Oct 14 2023 12: +0,1697281200
2.633,6,Oct 14 2023 13: +0,1697284800
2.698,5,Oct 14 2023 14: +0,1697288400
2.68,3,Oct 14 2023 15: +0,1697292000
2.739,5,Oct 14 2023 16: +0,1697295600
2.68,5,Oct 14 2023 17: +0,1697299200
2.291,2,Oct 14 2023 18: +0,1697302800
2.759,6,Oct 14 2023 19: +0,1697306400
2.767,6,Oct 14 2023 20: +0,1697310000
2.845,18,Oct 14 2023 21: +0,1697313600
2.619,1,Oct 14 2023 23: +0,1697320800
2.902,1,Oct 15 2023 00: +0,1697324400
2.796,1,Oct 15 2023 01: +0,1697328000
2.53,2,Oct 15 2023 02: +0,1697331600
2.902,1,Oct 15 2023 03: +0,1697335200
2.533,1,Oct 15 2023 04: +0,1697338800
2.9,8,Oct 15 2023 05: +0,1697342400
2.952,7,Oct 15 2023 06: +0,1697346000
2.962,2,Oct 15 2023 07: +0,1697349600
1.842,2,Oct 15 2023 08: +0,1697353200
2.352,7,Oct 15 2023 09: +0,1697356800
2.787,2,Oct 15 2023 10: +0,1697360400
2.596,3,Oct 15 2023 11: +0,1697364000
2.685,4,Oct 15 2023 12: +0,1697367600
2.779,3,Oct 15 2023 13: +0,1697371200
2.696,2,Oct 15 2023 15: +0,1697378400
2.808,4,Oct 15 2023 16: +0,1697382000
2.771,1,Oct 15 2023 17: +0,1697385600
2.676,3,Oct 15 2023 18: +0,1697389200
2.642,4,Oct 15 2023 19: +0,1697392800
2.763,5,Oct 15 2023 20: +0,1697396400
2.841,15,Oct 15 2023 21: +0,1697400000
2.828,2,Oct 15 2023 22: +0,1697403600
2.364,2,Oct 15 2023 23: +0,1697407200
2.771,3,Oct 16 2023 00: +0,1697410800
2.754,2,Oct 16 2023 01: +0,1697414400
2.746,9,Oct 16 2023 02: +0,1697418000
2.648,5,Oct 16 2023 03: +0,1697421600
2.691,4,Oct 16 2023 04: +0,1697425200
2.465,1,Oct 16 2023 05: +0,1697428800
2.657,2,Oct 16 2023 07: +0,1697436000
1.775,2,Oct 16 2023 08: +0,1697439600
2.713,2,Oct 16 2023 09: +0,1697443200
5.051,5,Oct 16 2023 10: +0,1697446800
2.816,2,Oct 16 2023 12: +0,1697454000
2.768,2,Oct 16 2023 13: +0,1697457600
2.945,10,Oct 16 2023 14: +0,1697461200
2.852,2,Oct 16 2023 16: +0,1697468400
5.059,7,Oct 16 2023 17: +0,1697472000
2.772,6,Oct 16 2023 18: +0,1697475600
2.697,3,Oct 16 2023 19: +0,1697479200
2.999,13,Oct 16 2023 20: +0,1697482800
3.042,5,Oct 16 2023 21: +0,1697486400
3.026,1,Oct 16 2023 22: +0,1697490000
3.231,11,Oct 16 2023 23: +0,1697493600
2.878,1,Oct 17 2023 00: +0,1697497200
3.305,1,Oct 17 2023 01: +0,1697500800
2.946,2,Oct 17 2023 03: +0,1697508000
2.844,2,Oct 17 2023 04: +0,1697511600
3.026,3,Oct 17 2023 05: +0,1697515200
3.007,1,Oct 17 2023 06: +0,1697518800
3.026,1,Oct 17 2023 07: +0,1697522400
2.902,1,Oct 17 2023 08: +0,1697526000
3.059,4,Oct 17 2023 09: +0,1697529600
3.11,1,Oct 17 2023 10: +0,1697533200
0.926,1,Oct 17 2023 11: +0,1697536800
3.083,1,Oct 17 2023 13: +0,1697544000
2.968,1,Oct 17 2023 14: +0,1697547600
3.099,4,Oct 17 2023 15: +0,1697551200
2.947,1,Oct 17 2023 16: +0,1697554800
2.675,1,Oct 17 2023 17: +0,1697558400
2.861,3,Oct 17 2023 18: +0,1697562000
2.953,2,Oct 17 2023 19: +0,1697565600
2.918,2,Oct 17 2023 20: +0,1697569200
2.774,3,Oct 17 2023 21: +0,1697572800
1.968,2,Oct 17 2023 22: +0,1697576400
2.898,5,Oct 18 2023 02: +0,1697590800
3.037,1,Oct 18 2023 03: +0,1697594400
2.774,1,Oct 18 2023 04: +0,1697598000
2.898,2,Oct 18 2023 05: +0,1697601600
2.247,1,Oct 18 2023 06: +0,1697605200
2.758,1,Oct 18 2023 07: +0,1697608800
2.804,2,Oct 18 2023 09: +0,1697616000
2.865,1,Oct 18 2023 10: +0,1697619600
2.871,4,Oct 18 2023 11: +0,1697623200
2.838,4,Oct 18 2023 12: +0,1697626800
2.602,3,Oct 18 2023 13: +0,1697630400
2.935,6,Oct 18 2023 14: +0,1697634000
2.542,2,Oct 18 2023 16: +0,1697641200
2.519,3,Oct 18 2023 17: +0,1697644800
2.877,6,Oct 18 2023 18: +0,1697648400
2.988,12,Oct 18 2023 19: +0,1697652000
2.996,8,Oct 18 2023 20: +0,1697655600
2.93,6,Oct 18 2023 21: +0,1697659200
3.005,3,Oct 18 2023 22: +0,1697662800
2.93,6,Oct 18 2023 23: +0,1697666400
2.914,3,Oct 19 2023 00: +0,1697670000
2.943,2,Oct 19 2023 01: +0,1697673600
2.947,1,Oct 19 2023 02: +0,1697677200
2.914,3,Oct 19 2023 03: +0,1697680800
3.005,3,Oct 19 2023 04: +0,1697684400
3.017,6,Oct 19 2023 05: +0,1697688000
2.914,3,Oct 19 2023 06: +0,1697691600
3.02,3,Oct 19 2023 08: +0,1697698800
2.214,1,Oct 19 2023 09: +0,1697702400
3.005,1,Oct 19 2023 10: +0,1697706000
2.996,8,Oct 19 2023 11: +0,1697709600
3.005,1,Oct 19 2023 12: +0,1697713200
4.137,1,Oct 19 2023 13: +0,1697716800
3.068,2,Oct 19 2023 14: +0,1697720400
3.058,4,Oct 19 2023 15: +0,1697724000
2.988,1,Oct 19 2023 16: +0,1697727600
3.056,3,Oct 19 2023 17: +0,1697731200
2.988,3,Oct 19 2023 18: +0,1697734800
2.988,4,Oct 19 2023 19: +0,1697738400
2.873,5,Oct 19 2023 20: +0,1697742000
2.873,1,Oct 19 2023 21: +0,1697745600
2.996,3,Oct 19 2023 22: +0,1697749200
2.875,3,Oct 20 2023 00: +0,1697756400
3.005,3,Oct 20 2023 01: +0,1697760000
3.011,3,Oct 20 2023 02: +0,1697763600
2.996,1,Oct 20 2023 04: +0,1697770800
2.996,3,Oct 20 2023 05: +0,1697774400
2.736,2,Oct 20 2023 06: +0,1697778000
2.963,1,Oct 20 2023 07: +0,1697781600
2.787,2,Oct 20 2023 09: +0,1697788800
2.996,3,Oct 20 2023 10: +0,1697792400
2.84,1,Oct 20 2023 11: +0,1697796000
2.98,1,Oct 20 2023 12: +0,1697799600
2.996,5,Oct 20 2023 13: +0,1697803200
3.477,2,Oct 20 2023 14: +0,1697806800
3.029,4,Oct 20 2023 15: +0,1697810400
2.737,2,Oct 20 2023 16: +0,1697814000
2.988,5,Oct 20 2023 17: +0,1697817600
2.986,3,Oct 20 2023 19: +0,1697824800
2.994,5,Oct 20 2023 20: +0,1697828400
2.965,6,Oct 20 2023 21: +0,1697832000
3.003,5,Oct 20 2023 23: +0,1697839200
2.817,2,Oct 21 2023 00: +0,1697842800
2.994,1,Oct 21 2023 01: +0,1697846400
2.985,5,Oct 21 2023 02: +0,1697850000
2.967,5,Oct 21 2023 03: +0,1697853600
0.742,1,Oct 21 2023 04: +0,1697857200
2.967,1,Oct 21 2023 06: +0,1697864400
2.932,4,Oct 21 2023 07: +0,1697868000
2.969,3,Oct 21 2023 08: +0,1697871600
3.025,4,Oct 21 2023 09: +0,1697875200
2.969,1,Oct 21 2023 10: +0,1697878800
2.967,5,Oct 21 2023 12: +0,1697886000
3.001,5,Oct 21 2023 13: +0,1697889600
2.903,1,Oct 21 2023 14: +0,1697893200
2.92,1,Oct 21 2023 15: +0,1697896800
2.997,2,Oct 21 2023 16: +0,1697900400
2.92,3,Oct 21 2023 18: +0,1697907600
2.92,3,Oct 21 2023 19: +0,1697911200
2.974,4,Oct 21 2023 21: +0,1697918400
2.926,2,Oct 21 2023 22: +0,1697922000
2.961,3,Oct 21 2023 23: +0,1697925600
2.933,4,Oct 22 2023 00: +0,1697929200
2.981,2,Oct 22 2023 01: +0,1697932800
2.903,5,Oct 22 2023 02: +0,1697936400
2.911,1,Oct 22 2023 03: +0,1697940000
2.903,7,Oct 22 2023 04: +0,1697943600
2.932,2,Oct 22 2023 05: +0,1697947200
2.911,1,Oct 22 2023 06: +0,1697950800
2.846,3,Oct 22 2023 07: +0,1697954400
2.846,1,Oct 22 2023 08: +0,1697958000
2.967,3,Oct 22 2023 10: +0,1697965200
2.813,6,Oct 22 2023 11: +0,1697968800
2.92,1,Oct 22 2023 12: +0,1697972400
2.899,8,Oct 22 2023 13: +0,1697976000
2.95,6,Oct 22 2023 14: +0,1697979600
2.924,2,Oct 22 2023 15: +0,1697983200
2.605,2,Oct 22 2023 16: +0,1697986800
2.92,5,Oct 22 2023 17: +0,1697990400
2.911,7,Oct 22 2023 18: +0,1697994000
2.804,9,Oct 22 2023 19: +0,1697997600
2.933,3,Oct 22 2023 20: +0,1698001200
2.919,6,Oct 22 2023 21: +0,1698004800
2.92,1,Oct 22 2023 22: +0,1698008400
2.936,7,Oct 22 2023 23: +0,1698012000
2.957,2,Oct 23 2023 00: +0,1698015600
2.944,2,Oct 23 2023 01: +0,1698019200
2.903,2,Oct 23 2023 02: +0,1698022800
2.637,2,Oct 23 2023 03: +0,1698026400
2.62,1,Oct 23 2023 04: +0,1698030000
2.887,1,Oct 23 2023 05: +0,1698033600
2.933,2,Oct 23 2023 06: +0,1698037200
2.589,1,Oct 23 2023 07: +0,1698040800
2.933,4,Oct 23 2023 08: +0,1698044400
2.92,5,Oct 23 2023 09: +0,1698048000
2.92,3,Oct 23 2023 10: +0,1698051600
2.941,1,Oct 23 2023 11: +0,1698055200
2.961,3,Oct 23 2023 13: +0,1698062400
2.933,1,Oct 23 2023 15: +0,1698069600
2.819,4,Oct 23 2023 16: +0,1698073200
2.92,4,Oct 23 2023 17: +0,1698076800
2.944,3,Oct 23 2023 18: +0,1698080400
2.846,1,Oct 23 2023 19: +0,1698084000
2.796,5,Oct 23 2023 20: +0,1698087600
2.817,6,Oct 23 2023 21: +0,1698091200
2.804,3,Oct 23 2023 22: +0,1698094800
2.922,4,Oct 23 2023 23: +0,1698098400
2.847,5,Oct 24 2023 00: +0,1698102000
2.822,2,Oct 24 2023 01: +0,1698105600
2.931,2,Oct 24 2023 02: +0,1698109200
2.932,3,Oct 24 2023 03: +0,1698112800
3.728,2,Oct 24 2023 04: +0,1698116400
2.925,1,Oct 24 2023 06: +0,1698123600
2.926,1,Oct 24 2023 07: +0,1698127200
2.821,2,Oct 24 2023 08: +0,1698130800
2.821,2,Oct 24 2023 09: +0,1698134400
2.961,2,Oct 24 2023 10: +0,1698138000
2.788,1,Oct 24 2023 11: +0,1698141600
1.766,2,Oct 24 2023 12: +0,1698145200
2.887,3,Oct 24 2023 14: +0,1698152400
2.856,2,Oct 24 2023 15: +0,1698156000
2.853,2,Oct 24 2023 16: +0,1698159600
2.893,1,Oct 24 2023 17: +0,1698163200
2.887,5,Oct 24 2023 18: +0,1698166800
2.879,3,Oct 24 2023 19: +0,1698170400
2.879,3,Oct 24 2023 20: +0,1698174000
2.796,3,Oct 24 2023 21: +0,1698177600
2.887,1,Oct 24 2023 22: +0,1698181200
2.855,2,Oct 24 2023 23: +0,1698184800
2.879,1,Oct 25 2023 00: +0,1698188400
2.843,1,Oct 25 2023 01: +0,1698192000
2.876,3,Oct 25 2023 02: +0,1698195600
2.732,1,Oct 25 2023 03: +0,1698199200
2.863,3,Oct 25 2023 05: +0,1698206400
2.846,3,Oct 25 2023 06: +0,1698210000
2.624,1,Oct 25 2023 07: +0,1698213600
2.85,2,Oct 25 2023 08: +0,1698217200
2.872,1,Oct 25 2023 09: +0,1698220800
2.887,3,Oct 25 2023 10: +0,1698224400
2.872,3,Oct 25 2023 11: +0,1698228000
2.863,3,Oct 25 2023 12: +0,1698231600
2.994,57,Oct 25 2023 13: +0,1698235200
3.192,30,Oct 25 2023 14: +0,1698238800
3.192,7,Oct 25 2023 15: +0,1698242400
2.987,5,Oct 25 2023 16: +0,1698246000
2.813,7,Oct 25 2023 17: +0,1698249600
3.225,5,Oct 25 2023 18: +0,1698253200
3.062,3,Oct 25 2023 19: +0,1698256800
2.804,5,Oct 25 2023 20: +0,1698260400
2.785,5,Oct 25 2023 21: +0,1698264000
2.4,2,Oct 25 2023 22: +0,1698267600
2.746,3,Oct 25 2023 23: +0,1698271200
2.463,1,Oct 26 2023 00: +0,1698274800
2.965,2,Oct 26 2023 01: +0,1698278400
2.885,3,Oct 26 2023 02: +0,1698282000
2.808,4,Oct 26 2023 03: +0,1698285600
2.972,1,Oct 26 2023 05: +0,1698292800
2.837,2,Oct 26 2023 06: +0,1698296400
2.4,1,Oct 26 2023 07: +0,1698300000
2.672,1,Oct 26 2023 08: +0,1698303600
2.737,4,Oct 26 2023 09: +0,1698307200
2.681,3,Oct 26 2023 10: +0,1698310800
2.77,3,Oct 26 2023 11: +0,1698314400
3.0,2,Oct 26 2023 12: +0,1698318000
2.625,3,Oct 26 2023 13: +0,1698321600
2.638,3,Oct 26 2023 14: +0,1698325200
2.646,2,Oct 26 2023 15: +0,1698328800
3.285,2,Oct 26 2023 16: +0,1698332400
2.572,5,Oct 26 2023 17: +0,1698336000
2.625,3,Oct 26 2023 18: +0,1698339600
2.641,7,Oct 26 2023 19: +0,1698343200
2.617,4,Oct 26 2023 20: +0,1698346800
2.654,3,Oct 26 2023 21: +0,1698350400
2.613,2,Oct 26 2023 22: +0,1698354000
2.609,4,Oct 26 2023 23: +0,1698357600
2.648,3,Oct 27 2023 00: +0,1698361200
2.589,1,Oct 27 2023 01: +0,1698364800
2.568,1,Oct 27 2023 02: +0,1698368400
2.589,1,Oct 27 2023 03: +0,1698372000
2.63,4,Oct 27 2023 04: +0,1698375600
2.634,4,Oct 27 2023 05: +0,1698379200
2.63,6,Oct 27 2023 06: +0,1698382800
2.638,1,Oct 27 2023 07: +0,1698386400
2.635,2,Oct 27 2023 08: +0,1698390000
2.621,3,Oct 27 2023 09: +0,1698393600
2.654,3,Oct 27 2023 10: +0,1698397200
2.604,4,Oct 27 2023 11: +0,1698400800
2.613,4,Oct 27 2023 12: +0,1698404400
2.618,6,Oct 27 2023 13: +0,1698408000
2.594,2,Oct 27 2023 14: +0,1698411600
2.624,3,Oct 27 2023 15: +0,1698415200
2.555,2,Oct 27 2023 16: +0,1698418800
2.628,14,Oct 27 2023 17: +0,1698422400
2.627,3,Oct 27 2023 18: +0,1698426000
2.602,2,Oct 27 2023 19: +0,1698429600
2.568,3,Oct 27 2023 20: +0,1698433200
2.476,2,Oct 27 2023 21: +0,1698436800
2.573,7,Oct 27 2023 22: +0,1698440400
2.613,2,Oct 27 2023 23: +0,1698444000
2.589,3,Oct 28 2023 00: +0,1698447600
2.199,1,Oct 28 2023 01: +0,1698451200
2.614,2,Oct 28 2023 02: +0,1698454800
2.478,2,Oct 28 2023 04: +0,1698462000
2.576,2,Oct 28 2023 05: +0,1698465600
2.576,3,Oct 28 2023 06: +0,1698469200
2.547,1,Oct 28 2023 07: +0,1698472800
2.944,6,Oct 28 2023 08: +0,1698476400
2.645,1,Oct 28 2023 09: +0,1698480000
2.616,2,Oct 28 2023 10: +0,1698483600
2.636,3,Oct 28 2023 11: +0,1698487200
2.351,2,Oct 28 2023 12: +0,1698490800
2.578,4,Oct 28 2023 15: +0,1698501600
2.448,4,Oct 28 2023 16: +0,1698505200
2.579,2,Oct 28 2023 17: +0,1698508800
2.602,5,Oct 28 2023 19: +0,1698516000
2.615,5,Oct 28 2023 20: +0,1698519600
2.581,7,Oct 28 2023 21: +0,1698523200
2.607,4,Oct 28 2023 22: +0,1698526800
2.583,6,Oct 28 2023 23: +0,1698530400
2.562,2,Oct 29 2023 00: +0,1698534000
2.191,1,Oct 29 2023 01: +0,1698537600
2.581,1,Oct 29 2023 02: +0,1698544800
2.589,5,Oct 29 2023 03: +0,1698548400
2.398,2,Oct 29 2023 04: +0,1698552000
2.525,2,Oct 29 2023 05: +0,1698555600
2.39,2,Oct 29 2023 06: +0,1698559200
2.585,2,Oct 29 2023 07: +0,1698562800
2.642,11,Oct 29 2023 08: +0,1698566400
2.627,2,Oct 29 2023 09: +0,1698570000
2.689,1,Oct 29 2023 10: +0,1698573600
2.705,5,Oct 29 2023 11: +0,1698577200
2.488,4,Oct 29 2023 12: +0,1698580800
2.592,2,Oct 29 2023 13: +0,1698584400
2.574,2,Oct 29 2023 14: +0,1698588000
1.657,1,Oct 29 2023 15: +0,1698591600
2.409,1,Oct 29 2023 16: +0,1698595200
2.647,1,Oct 29 2023 17: +0,1698598800
2.645,7,Oct 29 2023 18: +0,1698602400
2.376,2,Oct 29 2023 19: +0,1698606000
2.596,4,Oct 29 2023 20: +0,1698609600
2.567,7,Oct 29 2023 21: +0,1698613200
2.61,2,Oct 29 2023 22: +0,1698616800
2.653,7,Oct 29 2023 23: +0,1698620400
2.525,2,Oct 30 2023 01: +0,1698627600
2.581,2,Oct 30 2023 02: +0,1698631200
2.567,3,Oct 30 2023 03: +0,1698634800
2.567,1,Oct 30 2023 04: +0,1698638400
2.621,1,Oct 30 2023 05: +0,1698642000
2.567,1,Oct 30 2023 06: +0,1698645600
2.61,2,Oct 30 2023 07: +0,1698649200
2.493,2,Oct 30 2023 08: +0,1698652800
2.516,1,Oct 30 2023 09: +0,1698656400
2.516,2,Oct 30 2023 10: +0,1698660000
2.516,1,Oct 30 2023 11: +0,1698663600
2.548,1,Oct 30 2023 13: +0,1698670800
2.297,2,Oct 30 2023 14: +0,1698674400
2.524,4,Oct 30 2023 16: +0,1698681600
2.535,1,Oct 30 2023 17: +0,1698685200
2.536,6,Oct 30 2023 18: +0,1698688800
3.148,2,Oct 30 2023 19: +0,1698692400
2.516,1,Oct 30 2023 20: +0,1698696000
2.538,3,Oct 30 2023 21: +0,1698699600
2.641,1,Oct 30 2023 22: +0,1698703200
2.598,1,Oct 31 2023 00: +0,1698710400
2.548,2,Oct 31 2023 02: +0,1698717600
2.685,2,Oct 31 2023 03: +0,1698721200
2.521,3,Oct 31 2023 04: +0,1698724800
2.646,1,Oct 31 2023 05: +0,1698728400
2.516,1,Oct 31 2023 06: +0,1698732000
2.435,1,Oct 31 2023 07: +0,1698735600
2.475,2,Oct 31 2023 10: +0,1698746400
2.349,1,Oct 31 2023 11: +0,1698750000
2.583,2,Oct 31 2023 12: +0,1698753600
2.52,1,Oct 31 2023 13: +0,1698757200
2.54,4,Oct 31 2023 14: +0,1698760800
2.613,1,Oct 31 2023 15: +0,1698764400
2.516,3,Oct 31 2023 16: +0,1698768000
2.637,4,Oct 31 2023 17: +0,1698771600
2.582,3,Oct 31 2023 18: +0,1698775200
2.662,3,Oct 31 2023 19: +0,1698778800
2.856,4,Oct 31 2023 20: +0,1698782400
2.736,2,Oct 31 2023 21: +0,1698786000
2.565,4,Oct 31 2023 23: +0,1698793200
2.426,3,Nov 01 2023 00: +0,1698796800
2.583,1,Nov 01 2023 01: +0,1698800400
2.495,3,Nov 01 2023 02: +0,1698804000
2.237,1,Nov 01 2023 03: +0,1698807600
2.573,1,Nov 01 2023 04: +0,1698811200
2.434,1,Nov 01 2023 06: +0,1698818400
2.323,3,Nov 01 2023 10: +0,1698832800
2.543,2,Nov 01 2023 11: +0,1698836400
2.548,1,Nov 01 2023 12: +0,1698840000
2.503,4,Nov 01 2023 13: +0,1698843600
2.532,5,Nov 01 2023 14: +0,1698847200
2.51,2,Nov 01 2023 15: +0,1698850800
2.512,5,Nov 01 2023 16: +0,1698854400
2.427,5,Nov 01 2023 17: +0,1698858000
2.454,2,Nov 01 2023 18: +0,1698861600
2.482,2,Nov 01 2023 19: +0,1698865200
2.459,3,Nov 01 2023 20: +0,1698868800
2.401,2,Nov 01 2023 21: +0,1698872400
2.479,4,Nov 01 2023 22: +0,1698876000
4.341,7,Nov 01 2023 23: +0,1698879600
2.191,1,Nov 02 2023 00: +0,1698883200
2.175,1,Nov 02 2023 01: +0,1698886800
2.431,4,Nov 02 2023 02: +0,1698890400
2.516,1,Nov 02 2023 03: +0,1698894000
2.463,4,Nov 02 2023 04: +0,1698897600
2.367,2,Nov 02 2023 05: +0,1698901200
2.456,1,Nov 02 2023 06: +0,1698904800
2.401,1,Nov 02 2023 09: +0,1698915600
2.418,4,Nov 02 2023 10: +0,1698919200
2.772,2,Nov 02 2023 12: +0,1698926400
2.358,3,Nov 02 2023 13: +0,1698930000
2.452,1,Nov 02 2023 14: +0,1698933600
2.402,3,Nov 02 2023 15: +0,1698937200
2.748,2,Nov 02 2023 16: +0,1698940800
2.499,12,Nov 02 2023 17: +0,1698944400
2.37,5,Nov 02 2023 18: +0,1698948000
2.386,2,Nov 02 2023 19: +0,1698951600
2.299,1,Nov 02 2023 20: +0,1698955200
2.528,3,Nov 02 2023 21: +0,1698958800
2.552,4,Nov 02 2023 22: +0,1698962400
2.532,2,Nov 02 2023 23: +0,1698966000
2.547,5,Nov 03 2023 00: +0,1698969600
2.59,3,Nov 03 2023 01: +0,1698973200
2.191,1,Nov 03 2023 03: +0,1698980400
2.341,2,Nov 03 2023 04: +0,1698984000
2.687,2,Nov 03 2023 06: +0,1698991200
2.415,2,Nov 03 2023 07: +0,1698994800
2.848,1,Nov 03 2023 08: +0,1698998400
2.728,8,Nov 03 2023 09: +0,1699002000
2.383,1,Nov 03 2023 10: +0,1699005600
2.409,2,Nov 03 2023 11: +0,1699009200
2.375,4,Nov 03 2023 12: +0,1699012800
2.426,2,Nov 03 2023 13: +0,1699016400
2.423,7,Nov 03 2023 15: +0,1699023600
2.314,4,Nov 03 2023 16: +0,1699027200
2.418,2,Nov 03 2023 17: +0,1699030800
2.387,2,Nov 03 2023 18: +0,1699034400
2.41,34,Nov 03 2023 19: +0,1699038000
2.402,47,Nov 03 2023 20: +0,1699041600
2.442,1,Nov 03 2023 21: +0,1699045200
2.443,1,Nov 03 2023 22: +0,1699048800
2.347,1,Nov 03 2023 23: +0,1699052400
2.405,4,Nov 04 2023 00: +0,1699056000
2.407,5,Nov 04 2023 01: +0,1699059600
2.402,1,Nov 04 2023 02: +0,1699063200
2.431,2,Nov 04 2023 04: +0,1699070400
2.414,4,Nov 04 2023 05: +0,1699074000
2.593,2,Nov 04 2023 08: +0,1699084800
2.407,1,Nov 04 2023 09: +0,1699088400
2.26,1,Nov 04 2023 10: +0,1699092000
2.347,3,Nov 04 2023 11: +0,1699095600
2.417,1,Nov 04 2023 12: +0,1699099200
2.364,4,Nov 04 2023 13: +0,1699102800
2.407,1,Nov 04 2023 14: +0,1699106400
2.407,5,Nov 04 2023 15: +0,1699110000
2.338,1,Nov 04 2023 16: +0,1699113600
2.299,6,Nov 04 2023 18: +0,1699120800
2.407,5,Nov 04 2023 19: +0,1699124400
2.355,5,Nov 04 2023 22: +0,1699135200
2.188,2,Nov 04 2023 23: +0,1699138800
2.294,1,Nov 05 2023 00: +0,1699142400
2.427,7,Nov 05 2023 01: +0,1699146000
2.459,4,Nov 05 2023 02: +0,1699149600
2.419,1,Nov 05 2023 03: +0,1699153200
2.347,2,Nov 05 2023 05: +0,1699160400
2.407,1,Nov 05 2023 07: +0,1699167600
2.27,2,Nov 05 2023 08: +0,1699171200
2.417,1,Nov 05 2023 10: +0,1699178400
2.414,1,Nov 05 2023 11: +0,1699182000
2.373,3,Nov 05 2023 12: +0,1699185600
2.407,4,Nov 05 2023 13: +0,1699189200
2.998,1,Nov 05 2023 15: +0,1699196400
1.608,2,Nov 05 2023 16: +0,1699200000
2.417,2,Nov 05 2023 17: +0,1699203600
2.409,2,Nov 05 2023 18: +0,1699207200
2.399,5,Nov 05 2023 19: +0,1699210800
2.403,6,Nov 05 2023 20: +0,1699214400
2.308,2,Nov 05 2023 21: +0,1699218000
2.395,4,Nov 05 2023 22: +0,1699221600
2.421,4,Nov 05 2023 23: +0,1699225200
2.402,3,Nov 06 2023 00: +0,1699228800
2.435,3,Nov 06 2023 02: +0,1699236000
2.421,2,Nov 06 2023 04: +0,1699243200
2.427,3,Nov 06 2023 06: +0,1699250400
2.435,1,Nov 06 2023 08: +0,1699257600
2.402,5,Nov 06 2023 09: +0,1699261200
2.343,2,Nov 06 2023 11: +0,1699268400
2.416,14,Nov 06 2023 12: +0,1699272000
2.407,12,Nov 06 2023 13: +0,1699275600
2.432,1,Nov 06 2023 14: +0,1699279200
2.416,6,Nov 06 2023 15: +0,1699282800
2.399,7,Nov 06 2023 16: +0,1699286400
2.425,2,Nov 06 2023 17: +0,1699290000
2.381,6,Nov 06 2023 18: +0,1699293600
2.425,3,Nov 06 2023 19: +0,1699297200
2.392,21,Nov 06 2023 20: +0,1699300800
2.415,9,Nov 06 2023 21: +0,1699304400
2.352,3,Nov 06 2023 23: +0,1699311600
2.386,6,Nov 07 2023 02: +0,1699322400
2.408,3,Nov 07 2023 03: +0,1699326000
2.378,1,Nov 07 2023 06: +0,1699336800
2.386,1,Nov 07 2023 09: +0,1699347600
2.408,3,Nov 07 2023 10: +0,1699351200
2.406,2,Nov 07 2023 11: +0,1699354800
1.714,1,Nov 07 2023 12: +0,1699358400
2.283,3,Nov 07 2023 13: +0,1699362000
2.446,1,Nov 07 2023 14: +0,1699365600
2.385,4,Nov 07 2023 17: +0,1699376400
0.818,3,Nov 07 2023 19: +0,1699383600
2.35,6,Nov 07 2023 20: +0,1699387200
2.24,3,Nov 07 2023 21: +0,1699390800
2.359,5,Nov 08 2023 01: +0,1699405200
2.394,1,Nov 08 2023 02: +0,1699408800
2.253,2,Nov 08 2023 03: +0,1699412400
2.399,5,Nov 08 2023 04: +0,1699416000
2.399,1,Nov 08 2023 05: +0,1699419600
2.357,2,Nov 08 2023 06: +0,1699423200
2.421,12,Nov 08 2023 07: +0,1699426800
1.747,2,Nov 08 2023 08: +0,1699430400
2.411,2,Nov 08 2023 09: +0,1699434000
2.375,4,Nov 08 2023 10: +0,1699437600
2.378,2,Nov 08 2023 11: +0,1699441200
2.438,1,Nov 08 2023 12: +0,1699444800
2.455,4,Nov 08 2023 13: +0,1699448400
2.409,1,Nov 08 2023 14: +0,1699452000
2.454,1,Nov 08 2023 15: +0,1699455600
2.376,3,Nov 08 2023 16: +0,1699459200
2.349,6,Nov 08 2023 17: +0,1699462800
2.381,1,Nov 08 2023 18: +0,1699466400
2.233,3,Nov 08 2023 19: +0,1699470000
2.373,5,Nov 08 2023 20: +0,1699473600
2.372,7,Nov 08 2023 21: +0,1699477200
2.383,4,Nov 08 2023 23: +0,1699484400
2.395,2,Nov 09 2023 02: +0,1699495200
2.355,2,Nov 09 2023 03: +0,1699498800
2.378,6,Nov 09 2023 04: +0,1699502400
2.364,6,Nov 09 2023 05: +0,1699506000
2.447,3,Nov 09 2023 06: +0,1699509600
2.398,5,Nov 09 2023 08: +0,1699516800
2.321,3,Nov 09 2023 10: +0,1699524000
2.332,4,Nov 09 2023 11: +0,1699527600
2.441,3,Nov 09 2023 12: +0,1699531200
4.763,2,Nov 09 2023 13: +0,1699534800
3.209,3,Nov 09 2023 14: +0,1699538400
2.434,4,Nov 09 2023 15: +0,1699542000
2.359,5,Nov 09 2023 16: +0,1699545600
2.693,2,Nov 09 2023 17: +0,1699549200
2.432,5,Nov 09 2023 19: +0,1699556400
2.653,4,Nov 09 2023 20: +0,1699560000
2.407,3,Nov 09 2023 21: +0,1699563600
2.439,3,Nov 09 2023 22: +0,1699567200
2.439,5,Nov 09 2023 23: +0,1699570800
2.344,1,Nov 10 2023 00: +0,1699574400
2.452,2,Nov 10 2023 01: +0,1699578000
2.344,1,Nov 10 2023 02: +0,1699581600
2.464,14,Nov 10 2023 03: +0,1699585200
2.464,1,Nov 10 2023 04: +0,1699588800
2.344,1,Nov 10 2023 05: +0,1699592400
2.407,3,Nov 10 2023 06: +0,1699596000
2.396,2,Nov 10 2023 08: +0,1699603200
2.25,4,Nov 10 2023 09: +0,1699606800
2.332,2,Nov 10 2023 10: +0,1699610400
2.347,4,Nov 10 2023 11: +0,1699614000
2.393,2,Nov 10 2023 12: +0,1699617600
2.39,3,Nov 10 2023 13: +0,1699621200
2.318,1,Nov 10 2023 15: +0,1699628400
2.36,5,Nov 10 2023 16: +0,1699632000
2.403,4,Nov 10 2023 17: +0,1699635600
2.443,2,Nov 10 2023 18: +0,1699639200
2.448,5,Nov 10 2023 19: +0,1699642800
2.858,2,Nov 10 2023 20: +0,1699646400
2.43,5,Nov 10 2023 21: +0,1699650000
2.377,4,Nov 10 2023 22: +0,1699653600
2.169,4,Nov 10 2023 23: +0,1699657200
2.238,4,Nov 11 2023 00: +0,1699660800
2.326,2,Nov 11 2023 03: +0,1699671600
2.339,11,Nov 11 2023 04: +0,1699675200
2.351,1,Nov 11 2023 05: +0,1699678800
2.32,2,Nov 11 2023 06: +0,1699682400
2.339,1,Nov 11 2023 07: +0,1699686000
2.146,2,Nov 11 2023 09: +0,1699693200
2.389,1,Nov 11 2023 10: +0,1699696800
2.334,2,Nov 11 2023 11: +0,1699700400
2.363,4,Nov 11 2023 12: +0,1699704000
2.459,2,Nov 11 2023 13: +0,1699707600
2.39,3,Nov 11 2023 14: +0,1699711200
2.368,2,Nov 11 2023 15: +0,1699714800
2.381,1,Nov 11 2023 16: +0,1699718400
2.378,6,Nov 11 2023 17: +0,1699722000
2.344,2,Nov 11 2023 18: +0,1699725600
2.39,6,Nov 11 2023 19: +0,1699729200
2.39,5,Nov 11 2023 20: +0,1699732800
2.345,8,Nov 11 2023 21: +0,1699736400
2.407,2,Nov 11 2023 22: +0,1699740000
2.39,3,Nov 11 2023 23: +0,1699743600
2.399,7,Nov 12 2023 00: +0,1699747200
2.33,5,Nov 12 2023 01: +0,1699750800
2.419,2,Nov 12 2023 02: +0,1699754400
2.275,2,Nov 12 2023 03: +0,1699758000
2.708,2,Nov 12 2023 04: +0,1699761600
2.414,1,Nov 12 2023 05: +0,1699765200
2.369,2,Nov 12 2023 06: +0,1699768800
2.33,1,Nov 12 2023 07: +0,1699772400
2.33,4,Nov 12 2023 09: +0,1699779600
2.389,2,Nov 12 2023 10: +0,1699783200
2.33,1,Nov 12 2023 12: +0,1699790400
2.399,3,Nov 12 2023 14: +0,1699797600
2.33,2,Nov 12 2023 15: +0,1699801200
3.0,1,Nov 12 2023 16: +0,1699804800
2.33,1,Nov 12 2023 17: +0,1699808400
2.281,2,Nov 12 2023 18: +0,1699812000
2.15,4,Nov 12 2023 19: +0,1699815600
2.305,4,Nov 12 2023 20: +0,1699819200
2.353,2,Nov 12 2023 21: +0,1699822800
2.361,2,Nov 12 2023 22: +0,1699826400
2.326,4,Nov 13 2023 00: +0,1699833600
2.006,1,Nov 13 2023 01: +0,1699837200
2.359,10,Nov 13 2023 02: +0,1699840800
2.236,2,Nov 13 2023 04: +0,1699848000
2.288,1,Nov 13 2023 05: +0,1699851600
2.399,1,Nov 13 2023 06: +0,1699855200
2.371,2,Nov 13 2023 09: +0,1699866000
2.344,4,Nov 13 2023 10: +0,1699869600
2.492,2,Nov 13 2023 11: +0,1699873200
2.227,2,Nov 13 2023 12: +0,1699876800
2.305,1,Nov 13 2023 14: +0,1699884000
2.313,1,Nov 13 2023 15: +0,1699887600
2.25,2,Nov 13 2023 16: +0,1699891200
2.326,5,Nov 13 2023 17: +0,1699894800
2.288,2,Nov 13 2023 18: +0,1699898400
2.36,2,Nov 13 2023 19: +0,1699902000
1.53,2,Nov 13 2023 20: +0,1699905600
2.19,1,Nov 13 2023 21: +0,1699909200
2.246,2,Nov 13 2023 23: +0,1699916400
2.407,4,Nov 14 2023 00: +0,1699920000
2.302,1,Nov 14 2023 03: +0,1699930800
2.375,1,Nov 14 2023 05: +0,1699938000
2.23,1,Nov 14 2023 06: +0,1699941600
2.19,1,Nov 14 2023 07: +0,1699945200
2.213,1,Nov 14 2023 08: +0,1699948800
2.233,1,Nov 14 2023 09: +0,1699952400
1.468,1,Nov 14 2023 10: +0,1699956000
1.745,1,Nov 14 2023 14: +0,1699970400
2.268,3,Nov 14 2023 17: +0,1699981200
2.086,1,Nov 14 2023 18: +0,1699984800
2.196,2,Nov 14 2023 19: +0,1699988400
2.226,4,Nov 14 2023 20: +0,1699992000
2.31,1,Nov 14 2023 21: +0,1699995600
2.246,1,Nov 14 2023 22: +0,1699999200
2.318,1,Nov 14 2023 23: +0,1700002800
2.191,2,Nov 15 2023 00: +0,1700006400
1.572,4,Nov 15 2023 02: +0,1700013600
2.242,2,Nov 15 2023 03: +0,1700017200
2.387,8,Nov 15 2023 04: +0,1700020800
2.288,2,Nov 15 2023 05: +0,1700024400
2.27,1,Nov 15 2023 07: +0,1700031600
2.278,5,Nov 15 2023 09: +0,1700038800
2.243,3,Nov 15 2023 10: +0,1700042400
3.53,1,Nov 15 2023 11: +0,1700046000
2.262,3,Nov 15 2023 12: +0,1700049600
2.27,3,Nov 15 2023 13: +0,1700053200
2.279,3,Nov 15 2023 14: +0,1700056800
2.225,3,Nov 15 2023 15: +0,1700060400
2.455,5,Nov 15 2023 17: +0,1700067600
2.275,6,Nov 15 2023 18: +0,1700071200
2.447,5,Nov 15 2023 19: +0,1700074800
2.351,3,Nov 15 2023 20: +0,1700078400
2.219,2,Nov 15 2023 22: +0,1700085600
2.236,1,Nov 15 2023 23: +0,1700089200
2.286,9,Nov 16 2023 01: +0,1700096400
2.423,2,Nov 16 2023 02: +0,1700100000
2.248,2,Nov 16 2023 03: +0,1700103600
2.407,1,Nov 16 2023 04: +0,1700107200
2.27,1,Nov 16 2023 06: +0,1700114400
2.351,7,Nov 16 2023 08: +0,1700121600
2.731,7,Nov 16 2023 09: +0,1700125200
2.318,4,Nov 16 2023 10: +0,1700128800
2.415,5,Nov 16 2023 11: +0,1700132400
2.262,5,Nov 16 2023 12: +0,1700136000
2.375,1,Nov 16 2023 14: +0,1700143200
2.411,1,Nov 16 2023 15: +0,1700146800
2.407,1,Nov 16 2023 16: +0,1700150400
2.416,1,Nov 16 2023 17: +0,1700154000
2.406,5,Nov 16 2023 18: +0,1700157600
2.057,1,Nov 16 2023 20: +0,1700164800
2.002,1,Nov 16 2023 21: +0,1700168400
2.321,2,Nov 16 2023 22: +0,1700172000
2.367,1,Nov 16 2023 23: +0,1700175600
0.767,1,Nov 17 2023 00: +0,1700179200
2.326,3,Nov 17 2023 01: +0,1700182800
1.385,1,Nov 17 2023 02: +0,1700186400
2.011,4,Nov 17 2023 03: +0,1700190000
2.31,1,Nov 17 2023 07: +0,1700204400
2.246,1,Nov 17 2023 08: +0,1700208000
2.263,1,Nov 17 2023 09: +0,1700211600
2.357,2,Nov 17 2023 10: +0,1700215200
1.549,2,Nov 17 2023 12: +0,1700222400
2.263,1,Nov 17 2023 13: +0,1700226000
2.221,1,Nov 17 2023 14: +0,1700229600
2.912,4,Nov 17 2023 15: +0,1700233200
2.226,3,Nov 17 2023 16: +0,1700236800
2.179,3,Nov 17 2023 17: +0,1700240400
2.171,2,Nov 17 2023 18: +0,1700244000
2.249,3,Nov 17 2023 19: +0,1700247600
1.492,2,Nov 17 2023 20: +0,1700251200
2.2,2,Nov 17 2023 21: +0,1700254800
2.222,1,Nov 17 2023 22: +0,1700258400
2.246,3,Nov 17 2023 23: +0,1700262000
2.18,1,Nov 18 2023 00: +0,1700265600
2.046,2,Nov 18 2023 01: +0,1700269200
2.236,1,Nov 18 2023 02: +0,1700272800
2.25,4,Nov 18 2023 03: +0,1700276400
2.238,1,Nov 18 2023 05: +0,1700283600
1.507,2,Nov 18 2023 07: +0,1700290800
2.18,1,Nov 18 2023 09: +0,1700298000
2.238,1,Nov 18 2023 10: +0,1700301600
2.238,5,Nov 18 2023 11: +0,1700305200
1.901,2,Nov 18 2023 12: +0,1700308800
2.249,1,Nov 18 2023 13: +0,1700312400
2.246,4,Nov 18 2023 14: +0,1700316000
2.158,4,Nov 18 2023 15: +0,1700319600
2.136,1,Nov 18 2023 16: +0,1700323200
2.238,3,Nov 18 2023 17: +0,1700326800
2.25,5,Nov 18 2023 18: +0,1700330400
2.222,4,Nov 18 2023 19: +0,1700334000
2.254,3,Nov 18 2023 20: +0,1700337600
2.242,2,Nov 18 2023 21: +0,1700341200
2.171,1,Nov 18 2023 22: +0,1700344800
2.26,2,Nov 18 2023 23: +0,1700348400
2.23,1,Nov 19 2023 00: +0,1700352000
1.934,2,Nov 19 2023 01: +0,1700355600
2.191,4,Nov 19 2023 02: +0,1700359200
2.251,1,Nov 19 2023 04: +0,1700366400
3.218,4,Nov 19 2023 05: +0,1700370000
2.222,1,Nov 19 2023 06: +0,1700373600
2.258,1,Nov 19 2023 08: +0,1700380800
2.25,2,Nov 19 2023 09: +0,1700384400
2.238,1,Nov 19 2023 10: +0,1700388000
2.254,1,Nov 19 2023 11: +0,1700391600
2.258,1,Nov 19 2023 12: +0,1700395200
2.257,2,Nov 19 2023 13: +0,1700398800
2.248,2,Nov 19 2023 14: +0,1700402400
2.27,15,Nov 19 2023 15: +0,1700406000
1.789,2,Nov 19 2023 16: +0,1700409600
2.315,1,Nov 19 2023 17: +0,1700413200
2.334,1,Nov 19 2023 18: +0,1700416800
2.31,3,Nov 19 2023 20: +0,1700424000
2.326,1,Nov 19 2023 23: +0,1700434800
2.175,4,Nov 20 2023 01: +0,1700442000
2.326,1,Nov 20 2023 02: +0,1700445600
2.286,3,Nov 20 2023 03: +0,1700449200
2.29,2,Nov 20 2023 04: +0,1700452800
2.334,1,Nov 20 2023 06: +0,1700460000
2.181,2,Nov 20 2023 07: +0,1700463600
2.712,2,Nov 20 2023 09: +0,1700470800
2.28,2,Nov 20 2023 12: +0,1700481600
2.193,2,Nov 20 2023 13: +0,1700485200
2.206,1,Nov 20 2023 14: +0,1700488800
2.223,1,Nov 20 2023 15: +0,1700492400
2.197,2,Nov 20 2023 19: +0,1700506800
2.175,2,Nov 20 2023 20: +0,1700510400
2.234,1,Nov 20 2023 23: +0,1700521200
2.768,3,Nov 21 2023 01: +0,1700528400
2.415,1,Nov 21 2023 03: +0,1700535600
2.216,1,Nov 21 2023 04: +0,1700539200
2.02,1,Nov 21 2023 05: +0,1700542800
2.238,1,Nov 21 2023 06: +0,1700546400
2.251,1,Nov 21 2023 09: +0,1700557200
2.246,1,Nov 21 2023 11: +0,1700564400
2.249,4,Nov 21 2023 12: +0,1700568000
2.387,1,Nov 21 2023 16: +0,1700582400
2.217,2,Nov 21 2023 19: +0,1700593200
2.299,1,Nov 21 2023 20: +0,1700596800
2.279,6,Nov 21 2023 21: +0,1700600400
2.303,2,Nov 21 2023 22: +0,1700604000
0.877,1,Nov 21 2023 23: +0,1700607600
0.921,1,Nov 22 2023 01: +0,1700614800
2.246,1,Nov 22 2023 02: +0,1700618400
2.22,3,Nov 22 2023 04: +0,1700625600
2.22,2,Nov 22 2023 06: +0,1700632800
2.157,2,Nov 22 2023 07: +0,1700636400
2.22,3,Nov 22 2023 08: +0,1700640000
0.816,1,Nov 22 2023 10: +0,1700647200
2.23,3,Nov 22 2023 11: +0,1700650800
2.22,4,Nov 22 2023 12: +0,1700654400
2.0,1,Nov 22 2023 13: +0,1700658000
2.22,2,Nov 22 2023 14: +0,1700661600
2.242,1,Nov 22 2023 15: +0,1700665200
2.229,1,Nov 22 2023 16: +0,1700668800
1.93,1,Nov 22 2023 17: +0,1700672400
2.158,4,Nov 22 2023 19: +0,1700679600
2.207,4,Nov 22 2023 20: +0,1700683200
2.22,1,Nov 22 2023 21: +0,1700686800
2.204,4,Nov 22 2023 22: +0,1700690400
2.212,2,Nov 22 2023 23: +0,1700694000
2.126,1,Nov 23 2023 00: +0,1700697600
2.379,1,Nov 23 2023 01: +0,1700701200
2.17,3,Nov 23 2023 02: +0,1700704800
2.299,4,Nov 23 2023 03: +0,1700708400
2.178,1,Nov 23 2023 04: +0,1700712000
2.206,1,Nov 23 2023 06: +0,1700719200
1.341,2,Nov 23 2023 07: +0,1700722800
2.22,2,Nov 23 2023 08: +0,1700726400
2.211,3,Nov 23 2023 10: +0,1700733600
2.211,3,Nov 23 2023 12: +0,1700740800
2.178,1,Nov 23 2023 13: +0,1700744400
2.604,6,Nov 23 2023 14: +0,1700748000
2.204,3,Nov 23 2023 15: +0,1700751600
2.227,2,Nov 23 2023 16: +0,1700755200
2.222,1,Nov 23 2023 17: +0,1700758800
2.227,4,Nov 23 2023 18: +0,1700762400
2.356,21,Nov 23 2023 19: +0,1700766000
2.206,4,Nov 23 2023 21: +0,1700773200
2.248,1,Nov 23 2023 22: +0,1700776800
2.226,2,Nov 23 2023 23: +0,1700780400
1.905,4,Nov 24 2023 00: +0,1700784000
0.828,1,Nov 24 2023 01: +0,1700787600
2.259,1,Nov 24 2023 02: +0,1700791200
2.204,1,Nov 24 2023 03: +0,1700794800
0.828,1,Nov 24 2023 06: +0,1700805600
2.211,1,Nov 24 2023 07: +0,1700809200
2.948,7,Nov 24 2023 08: +0,1700812800
2.232,2,Nov 24 2023 09: +0,1700816400
2.364,1,Nov 24 2023 10: +0,1700820000
2.211,1,Nov 24 2023 11: +0,1700823600
2.178,3,Nov 24 2023 12: +0,1700827200
2.348,11,Nov 24 2023 13: +0,1700830800
0.775,1,Nov 24 2023 14: +0,1700834400
2.315,1,Nov 24 2023 17: +0,1700845200
2.378,1,Nov 24 2023 18: +0,1700848800
1.516,2,Nov 24 2023 20: +0,1700856000
1.518,2,Nov 24 2023 21: +0,1700859600
2.261,5,Nov 24 2023 22: +0,1700863200
2.221,2,Nov 25 2023 00: +0,1700870400
2.269,1,Nov 25 2023 01: +0,1700874000
2.277,7,Nov 25 2023 02: +0,1700877600
2.269,1,Nov 25 2023 03: +0,1700881200
2.185,4,Nov 25 2023 04: +0,1700884800
2.207,3,Nov 25 2023 05: +0,1700888400
1.919,1,Nov 25 2023 07: +0,1700895600
2.341,1,Nov 25 2023 08: +0,1700899200
2.172,1,Nov 25 2023 09: +0,1700902800
1.614,1,Nov 25 2023 10: +0,1700906400
2.268,3,Nov 25 2023 11: +0,1700910000
2.172,1,Nov 25 2023 13: +0,1700917200
2.207,1,Nov 25 2023 14: +0,1700920800
2.251,5,Nov 25 2023 15: +0,1700924400
2.14,2,Nov 25 2023 17: +0,1700931600
2.102,1,Nov 25 2023 18: +0,1700935200
2.212,4,Nov 25 2023 19: +0,1700938800
2.233,2,Nov 25 2023 20: +0,1700942400
2.053,1,Nov 25 2023 21: +0,1700946000
2.216,2,Nov 25 2023 22: +0,1700949600
2.269,1,Nov 25 2023 23: +0,1700953200
2.352,2,Nov 26 2023 00: +0,1700956800
2.172,4,Nov 26 2023 01: +0,1700960400
2.084,2,Nov 26 2023 03: +0,1700967600
2.229,1,Nov 26 2023 04: +0,1700971200
2.174,2,Nov 26 2023 05: +0,1700974800
2.102,3,Nov 26 2023 06: +0,1700978400
2.213,3,Nov 26 2023 07: +0,1700982000
2.252,2,Nov 26 2023 09: +0,1700989200
2.251,1,Nov 26 2023 10: +0,1700992800
2.253,1,Nov 26 2023 11: +0,1700996400
2.638,5,Nov 26 2023 12: +0,1701000000
2.257,4,Nov 26 2023 13: +0,1701003600
2.237,1,Nov 26 2023 15: +0,1701010800
2.259,3,Nov 26 2023 16: +0,1701014400
2.253,2,Nov 26 2023 17: +0,1701018000
2.216,2,Nov 26 2023 18: +0,1701021600
2.309,2,Nov 26 2023 19: +0,1701025200
2.243,1,Nov 26 2023 20: +0,1701028800
2.243,3,Nov 26 2023 21: +0,1701032400
2.163,1,Nov 26 2023 22: +0,1701036000
2.08,2,Nov 26 2023 23: +0,1701039600
1.503,2,Nov 27 2023 01: +0,1701046800
0.829,3,Nov 27 2023 02: +0,1701050400
2.245,3,Nov 27 2023 03: +0,1701054000
2.253,5,Nov 27 2023 04: +0,1701057600
2.249,2,Nov 27 2023 06: +0,1701064800
2.245,1,Nov 27 2023 10: +0,1701079200
2.261,3,Nov 27 2023 12: +0,1701086400
2.229,3,Nov 27 2023 13: +0,1701090000
2.249,4,Nov 27 2023 14: +0,1701093600
1.541,2,Nov 27 2023 15: +0,1701097200
1.544,3,Nov 27 2023 16: +0,1701100800
0.611,1,Nov 27 2023 17: +0,1701104400
2.237,3,Nov 27 2023 18: +0,1701108000
1.528,2,Nov 27 2023 19: +0,1701111600
2.259,3,Nov 27 2023 20: +0,1701115200
2.237,1,Nov 27 2023 21: +0,1701118800
2.253,1,Nov 27 2023 22: +0,1701122400
2.229,1,Nov 28 2023 00: +0,1701129600
2.242,1,Nov 28 2023 01: +0,1701133200
2.261,1,Nov 28 2023 02: +0,1701136800
1.458,2,Nov 28 2023 03: +0,1701140400
2.261,1,Nov 28 2023 04: +0,1701144000
0.672,1,Nov 28 2023 05: +0,1701147600
2.269,1,Nov 28 2023 07: +0,1701154800
2.236,1,Nov 28 2023 10: +0,1701165600
2.229,5,Nov 28 2023 11: +0,1701169200
2.236,2,Nov 28 2023 12: +0,1701172800
2.229,1,Nov 28 2023 13: +0,1701176400
2.225,4,Nov 28 2023 14: +0,1701180000
2.251,1,Nov 28 2023 15: +0,1701183600
2.209,1,Nov 28 2023 16: +0,1701187200
2.209,1,Nov 28 2023 17: +0,1701190800
2.166,4,Nov 28 2023 18: +0,1701194400
2.166,2,Nov 28 2023 19: +0,1701198000
0.823,1,Nov 28 2023 20: +0,1701201600
2.226,4,Nov 28 2023 21: +0,1701205200
2.219,3,Nov 28 2023 23: +0,1701212400
1.838,1,Nov 29 2023 02: +0,1701223200
2.026,1,Nov 29 2023 06: +0,1701237600
2.245,1,Nov 29 2023 08: +0,1701244800
2.221,1,Nov 29 2023 09: +0,1701248400
2.261,1,Nov 29 2023 10: +0,1701252000
0.829,1,Nov 29 2023 12: +0,1701259200
2.219,2,Nov 29 2023 14: +0,1701266400
2.251,1,Nov 29 2023 15: +0,1701270000
1.426,2,Nov 29 2023 16: +0,1701273600
2.262,10,Nov 29 2023 17: +0,1701277200
2.277,3,Nov 29 2023 18: +0,1701280800
2.269,3,Nov 29 2023 20: +0,1701288000
2.439,1,Nov 29 2023 22: +0,1701295200
2.277,1,Nov 30 2023 00: +0,1701302400
2.229,1,Nov 30 2023 01: +0,1701306000
2.258,2,Nov 30 2023 02: +0,1701309600
2.133,2,Nov 30 2023 04: +0,1701316800
1.796,1,Nov 30 2023 06: +0,1701324000
2.238,2,Nov 30 2023 07: +0,1701327600
2.257,2,Nov 30 2023 08: +0,1701331200
2.278,3,Nov 30 2023 10: +0,1701338400
1.527,2,Nov 30 2023 11: +0,1701342000
2.212,2,Nov 30 2023 12: +0,1701345600
2.158,1,Nov 30 2023 17: +0,1701363600
2.193,3,Nov 30 2023 18: +0,1701367200
2.193,1,Nov 30 2023 19: +0,1701370800
2.237,1,Nov 30 2023 20: +0,1701374400
1.461,2,Nov 30 2023 21: +0,1701378000
2.25,1,Nov 30 2023 22: +0,1701381600
2.253,5,Nov 30 2023 23: +0,1701385200
1.462,2,Dec 01 2023 00: +0,1701388800
1.763,2,Dec 01 2023 01: +0,1701392400
2.221,1,Dec 01 2023 02: +0,1701396000
2.245,1,Dec 01 2023 04: +0,1701403200
0.829,1,Dec 01 2023 05: +0,1701406800
2.245,1,Dec 01 2023 06: +0,1701410400
2.245,3,Dec 01 2023 08: +0,1701417600
2.253,1,Dec 01 2023 09: +0,1701421200
2.18,3,Dec 01 2023 10: +0,1701424800
2.132,2,Dec 01 2023 11: +0,1701428400
0.822,1,Dec 01 2023 12: +0,1701432000
2.26,1,Dec 01 2023 13: +0,1701435600
2.213,2,Dec 01 2023 14: +0,1701439200
2.264,2,Dec 01 2023 15: +0,1701442800
2.253,1,Dec 01 2023 17: +0,1701450000
2.221,3,Dec 01 2023 19: +0,1701457200
2.25,3,Dec 01 2023 20: +0,1701460800
2.249,4,Dec 01 2023 21: +0,1701464400
2.253,1,Dec 01 2023 22: +0,1701468000
2.233,8,Dec 01 2023 23: +0,1701471600
2.265,3,Dec 02 2023 00: +0,1701475200
2.265,2,Dec 02 2023 01: +0,1701478800
2.253,2,Dec 02 2023 03: +0,1701486000
2.261,6,Dec 02 2023 04: +0,1701489600
2.277,1,Dec 02 2023 05: +0,1701493200
1.513,2,Dec 02 2023 06: +0,1701496800
2.296,2,Dec 02 2023 09: +0,1701507600
2.288,3,Dec 02 2023 10: +0,1701511200
1.449,2,Dec 02 2023 11: +0,1701514800
2.199,2,Dec 02 2023 12: +0,1701518400
1.535,4,Dec 02 2023 13: +0,1701522000
2.277,7,Dec 02 2023 14: +0,1701525600
2.289,1,Dec 02 2023 15: +0,1701529200
2.091,3,Dec 02 2023 16: +0,1701532800
1.518,5,Dec 02 2023 17: +0,1701536400
2.277,1,Dec 02 2023 18: +0,1701540000
2.309,2,Dec 02 2023 19: +0,1701543600
2.195,1,Dec 02 2023 20: +0,1701547200
1.531,2,Dec 02 2023 21: +0,1701550800
2.277,1,Dec 02 2023 23: +0,1701558000
2.295,4,Dec 03 2023 00: +0,1701561600
2.249,2,Dec 03 2023 01: +0,1701565200
2.301,3,Dec 03 2023 02: +0,1701568800
2.293,1,Dec 03 2023 04: +0,1701576000
2.293,1,Dec 03 2023 05: +0,1701579600
2.299,1,Dec 03 2023 06: +0,1701583200
2.265,2,Dec 03 2023 08: +0,1701590400
1.505,2,Dec 03 2023 10: +0,1701597600
2.301,5,Dec 03 2023 11: +0,1701601200
2.25,2,Dec 03 2023 12: +0,1701604800
2.288,6,Dec 03 2023 13: +0,1701608400
2.292,4,Dec 03 2023 14: +0,1701612000
2.195,1,Dec 03 2023 16: +0,1701619200
2.279,6,Dec 03 2023 17: +0,1701622800
0.824,1,Dec 03 2023 18: +0,1701626400
2.245,2,Dec 03 2023 19: +0,1701630000
2.266,2,Dec 03 2023 20: +0,1701633600
1.956,4,Dec 03 2023 21: +0,1701637200
1.475,3,Dec 03 2023 22: +0,1701640800
2.074,1,Dec 03 2023 23: +0,1701644400
2.071,2,Dec 04 2023 00: +0,1701648000
2.23,1,Dec 04 2023 01: +0,1701651600
2.229,2,Dec 04 2023 03: +0,1701658800
0.784,1,Dec 04 2023 04: +0,1701662400
2.237,3,Dec 04 2023 05: +0,1701666000
2.244,2,Dec 04 2023 06: +0,1701669600
2.117,1,Dec 04 2023 08: +0,1701676800
1.471,2,Dec 04 2023 10: +0,1701684000
0.827,1,Dec 04 2023 11: +0,1701687600
2.117,3,Dec 04 2023 12: +0,1701691200
2.221,1,Dec 04 2023 13: +0,1701694800
2.215,2,Dec 04 2023 16: +0,1701705600
2.592,3,Dec 04 2023 17: +0,1701709200
2.215,1,Dec 04 2023 18: +0,1701712800
2.429,1,Dec 04 2023 19: +0,1701716400
2.215,1,Dec 04 2023 20: +0,1701720000
2.205,8,Dec 04 2023 21: +0,1701723600
2.223,1,Dec 04 2023 22: +0,1701727200
2.213,1,Dec 04 2023 23: +0,1701730800
2.229,1,Dec 05 2023 00: +0,1701734400
2.221,2,Dec 05 2023 02: +0,1701741600
2.221,2,Dec 05 2023 06: +0,1701756000
2.213,1,Dec 05 2023 07: +0,1701759600
2.213,3,Dec 05 2023 08: +0,1701763200
2.216,1,Dec 05 2023 09: +0,1701766800
2.216,1,Dec 05 2023 10: +0,1701770400
2.201,2,Dec 05 2023 12: +0,1701777600
2.229,9,Dec 05 2023 14: +0,1701784800
2.237,4,Dec 05 2023 16: +0,1701792000
2.188,3,Dec 05 2023 17: +0,1701795600
2.205,1,Dec 05 2023 18: +0,1701799200
2.219,4,Dec 05 2023 19: +0,1701802800
2.085,2,Dec 05 2023 21: +0,1701810000
2.232,2,Dec 05 2023 22: +0,1701813600
2.116,3,Dec 05 2023 23: +0,1701817200
2.181,2,Dec 06 2023 00: +0,1701820800
2.205,2,Dec 06 2023 01: +0,1701824400
2.229,3,Dec 06 2023 04: +0,1701835200
2.229,1,Dec 06 2023 08: +0,1701849600
2.16,2,Dec 06 2023 10: +0,1701856800
2.16,1,Dec 06 2023 11: +0,1701860400
2.186,1,Dec 06 2023 12: +0,1701864000
2.224,3,Dec 06 2023 13: +0,1701867600
1.728,1,Dec 06 2023 14: +0,1701871200
2.225,1,Dec 06 2023 16: +0,1701878400
2.212,1,Dec 06 2023 17: +0,1701882000
2.103,2,Dec 06 2023 18: +0,1701885600
2.213,5,Dec 06 2023 19: +0,1701889200
2.205,3,Dec 06 2023 20: +0,1701892800
2.205,1,Dec 06 2023 22: +0,1701900000
2.091,1,Dec 06 2023 23: +0,1701903600
2.182,2,Dec 07 2023 00: +0,1701907200
2.116,3,Dec 07 2023 02: +0,1701914400
1.814,1,Dec 07 2023 03: +0,1701918000
2.221,1,Dec 07 2023 04: +0,1701921600
2.223,1,Dec 07 2023 05: +0,1701925200
2.108,1,Dec 07 2023 07: +0,1701932400
2.221,2,Dec 07 2023 08: +0,1701936000
2.099,3,Dec 07 2023 10: +0,1701943200
2.065,1,Dec 07 2023 11: +0,1701946800
2.229,3,Dec 07 2023 12: +0,1701950400
2.149,2,Dec 07 2023 14: +0,1701957600
2.337,2,Dec 07 2023 17: +0,1701968400
2.193,2,Dec 07 2023 18: +0,1701972000
2.01,2,Dec 07 2023 19: +0,1701975600
2.205,1,Dec 07 2023 20: +0,1701979200
2.205,1,Dec 07 2023 22: +0,1701986400
2.182,1,Dec 08 2023 00: +0,1701993600
2.213,3,Dec 08 2023 01: +0,1701997200
2.229,3,Dec 08 2023 04: +0,1702008000
2.214,2,Dec 08 2023 06: +0,1702015200
2.1,1,Dec 08 2023 07: +0,1702018800
2.205,1,Dec 08 2023 08: +0,1702022400
2.213,3,Dec 08 2023 10: +0,1702029600
2.22,2,Dec 08 2023 11: +0,1702033200
2.23,1,Dec 08 2023 12: +0,1702036800
2.199,2,Dec 08 2023 13: +0,1702040400
2.08,4,Dec 08 2023 14: +0,1702044000
2.213,1,Dec 08 2023 15: +0,1702047600
2.182,3,Dec 08 2023 16: +0,1702051200
2.109,1,Dec 08 2023 17: +0,1702054800
2.205,1,Dec 08 2023 18: +0,1702058400
1.822,2,Dec 08 2023 19: +0,1702062000
2.182,4,Dec 08 2023 20: +0,1702065600
2.221,4,Dec 08 2023 21: +0,1702069200
2.137,4,Dec 08 2023 22: +0,1702072800
2.206,1,Dec 08 2023 23: +0,1702076400
0.903,4,Dec 09 2023 00: +0,1702080000
2.176,2,Dec 09 2023 01: +0,1702083600
2.171,1,Dec 09 2023 02: +0,1702087200
2.186,2,Dec 09 2023 03: +0,1702090800
1.503,4,Dec 09 2023 04: +0,1702094400
2.205,5,Dec 09 2023 05: +0,1702098000
2.129,3,Dec 09 2023 06: +0,1702101600
2.182,3,Dec 09 2023 09: +0,1702112400
2.164,2,Dec 09 2023 10: +0,1702116000
2.182,2,Dec 09 2023 11: +0,1702119600
2.19,4,Dec 09 2023 12: +0,1702123200
1.838,1,Dec 09 2023 13: +0,1702126800
2.188,2,Dec 09 2023 14: +0,1702130400
2.218,6,Dec 09 2023 16: +0,1702137600
2.103,1,Dec 09 2023 17: +0,1702141200
2.182,7,Dec 09 2023 18: +0,1702144800
2.182,13,Dec 09 2023 19: +0,1702148400
1.905,2,Dec 09 2023 20: +0,1702152000
2.174,4,Dec 09 2023 21: +0,1702155600
2.162,4,Dec 09 2023 22: +0,1702159200
2.213,4,Dec 09 2023 23: +0,1702162800
2.166,3,Dec 10 2023 00: +0,1702166400
2.158,3,Dec 10 2023 01: +0,1702170000
2.174,7,Dec 10 2023 03: +0,1702177200
2.197,2,Dec 10 2023 04: +0,1702180800
2.166,3,Dec 10 2023 05: +0,1702184400
2.214,1,Dec 10 2023 07: +0,1702191600
2.185,2,Dec 10 2023 08: +0,1702195200
2.158,1,Dec 10 2023 09: +0,1702198800
2.15,1,Dec 10 2023 10: +0,1702202400
2.261,1,Dec 10 2023 11: +0,1702206000
2.158,1,Dec 10 2023 13: +0,1702213200
2.179,4,Dec 10 2023 15: +0,1702220400
2.207,10,Dec 10 2023 17: +0,1702227600
2.21,2,Dec 10 2023 19: +0,1702234800
2.14,3,Dec 10 2023 20: +0,1702238400
2.155,1,Dec 10 2023 21: +0,1702242000
2.179,1,Dec 10 2023 22: +0,1702245600
2.147,2,Dec 10 2023 23: +0,1702249200
2.155,1,Dec 11 2023 00: +0,1702252800
2.179,1,Dec 11 2023 01: +0,1702256400
2.187,6,Dec 11 2023 02: +0,1702260000
2.234,3,Dec 11 2023 03: +0,1702263600
2.243,1,Dec 11 2023 06: +0,1702274400
1.586,1,Dec 11 2023 07: +0,1702278000
2.273,1,Dec 11 2023 10: +0,1702288800
2.079,3,Dec 11 2023 11: +0,1702292400
2.274,3,Dec 11 2023 12: +0,1702296000
1.352,2,Dec 11 2023 15: +0,1702306800
2.211,1,Dec 11 2023 16: +0,1702310400
2.188,1,Dec 11 2023 17: +0,1702314000
2.205,3,Dec 11 2023 18: +0,1702317600
2.245,2,Dec 11 2023 19: +0,1702321200
2.282,1,Dec 11 2023 20: +0,1702324800
2.219,1,Dec 11 2023 21: +0,1702328400
2.391,2,Dec 11 2023 22: +0,1702332000
2.282,1,Dec 11 2023 23: +0,1702335600
2.349,2,Dec 12 2023 00: +0,1702339200
2.519,2,Dec 12 2023 01: +0,1702342800
2.4,2,Dec 12 2023 03: +0,1702350000
2.226,1,Dec 12 2023 05: +0,1702357200
2.271,1,Dec 12 2023 09: +0,1702371600
2.463,1,Dec 12 2023 10: +0,1702375200
2.247,2,Dec 12 2023 12: +0,1702382400
2.203,2,Dec 12 2023 13: +0,1702386000
2.282,1,Dec 12 2023 14: +0,1702389600
2.197,2,Dec 12 2023 18: +0,1702404000
2.199,2,Dec 12 2023 20: +0,1702411200
1.479,2,Dec 12 2023 21: +0,1702414800
2.153,2,Dec 12 2023 22: +0,1702418400
2.234,1,Dec 12 2023 23: +0,1702422000
1.989,1,Dec 13 2023 06: +0,1702447200
2.155,1,Dec 13 2023 08: +0,1702454400
2.147,1,Dec 13 2023 11: +0,1702465200
2.147,8,Dec 13 2023 12: +0,1702468800
2.144,6,Dec 13 2023 13: +0,1702472400
2.14,1,Dec 13 2023 15: +0,1702479600
2.174,4,Dec 13 2023 16: +0,1702483200
2.176,1,Dec 13 2023 18: +0,1702490400
2.064,2,Dec 13 2023 19: +0,1702494000
2.158,2,Dec 13 2023 20: +0,1702497600
2.155,2,Dec 13 2023 22: +0,1702504800
1.784,1,Dec 14 2023 00: +0,1702512000
2.159,2,Dec 14 2023 02: +0,1702519200
2.132,3,Dec 14 2023 03: +0,1702522800
2.163,1,Dec 14 2023 06: +0,1702533600
2.155,1,Dec 14 2023 07: +0,1702537200
2.021,1,Dec 14 2023 09: +0,1702544400
2.14,3,Dec 14 2023 10: +0,1702548000
2.159,2,Dec 14 2023 11: +0,1702551600
2.116,2,Dec 14 2023 12: +0,1702555200
2.14,5,Dec 14 2023 14: +0,1702562400
2.179,1,Dec 14 2023 15: +0,1702566000
2.14,1,Dec 14 2023 16: +0,1702569600
2.161,2,Dec 14 2023 18: +0,1702576800
2.097,2,Dec 14 2023 19: +0,1702580400
2.14,5,Dec 14 2023 20: +0,1702584000
2.14,7,Dec 14 2023 21: +0,1702587600
2.127,3,Dec 14 2023 22: +0,1702591200
2.187,3,Dec 14 2023 23: +0,1702594800
2.125,3,Dec 15 2023 00: +0,1702598400
2.274,2,Dec 15 2023 01: +0,1702602000
0.669,1,Dec 15 2023 02: +0,1702605600
2.195,2,Dec 15 2023 03: +0,1702609200
2.16,4,Dec 15 2023 05: +0,1702616400
2.16,1,Dec 15 2023 06: +0,1702620000
2.167,2,Dec 15 2023 09: +0,1702630800
2.147,1,Dec 15 2023 11: +0,1702638000
2.144,2,Dec 15 2023 13: +0,1702645200
1.437,2,Dec 15 2023 14: +0,1702648800
0.738,1,Dec 15 2023 15: +0,1702652400
2.102,2,Dec 15 2023 16: +0,1702656000
2.183,1,Dec 15 2023 18: +0,1702663200
2.147,2,Dec 15 2023 19: +0,1702666800
2.128,3,Dec 15 2023 20: +0,1702670400
2.143,1,Dec 15 2023 21: +0,1702674000
2.152,2,Dec 15 2023 22: +0,1702677600
2.14,3,Dec 15 2023 23: +0,1702681200
2.143,1,Dec 16 2023 00: +0,1702684800
2.143,2,Dec 16 2023 03: +0,1702695600
2.084,1,Dec 16 2023 05: +0,1702702800
2.158,1,Dec 16 2023 06: +0,1702706400
2.14,1,Dec 16 2023 08: +0,1702713600
1.593,1,Dec 16 2023 10: +0,1702720800
2.155,1,Dec 16 2023 11: +0,1702724400
2.155,1,Dec 16 2023 12: +0,1702728000
1.957,2,Dec 16 2023 13: +0,1702731600
2.162,6,Dec 16 2023 14: +0,1702735200
2.197,4,Dec 16 2023 15: +0,1702738800
2.211,1,Dec 16 2023 16: +0,1702742400
2.145,4,Dec 16 2023 17: +0,1702746000
2.231,1,Dec 16 2023 18: +0,1702749600
1.981,2,Dec 16 2023 19: +0,1702753200
2.129,2,Dec 16 2023 20: +0,1702756800
1.987,1,Dec 16 2023 21: +0,1702760400
2.216,1,Dec 16 2023 22: +0,1702764000
2.219,1,Dec 16 2023 23: +0,1702767600
1.361,1,Dec 17 2023 03: +0,1702782000
2.159,2,Dec 17 2023 06: +0,1702792800
2.203,1,Dec 17 2023 07: +0,1702796400
2.212,2,Dec 17 2023 08: +0,1702800000
2.068,1,Dec 17 2023 09: +0,1702803600
2.108,3,Dec 17 2023 14: +0,1702821600
2.112,2,Dec 17 2023 15: +0,1702825200
2.132,1,Dec 17 2023 16: +0,1702828800
2.11,3,Dec 17 2023 18: +0,1702836000
2.155,1,Dec 17 2023 19: +0,1702839600
2.171,3,Dec 17 2023 20: +0,1702843200
2.179,2,Dec 17 2023 21: +0,1702846800
2.203,1,Dec 17 2023 22: +0,1702850400
2.042,2,Dec 18 2023 04: +0,1702872000
2.016,1,Dec 18 2023 09: +0,1702890000
0.637,1,Dec 18 2023 11: +0,1702897200
2.082,2,Dec 18 2023 14: +0,1702908000
2.021,2,Dec 18 2023 15: +0,1702911600
2.059,8,Dec 18 2023 16: +0,1702915200
2.058,2,Dec 18 2023 17: +0,1702918800
2.059,5,Dec 18 2023 18: +0,1702922400
2.041,2,Dec 18 2023 19: +0,1702926000
2.088,2,Dec 18 2023 20: +0,1702929600
1.932,1,Dec 18 2023 21: +0,1702933200
2.033,2,Dec 18 2023 22: +0,1702936800
2.031,2,Dec 18 2023 23: +0,1702940400
1.973,1,Dec 19 2023 00: +0,1702944000
2.06,1,Dec 19 2023 04: +0,1702958400
2.06,4,Dec 19 2023 06: +0,1702965600
2.241,2,Dec 19 2023 07: +0,1702969200
2.061,1,Dec 19 2023 11: +0,1702983600
1.933,1,Dec 19 2023 12: +0,1702987200
2.026,7,Dec 19 2023 13: +0,1702990800
1.945,2,Dec 19 2023 16: +0,1703001600
2.017,4,Dec 19 2023 18: +0,1703008800
1.985,2,Dec 19 2023 19: +0,1703012400
2.021,3,Dec 19 2023 20: +0,1703016000
2.078,1,Dec 19 2023 21: +0,1703019600
1.99,2,Dec 20 2023 00: +0,1703030400
2.052,1,Dec 20 2023 01: +0,1703034000
2.006,4,Dec 20 2023 02: +0,1703037600
0.821,1,Dec 20 2023 07: +0,1703055600
1.998,1,Dec 20 2023 09: +0,1703062800
1.998,1,Dec 20 2023 10: +0,1703066400
2.06,1,Dec 20 2023 12: +0,1703073600
1.998,6,Dec 20 2023 13: +0,1703077200
2.045,2,Dec 20 2023 14: +0,1703080800
2.068,1,Dec 20 2023 15: +0,1703084400
1.998,3,Dec 20 2023 17: +0,1703091600
1.898,1,Dec 20 2023 18: +0,1703095200
2.023,4,Dec 20 2023 19: +0,1703098800
0.905,4,Dec 20 2023 21: +0,1703106000
2.029,3,Dec 20 2023 22: +0,1703109600
2.025,2,Dec 20 2023 23: +0,1703113200
2.013,1,Dec 21 2023 00: +0,1703116800
1.993,1,Dec 21 2023 01: +0,1703120400
2.036,2,Dec 21 2023 02: +0,1703124000
1.962,1,Dec 21 2023 03: +0,1703127600
1.989,2,Dec 21 2023 05: +0,1703134800
1.936,1,Dec 21 2023 06: +0,1703138400
2.068,10,Dec 21 2023 07: +0,1703142000
1.954,2,Dec 21 2023 08: +0,1703145600
2.013,5,Dec 21 2023 09: +0,1703149200
2.013,3,Dec 21 2023 10: +0,1703152800
2.052,2,Dec 21 2023 11: +0,1703156400
2.013,1,Dec 21 2023 12: +0,1703160000
2.013,4,Dec 21 2023 15: +0,1703170800
1.992,1,Dec 21 2023 16: +0,1703174400
0.853,3,Dec 21 2023 17: +0,1703178000
2.003,3,Dec 21 2023 18: +0,1703181600
2.037,4,Dec 21 2023 19: +0,1703185200
2.084,1,Dec 21 2023 20: +0,1703188800
2.033,4,Dec 21 2023 21: +0,1703192400
2.029,2,Dec 21 2023 22: +0,1703196000
2.062,3,Dec 21 2023 23: +0,1703199600
2.078,3,Dec 22 2023 00: +0,1703203200
2.082,1,Dec 22 2023 01: +0,1703206800
1.983,1,Dec 22 2023 02: +0,1703210400
2.078,4,Dec 22 2023 03: +0,1703214000
2.078,1,Dec 22 2023 04: +0,1703217600
2.023,2,Dec 22 2023 05: +0,1703221200
1.995,4,Dec 22 2023 07: +0,1703228400
1.983,1,Dec 22 2023 08: +0,1703232000
1.994,1,Dec 22 2023 11: +0,1703242800
1.955,1,Dec 22 2023 12: +0,1703246400
1.993,3,Dec 22 2023 13: +0,1703250000
1.994,3,Dec 22 2023 14: +0,1703253600
2.006,4,Dec 22 2023 15: +0,1703257200
2.188,4,Dec 22 2023 16: +0,1703260800
1.989,3,Dec 22 2023 17: +0,1703264400
2.008,4,Dec 22 2023 18: +0,1703268000
2.106,2,Dec 22 2023 19: +0,1703271600
1.87,1,Dec 22 2023 20: +0,1703275200
2.012,2,Dec 22 2023 21: +0,1703278800
2.073,1,Dec 22 2023 22: +0,1703282400
2.055,1,Dec 23 2023 00: +0,1703289600
2.003,3,Dec 23 2023 01: +0,1703293200
2.007,2,Dec 23 2023 02: +0,1703296800
2.003,3,Dec 23 2023 03: +0,1703300400
2.023,1,Dec 23 2023 04: +0,1703304000
2.039,2,Dec 23 2023 05: +0,1703307600
2.003,2,Dec 23 2023 06: +0,1703311200
2.003,1,Dec 23 2023 07: +0,1703314800
2.031,1,Dec 23 2023 09: +0,1703322000
2.003,4,Dec 23 2023 11: +0,1703329200
1.946,5,Dec 23 2023 13: +0,1703336400
1.909,1,Dec 23 2023 14: +0,1703340000
1.938,2,Dec 23 2023 15: +0,1703343600
2.003,3,Dec 23 2023 16: +0,1703347200
2.003,5,Dec 23 2023 17: +0,1703350800
2.023,1,Dec 23 2023 18: +0,1703354400
2.009,2,Dec 23 2023 19: +0,1703358000
2.003,5,Dec 23 2023 20: +0,1703361600
2.003,5,Dec 23 2023 21: +0,1703365200
1.996,3,Dec 23 2023 22: +0,1703368800
1.994,4,Dec 23 2023 23: +0,1703372400
1.998,2,Dec 24 2023 00: +0,1703376000
1.91,1,Dec 24 2023 01: +0,1703379600
2.009,2,Dec 24 2023 02: +0,1703383200
2.04,7,Dec 24 2023 03: +0,1703386800
2.094,5,Dec 24 2023 04: +0,1703390400
1.98,2,Dec 24 2023 05: +0,1703394000
1.593,2,Dec 24 2023 07: +0,1703401200
2.004,2,Dec 24 2023 08: +0,1703404800
1.946,1,Dec 24 2023 09: +0,1703408400
2.024,1,Dec 24 2023 10: +0,1703412000
2.031,3,Dec 24 2023 11: +0,1703415600
1.998,2,Dec 24 2023 12: +0,1703419200
2.031,6,Dec 24 2023 14: +0,1703426400
0.606,1,Dec 24 2023 15: +0,1703430000
1.93,2,Dec 24 2023 16: +0,1703433600
2.031,1,Dec 24 2023 18: +0,1703440800
2.015,1,Dec 24 2023 19: +0,1703444400
1.362,2,Dec 24 2023 20: +0,1703448000
1.946,1,Dec 24 2023 22: +0,1703455200
1.996,6,Dec 24 2023 23: +0,1703458800
2.003,5,Dec 25 2023 00: +0,1703462400
2.003,1,Dec 25 2023 01: +0,1703466000
2.003,1,Dec 25 2023 02: +0,1703469600
1.91,3,Dec 25 2023 03: +0,1703473200
1.337,4,Dec 25 2023 05: +0,1703480400
2.013,2,Dec 25 2023 06: +0,1703484000
2.17,3,Dec 25 2023 07: +0,1703487600
2.027,2,Dec 25 2023 08: +0,1703491200
1.701,1,Dec 25 2023 09: +0,1703494800
2.013,2,Dec 25 2023 10: +0,1703498400
2.022,3,Dec 25 2023 11: +0,1703502000
2.003,3,Dec 25 2023 13: +0,1703509200
1.901,1,Dec 25 2023 14: +0,1703512800
1.958,3,Dec 25 2023 16: +0,1703520000
2.0,3,Dec 25 2023 17: +0,1703523600
2.023,1,Dec 25 2023 18: +0,1703527200
1.984,1,Dec 25 2023 19: +0,1703530800
1.97,2,Dec 25 2023 20: +0,1703534400
1.919,2,Dec 25 2023 21: +0,1703538000
0.739,3,Dec 25 2023 22: +0,1703541600
1.339,4,Dec 25 2023 23: +0,1703545200
1.98,1,Dec 26 2023 00: +0,1703548800
2.015,1,Dec 26 2023 02: +0,1703556000
1.866,4,Dec 26 2023 04: +0,1703563200
1.986,1,Dec 26 2023 07: +0,1703574000
2.046,1,Dec 26 2023 11: +0,1703588400
1.736,1,Dec 26 2023 12: +0,1703592000
1.968,2,Dec 26 2023 14: +0,1703599200
1.991,4,Dec 26 2023 15: +0,1703602800
2.0,3,Dec 26 2023 16: +0,1703606400
1.351,2,Dec 26 2023 17: +0,1703610000
1.996,1,Dec 26 2023 18: +0,1703613600
1.85,4,Dec 26 2023 19: +0,1703617200
2.001,2,Dec 26 2023 20: +0,1703620800
1.968,3,Dec 26 2023 22: +0,1703628000
1.999,3,Dec 26 2023 23: +0,1703631600
1.968,1,Dec 27 2023 01: +0,1703638800
1.904,2,Dec 27 2023 04: +0,1703649600
1.96,1,Dec 27 2023 06: +0,1703656800
1.992,2,Dec 27 2023 08: +0,1703664000
1.969,5,Dec 27 2023 09: +0,1703667600
2.015,1,Dec 27 2023 10: +0,1703671200
2.007,1,Dec 27 2023 11: +0,1703674800
2.015,9,Dec 27 2023 12: +0,1703678400
0.733,1,Dec 27 2023 13: +0,1703682000
2.015,4,Dec 27 2023 14: +0,1703685600
2.015,7,Dec 27 2023 15: +0,1703689200
2.007,8,Dec 27 2023 16: +0,1703692800
2.01,2,Dec 27 2023 17: +0,1703696400
1.492,1,Dec 27 2023 18: +0,1703700000
1.982,4,Dec 27 2023 19: +0,1703703600
2.015,10,Dec 27 2023 20: +0,1703707200
1.995,3,Dec 27 2023 21: +0,1703710800
2.007,1,Dec 27 2023 22: +0,1703714400
2.004,5,Dec 27 2023 23: +0,1703718000
2.022,1,Dec 28 2023 00: +0,1703721600
2.014,5,Dec 28 2023 01: +0,1703725200
2.015,26,Dec 28 2023 02: +0,1703728800
2.013,9,Dec 28 2023 03: +0,1703732400
2.015,4,Dec 28 2023 04: +0,1703736000
1.813,1,Dec 28 2023 05: +0,1703739600
1.952,1,Dec 28 2023 06: +0,1703743200
2.007,2,Dec 28 2023 07: +0,1703746800
2.031,7,Dec 28 2023 09: +0,1703754000
2.028,1,Dec 28 2023 10: +0,1703757600
2.037,3,Dec 28 2023 11: +0,1703761200
2.083,1,Dec 28 2023 12: +0,1703764800
2.052,2,Dec 28 2023 13: +0,1703768400
1.961,3,Dec 28 2023 14: +0,1703772000
1.98,4,Dec 28 2023 15: +0,1703775600
2.047,1,Dec 28 2023 16: +0,1703779200
2.023,3,Dec 28 2023 17: +0,1703782800
2.033,2,Dec 28 2023 18: +0,1703786400
2.078,4,Dec 28 2023 19: +0,1703790000
2.015,3,Dec 28 2023 20: +0,1703793600
1.437,2,Dec 28 2023 22: +0,1703800800
2.097,3,Dec 28 2023 23: +0,1703804400
2.354,1,Dec 29 2023 01: +0,1703811600
2.094,1,Dec 29 2023 04: +0,1703822400
2.102,6,Dec 29 2023 06: +0,1703829600
2.118,2,Dec 29 2023 07: +0,1703833200
2.164,1,Dec 29 2023 08: +0,1703836800
2.094,1,Dec 29 2023 10: +0,1703844000
2.086,2,Dec 29 2023 12: +0,1703851200
2.11,1,Dec 29 2023 13: +0,1703854800
2.047,1,Dec 29 2023 14: +0,1703858400
2.157,1,Dec 29 2023 16: +0,1703865600
2.078,2,Dec 29 2023 17: +0,1703869200
2.149,4,Dec 29 2023 18: +0,1703872800
0.734,5,Dec 29 2023 19: +0,1703876400
2.007,1,Dec 29 2023 20: +0,1703880000
2.149,8,Dec 29 2023 21: +0,1703883600
2.14,15,Dec 29 2023 22: +0,1703887200
2.09,4,Dec 29 2023 23: +0,1703890800
2.049,2,Dec 30 2023 00: +0,1703894400
1.457,2,Dec 30 2023 01: +0,1703898000
2.131,1,Dec 30 2023 02: +0,1703901600
2.133,9,Dec 30 2023 04: +0,1703908800
1.349,2,Dec 30 2023 06: +0,1703916000
2.133,6,Dec 30 2023 08: +0,1703923200
2.11,16,Dec 30 2023 09: +0,1703926800
2.116,2,Dec 30 2023 10: +0,1703930400
2.137,1,Dec 30 2023 11: +0,1703934000
2.007,1,Dec 30 2023 12: +0,1703937600
2.14,1,Dec 30 2023 13: +0,1703941200
2.14,1,Dec 30 2023 14: +0,1703944800
2.133,4,Dec 30 2023 15: +0,1703948400
0.777,1,Dec 30 2023 16: +0,1703952000
2.133,9,Dec 30 2023 18: +0,1703959200
2.409,1,Dec 30 2023 19: +0,1703962800
2.047,2,Dec 30 2023 20: +0,1703966400
2.125,3,Dec 30 2023 22: +0,1703973600
2.136,1,Dec 31 2023 00: +0,1703980800
2.362,1,Dec 31 2023 01: +0,1703984400
2.133,6,Dec 31 2023 02: +0,1703988000
2.133,1,Dec 31 2023 03: +0,1703991600
2.141,17,Dec 31 2023 04: +0,1703995200
2.131,1,Dec 31 2023 05: +0,1703998800
2.141,3,Dec 31 2023 08: +0,1704009600
2.133,2,Dec 31 2023 09: +0,1704013200
2.15,3,Dec 31 2023 11: +0,1704020400
2.133,15,Dec 31 2023 12: +0,1704024000
2.022,2,Dec 31 2023 13: +0,1704027600
1.968,1,Dec 31 2023 14: +0,1704031200
2.135,2,Dec 31 2023 17: +0,1704042000
2.136,2,Dec 31 2023 18: +0,1704045600
0.734,2,Dec 31 2023 19: +0,1704049200
2.089,3,Dec 31 2023 22: +0,1704060000
2.152,1,Dec 31 2023 23: +0,1704063600
0.818,2,Jan 01 2024 00: +0,1704067200
2.132,9,Jan 01 2024 01: +0,1704070800
2.092,3,Jan 01 2024 02: +0,1704074400
2.14,1,Jan 01 2024 03: +0,1704078000
1.978,4,Jan 01 2024 04: +0,1704081600
1.966,1,Jan 01 2024 06: +0,1704088800
2.151,10,Jan 01 2024 08: +0,1704096000
2.14,3,Jan 01 2024 09: +0,1704099600
1.998,3,Jan 01 2024 13: +0,1704114000
2.149,1,Jan 01 2024 14: +0,1704117600
2.135,2,Jan 01 2024 15: +0,1704121200
1.946,2,Jan 01 2024 16: +0,1704124800
2.116,1,Jan 01 2024 17: +0,1704128400
2.163,5,Jan 01 2024 18: +0,1704132000
2.089,1,Jan 01 2024 19: +0,1704135600
2.089,10,Jan 01 2024 20: +0,1704139200
2.129,4,Jan 01 2024 21: +0,1704142800
2.124,1,Jan 01 2024 22: +0,1704146400
0.817,1,Jan 01 2024 23: +0,1704150000
1.459,4,Jan 02 2024 00: +0,1704153600
0.817,1,Jan 02 2024 02: +0,1704160800
2.124,1,Jan 02 2024 03: +0,1704164400
2.139,1,Jan 02 2024 05: +0,1704171600
2.045,2,Jan 02 2024 06: +0,1704175200
2.132,3,Jan 02 2024 07: +0,1704178800
2.068,2,Jan 02 2024 10: +0,1704189600
2.124,1,Jan 02 2024 11: +0,1704193200
2.124,1,Jan 02 2024 13: +0,1704200400
2.061,3,Jan 02 2024 14: +0,1704204000
2.124,1,Jan 02 2024 16: +0,1704211200
2.139,1,Jan 02 2024 17: +0,1704214800
2.124,5,Jan 02 2024 18: +0,1704218400
2.116,3,Jan 02 2024 19: +0,1704222000
2.116,3,Jan 02 2024 21: +0,1704229200
2.076,3,Jan 02 2024 22: +0,1704232800
2.053,4,Jan 02 2024 23: +0,1704236400
2.126,3,Jan 03 2024 00: +0,1704240000
1.99,1,Jan 03 2024 02: +0,1704247200
2.171,1,Jan 03 2024 05: +0,1704258000
2.045,1,Jan 03 2024 06: +0,1704261600
2.125,2,Jan 03 2024 07: +0,1704265200
2.061,1,Jan 03 2024 08: +0,1704268800
2.126,1,Jan 03 2024 10: +0,1704276000
2.128,2,Jan 03 2024 11: +0,1704279600
2.116,1,Jan 03 2024 12: +0,1704283200
2.111,1,Jan 03 2024 13: +0,1704286800
1.464,2,Jan 03 2024 14: +0,1704290400
2.917,1,Jan 03 2024 16: +0,1704297600
1.447,2,Jan 03 2024 17: +0,1704301200
2.124,10,Jan 03 2024 18: +0,1704304800
2.102,3,Jan 03 2024 19: +0,1704308400
2.062,2,Jan 03 2024 20: +0,1704312000
1.99,3,Jan 03 2024 21: +0,1704315600
2.037,1,Jan 03 2024 22: +0,1704319200
2.109,2,Jan 03 2024 23: +0,1704322800
2.116,1,Jan 04 2024 02: +0,1704333600
0.815,1,Jan 04 2024 03: +0,1704337200
1.931,4,Jan 04 2024 04: +0,1704340800
1.935,1,Jan 04 2024 05: +0,1704344400
2.147,1,Jan 04 2024 08: +0,1704355200
2.205,1,Jan 04 2024 09: +0,1704358800
2.084,1,Jan 04 2024 10: +0,1704362400
2.084,1,Jan 04 2024 11: +0,1704366000
2.119,6,Jan 04 2024 12: +0,1704369600
1.806,2,Jan 04 2024 13: +0,1704373200
1.963,2,Jan 04 2024 14: +0,1704376800
2.144,1,Jan 04 2024 16: +0,1704384000
2.024,2,Jan 04 2024 17: +0,1704387600
2.111,5,Jan 04 2024 19: +0,1704394800
2.108,3,Jan 04 2024 20: +0,1704398400
1.93,2,Jan 04 2024 21: +0,1704402000
2.119,6,Jan 04 2024 22: +0,1704405600
2.097,1,Jan 04 2024 23: +0,1704409200
2.081,2,Jan 05 2024 00: +0,1704412800
2.061,1,Jan 05 2024 01: +0,1704416400
2.037,1,Jan 05 2024 03: +0,1704423600
2.175,2,Jan 05 2024 04: +0,1704427200
2.084,1,Jan 05 2024 05: +0,1704430800
2.117,1,Jan 05 2024 07: +0,1704438000
2.124,5,Jan 05 2024 08: +0,1704441600
2.108,3,Jan 05 2024 09: +0,1704445200
2.15,5,Jan 05 2024 10: +0,1704448800
2.14,1,Jan 05 2024 11: +0,1704452400
2.171,1,Jan 05 2024 12: +0,1704456000
2.15,2,Jan 05 2024 14: +0,1704463200
2.15,2,Jan 05 2024 15: +0,1704466800
2.161,1,Jan 05 2024 16: +0,1704470400
2.116,3,Jan 05 2024 17: +0,1704474000
2.14,1,Jan 05 2024 18: +0,1704477600
2.112,2,Jan 05 2024 19: +0,1704481200
2.15,1,Jan 05 2024 20: +0,1704484800
2.14,4,Jan 05 2024 21: +0,1704488400
2.179,5,Jan 05 2024 22: +0,1704492000
2.202,1,Jan 05 2024 23: +0,1704495600
2.147,1,Jan 06 2024 00: +0,1704499200
2.323,2,Jan 06 2024 01: +0,1704502800
2.171,3,Jan 06 2024 02: +0,1704506400
2.261,2,Jan 06 2024 07: +0,1704524400
2.253,1,Jan 06 2024 10: +0,1704535200
2.14,3,Jan 06 2024 12: +0,1704542400
2.232,1,Jan 06 2024 13: +0,1704546000
2.204,3,Jan 06 2024 14: +0,1704549600
2.195,2,Jan 06 2024 16: +0,1704556800
2.116,7,Jan 06 2024 17: +0,1704560400
2.147,4,Jan 06 2024 19: +0,1704567600
0.792,5,Jan 06 2024 20: +0,1704571200
2.147,7,Jan 06 2024 21: +0,1704574800
1.497,2,Jan 06 2024 22: +0,1704578400
0.801,3,Jan 06 2024 23: +0,1704582000
2.081,2,Jan 07 2024 00: +0,1704585600
2.124,4,Jan 07 2024 01: +0,1704589200
2.188,1,Jan 07 2024 02: +0,1704592800
2.122,2,Jan 07 2024 03: +0,1704596400
2.17,5,Jan 07 2024 04: +0,1704600000
1.86,1,Jan 07 2024 05: +0,1704603600
2.116,3,Jan 07 2024 06: +0,1704607200
2.164,4,Jan 07 2024 07: +0,1704610800
2.1,1,Jan 07 2024 09: +0,1704618000
2.187,7,Jan 07 2024 13: +0,1704632400
2.149,2,Jan 07 2024 14: +0,1704636000
2.163,6,Jan 07 2024 15: +0,1704639600
2.163,2,Jan 07 2024 16: +0,1704643200
2.171,1,Jan 07 2024 17: +0,1704646800
2.178,1,Jan 07 2024 18: +0,1704650400
2.159,4,Jan 07 2024 19: +0,1704654000
2.175,10,Jan 07 2024 21: +0,1704661200
2.189,4,Jan 07 2024 22: +0,1704664800
2.132,1,Jan 08 2024 01: +0,1704675600
1.966,1,Jan 08 2024 02: +0,1704679200
2.14,3,Jan 08 2024 03: +0,1704682800
1.962,2,Jan 08 2024 04: +0,1704686400
2.19,1,Jan 08 2024 05: +0,1704690000
2.11,4,Jan 08 2024 06: +0,1704693600
2.128,2,Jan 08 2024 07: +0,1704697200
2.179,1,Jan 08 2024 08: +0,1704700800
2.108,5,Jan 08 2024 09: +0,1704704400
2.179,1,Jan 08 2024 12: +0,1704715200
2.175,1,Jan 08 2024 14: +0,1704722400
2.152,1,Jan 08 2024 15: +0,1704726000
1.45,2,Jan 08 2024 16: +0,1704729600
2.132,2,Jan 08 2024 17: +0,1704733200
2.179,5,Jan 08 2024 18: +0,1704736800
2.077,1,Jan 08 2024 19: +0,1704740400
2.061,4,Jan 08 2024 20: +0,1704744000
2.179,1,Jan 08 2024 21: +0,1704747600
2.18,1,Jan 08 2024 22: +0,1704751200
1.982,3,Jan 08 2024 23: +0,1704754800
2.166,2,Jan 09 2024 01: +0,1704762000
2.138,4,Jan 09 2024 02: +0,1704765600
2.187,1,Jan 09 2024 03: +0,1704769200
2.139,2,Jan 09 2024 05: +0,1704776400
2.17,1,Jan 09 2024 06: +0,1704780000
2.18,2,Jan 09 2024 07: +0,1704783600
2.195,2,Jan 09 2024 08: +0,1704787200
2.187,4,Jan 09 2024 09: +0,1704790800
2.218,1,Jan 09 2024 11: +0,1704798000
2.178,3,Jan 09 2024 13: +0,1704805200
2.218,7,Jan 09 2024 14: +0,1704808800
2.226,7,Jan 09 2024 15: +0,1704812400
2.234,7,Jan 09 2024 16: +0,1704816000
2.165,3,Jan 09 2024 17: +0,1704819600
2.17,1,Jan 09 2024 18: +0,1704823200
2.232,1,Jan 09 2024 19: +0,1704826800
2.181,4,Jan 09 2024 20: +0,1704830400
2.171,8,Jan 09 2024 21: +0,1704834000
2.179,4,Jan 09 2024 22: +0,1704837600
2.19,1,Jan 09 2024 23: +0,1704841200
2.109,2,Jan 10 2024 00: +0,1704844800
2.192,1,Jan 10 2024 07: +0,1704870000
2.195,11,Jan 10 2024 08: +0,1704873600
2.147,5,Jan 10 2024 11: +0,1704884400
2.108,1,Jan 10 2024 12: +0,1704888000
2.216,3,Jan 10 2024 13: +0,1704891600
1.966,1,Jan 10 2024 14: +0,1704895200
2.237,3,Jan 10 2024 15: +0,1704898800
2.242,4,Jan 10 2024 16: +0,1704902400
2.053,1,Jan 10 2024 17: +0,1704906000
0.662,1,Jan 10 2024 18: +0,1704909600
2.247,2,Jan 10 2024 19: +0,1704913200
2.062,4,Jan 10 2024 20: +0,1704916800
2.25,1,Jan 10 2024 21: +0,1704920400
2.226,3,Jan 10 2024 23: +0,1704927600
2.226,5,Jan 11 2024 00: +0,1704931200
2.226,8,Jan 11 2024 01: +0,1704934800
2.135,1,Jan 11 2024 02: +0,1704938400
2.234,1,Jan 11 2024 05: +0,1704949200
2.21,2,Jan 11 2024 06: +0,1704952800
2.242,2,Jan 11 2024 07: +0,1704956400
2.242,7,Jan 11 2024 08: +0,1704960000
2.245,2,Jan 11 2024 09: +0,1704963600
2.21,3,Jan 11 2024 11: +0,1704970800
2.21,4,Jan 11 2024 12: +0,1704974400
2.155,2,Jan 11 2024 13: +0,1704978000
2.195,1,Jan 11 2024 14: +0,1704981600
2.195,1,Jan 11 2024 15: +0,1704985200
2.077,1,Jan 11 2024 16: +0,1704988800
2.195,3,Jan 11 2024 17: +0,1704992400
2.231,1,Jan 11 2024 18: +0,1704996000
2.235,3,Jan 11 2024 19: +0,1704999600
2.21,1,Jan 11 2024 20: +0,1705003200
2.229,1,Jan 11 2024 21: +0,1705006800
2.253,1,Jan 11 2024 22: +0,1705010400
2.182,3,Jan 11 2024 23: +0,1705014000
2.04,2,Jan 12 2024 00: +0,1705017600
2.241,2,Jan 12 2024 02: +0,1705024800
1.791,1,Jan 12 2024 03: +0,1705028400
2.237,1,Jan 12 2024 04: +0,1705032000
2.237,1,Jan 12 2024 05: +0,1705035600
2.237,2,Jan 12 2024 06: +0,1705039200
2.205,3,Jan 12 2024 07: +0,1705042800
2.241,6,Jan 12 2024 08: +0,1705046400
2.15,1,Jan 12 2024 10: +0,1705053600
2.195,1,Jan 12 2024 11: +0,1705057200
1.832,1,Jan 12 2024 12: +0,1705060800
2.15,5,Jan 12 2024 13: +0,1705064400
2.164,3,Jan 12 2024 15: +0,1705071600
2.13,2,Jan 12 2024 16: +0,1705075200
2.163,4,Jan 12 2024 17: +0,1705078800
2.163,1,Jan 12 2024 18: +0,1705082400
2.15,3,Jan 12 2024 19: +0,1705086000
2.16,4,Jan 12 2024 20: +0,1705089600
1.325,1,Jan 12 2024 21: +0,1705093200
1.996,4,Jan 12 2024 22: +0,1705096800
2.171,3,Jan 12 2024 23: +0,1705100400
2.161,5,Jan 13 2024 00: +0,1705104000
2.095,3,Jan 13 2024 01: +0,1705107600
2.177,3,Jan 13 2024 02: +0,1705111200
2.151,1,Jan 13 2024 04: +0,1705118400
2.177,1,Jan 13 2024 05: +0,1705122000
2.18,1,Jan 13 2024 06: +0,1705125600
2.177,3,Jan 13 2024 07: +0,1705129200
2.289,2,Jan 13 2024 08: +0,1705132800
2.174,1,Jan 13 2024 09: +0,1705136400
2.13,2,Jan 13 2024 12: +0,1705147200
2.308,2,Jan 13 2024 13: +0,1705150800
2.158,1,Jan 13 2024 14: +0,1705154400
2.113,2,Jan 13 2024 15: +0,1705158000
2.013,3,Jan 13 2024 16: +0,1705161600
2.165,5,Jan 13 2024 17: +0,1705165200
2.059,2,Jan 13 2024 18: +0,1705168800
2.19,1,Jan 13 2024 19: +0,1705172400
2.115,2,Jan 13 2024 20: +0,1705176000
2.126,1,Jan 13 2024 21: +0,1705179600
2.091,2,Jan 13 2024 22: +0,1705183200
2.171,1,Jan 13 2024 23: +0,1705186800
2.191,1,Jan 14 2024 00: +0,1705190400
2.013,1,Jan 14 2024 01: +0,1705194000
2.198,3,Jan 14 2024 02: +0,1705197600
2.206,2,Jan 14 2024 03: +0,1705201200
2.119,1,Jan 14 2024 06: +0,1705212000
2.205,1,Jan 14 2024 07: +0,1705215600
2.205,1,Jan 14 2024 09: +0,1705222800
2.118,2,Jan 14 2024 10: +0,1705226400
2.18,2,Jan 14 2024 11: +0,1705230000
2.126,1,Jan 14 2024 13: +0,1705237200
2.182,1,Jan 14 2024 15: +0,1705244400
2.038,2,Jan 14 2024 17: +0,1705251600
2.112,2,Jan 14 2024 19: +0,1705258800
2.03,2,Jan 14 2024 20: +0,1705262400
2.045,2,Jan 14 2024 21: +0,1705266000
2.095,3,Jan 14 2024 22: +0,1705269600
2.147,2,Jan 14 2024 23: +0,1705273200
2.19,1,Jan 15 2024 01: +0,1705280400
2.032,1,Jan 15 2024 03: +0,1705287600
2.016,3,Jan 15 2024 05: +0,1705294800
2.1,1,Jan 15 2024 06: +0,1705298400
2.873,7,Jan 15 2024 07: +0,1705302000
2.049,1,Jan 15 2024 09: +0,1705309200
2.0,1,Jan 15 2024 11: +0,1705316400
1.909,2,Jan 15 2024 13: +0,1705323600
2.1,3,Jan 15 2024 15: +0,1705330800
2.008,1,Jan 15 2024 17: +0,1705338000
2.091,1,Jan 15 2024 18: +0,1705341600
1.946,2,Jan 15 2024 19: +0,1705345200
2.0,1,Jan 15 2024 20: +0,1705348800
2.087,1,Jan 15 2024 21: +0,1705352400
2.065,12,Jan 15 2024 22: +0,1705356000
2.0,1,Jan 15 2024 23: +0,1705359600
1.818,1,Jan 16 2024 00: +0,1705363200
1.818,1,Jan 16 2024 02: +0,1705370400
2.028,2,Jan 16 2024 04: +0,1705377600
2.013,1,Jan 16 2024 07: +0,1705388400
2.016,3,Jan 16 2024 08: +0,1705392000
2.013,1,Jan 16 2024 10: +0,1705399200
1.996,2,Jan 16 2024 13: +0,1705410000
2.016,1,Jan 16 2024 15: +0,1705417200
2.016,2,Jan 16 2024 16: +0,1705420800
2.012,2,Jan 16 2024 17: +0,1705424400
2.008,2,Jan 16 2024 18: +0,1705428000
2.008,6,Jan 16 2024 19: +0,1705431600
1.857,1,Jan 16 2024 20: +0,1705435200
2.0,3,Jan 16 2024 21: +0,1705438800
1.401,2,Jan 16 2024 22: +0,1705442400
2.032,3,Jan 16 2024 23: +0,1705446000
1.976,1,Jan 17 2024 00: +0,1705449600
1.976,1,Jan 17 2024 01: +0,1705453200
2.095,1,Jan 17 2024 02: +0,1705456800
2.024,3,Jan 17 2024 03: +0,1705460400
1.984,2,Jan 17 2024 05: +0,1705467600
2.008,1,Jan 17 2024 06: +0,1705471200
1.953,1,Jan 17 2024 07: +0,1705474800
1.412,2,Jan 17 2024 08: +0,1705478400
2.024,1,Jan 17 2024 10: +0,1705485600
2.027,2,Jan 17 2024 11: +0,1705489200
2.032,1,Jan 17 2024 13: +0,1705496400
2.0,3,Jan 17 2024 14: +0,1705500000
1.869,2,Jan 17 2024 15: +0,1705503600
1.708,1,Jan 17 2024 16: +0,1705507200
1.945,1,Jan 17 2024 17: +0,1705510800
2.001,2,Jan 17 2024 18: +0,1705514400
1.985,6,Jan 17 2024 19: +0,1705518000
2.016,1,Jan 17 2024 20: +0,1705521600
2.019,1,Jan 17 2024 21: +0,1705525200
1.998,5,Jan 17 2024 22: +0,1705528800
2.0,4,Jan 17 2024 23: +0,1705532400
2.002,1,Jan 18 2024 00: +0,1705536000
1.972,2,Jan 18 2024 01: +0,1705539600
1.976,3,Jan 18 2024 02: +0,1705543200
2.0,1,Jan 18 2024 03: +0,1705546800
1.976,3,Jan 18 2024 04: +0,1705550400
1.976,1,Jan 18 2024 05: +0,1705554000
2.0,1,Jan 18 2024 07: +0,1705561200
2.0,1,Jan 18 2024 08: +0,1705564800
2.0,3,Jan 18 2024 09: +0,1705568400
2.0,2,Jan 18 2024 11: +0,1705575600
2.0,1,Jan 18 2024 12: +0,1705579200
2.0,1,Jan 18 2024 13: +0,1705582800
2.0,9,Jan 18 2024 14: +0,1705586400
1.999,10,Jan 18 2024 15: +0,1705590000
2.005,4,Jan 18 2024 16: +0,1705593600
1.945,1,Jan 18 2024 17: +0,1705597200
2.007,3,Jan 18 2024 18: +0,1705600800
2.004,2,Jan 18 2024 19: +0,1705604400
1.937,5,Jan 18 2024 20: +0,1705608000
1.967,4,Jan 18 2024 21: +0,1705611600
2.0,3,Jan 18 2024 22: +0,1705615200
2.0,5,Jan 18 2024 23: +0,1705618800
1.887,1,Jan 19 2024 00: +0,1705622400
1.988,2,Jan 19 2024 01: +0,1705626000
1.861,2,Jan 19 2024 02: +0,1705629600
2.0,3,Jan 19 2024 03: +0,1705633200
2.008,3,Jan 19 2024 05: +0,1705640400
1.881,2,Jan 19 2024 06: +0,1705644000
1.999,1,Jan 19 2024 09: +0,1705654800
2.008,1,Jan 19 2024 10: +0,1705658400
1.999,5,Jan 19 2024 11: +0,1705662000
1.968,1,Jan 19 2024 13: +0,1705669200
1.868,2,Jan 19 2024 14: +0,1705672800
2.008,3,Jan 19 2024 15: +0,1705676400
2.0,1,Jan 19 2024 16: +0,1705680000
2.004,1,Jan 19 2024 18: +0,1705687200
1.836,5,Jan 19 2024 19: +0,1705690800
1.336,2,Jan 19 2024 20: +0,1705694400
1.915,3,Jan 19 2024 21: +0,1705698000
2.012,3,Jan 19 2024 22: +0,1705701600
1.967,2,Jan 19 2024 23: +0,1705705200
0.858,3,Jan 20 2024 00: +0,1705708800
1.998,3,Jan 20 2024 01: +0,1705712400
2.0,1,Jan 20 2024 03: +0,1705719600
0.858,1,Jan 20 2024 04: +0,1705723200
1.916,2,Jan 20 2024 05: +0,1705726800
2.008,2,Jan 20 2024 08: +0,1705737600
2.0,15,Jan 20 2024 10: +0,1705744800
1.976,5,Jan 20 2024 11: +0,1705748400
2.012,7,Jan 20 2024 12: +0,1705752000
0.867,1,Jan 20 2024 13: +0,1705755600
1.818,1,Jan 20 2024 14: +0,1705759200
1.96,1,Jan 20 2024 15: +0,1705762800
1.937,2,Jan 20 2024 16: +0,1705766400
1.929,3,Jan 20 2024 17: +0,1705770000
1.836,1,Jan 20 2024 18: +0,1705773600
1.904,2,Jan 20 2024 19: +0,1705777200
1.992,1,Jan 20 2024 20: +0,1705780800
1.76,3,Jan 20 2024 21: +0,1705784400
2.126,4,Jan 20 2024 23: +0,1705791600
1.95,2,Jan 21 2024 00: +0,1705795200
1.811,3,Jan 21 2024 01: +0,1705798800
2.275,2,Jan 21 2024 02: +0,1705802400
1.929,1,Jan 21 2024 04: +0,1705809600
1.878,1,Jan 21 2024 05: +0,1705813200
1.76,1,Jan 21 2024 06: +0,1705816800
1.954,5,Jan 21 2024 07: +0,1705820400
2.283,1,Jan 21 2024 08: +0,1705824000
1.827,2,Jan 21 2024 09: +0,1705827600
1.937,3,Jan 21 2024 10: +0,1705831200
1.929,18,Jan 21 2024 12: +0,1705838400
1.302,2,Jan 21 2024 13: +0,1705842000
1.96,8,Jan 21 2024 15: +0,1705849200
1.938,5,Jan 21 2024 17: +0,1705856400
1.938,10,Jan 21 2024 19: +0,1705863600
1.917,4,Jan 21 2024 20: +0,1705867200
1.901,1,Jan 21 2024 22: +0,1705874400
1.916,1,Jan 21 2024 23: +0,1705878000
1.913,1,Jan 22 2024 00: +0,1705881600
1.945,4,Jan 22 2024 03: +0,1705892400
1.913,3,Jan 22 2024 04: +0,1705896000
1.929,1,Jan 22 2024 05: +0,1705899600
1.913,1,Jan 22 2024 07: +0,1705906800
1.778,2,Jan 22 2024 08: +0,1705910400
1.645,2,Jan 22 2024 09: +0,1705914000
1.776,2,Jan 22 2024 10: +0,1705917600
0.78,2,Jan 22 2024 12: +0,1705924800
1.913,6,Jan 22 2024 13: +0,1705928400
1.878,1,Jan 22 2024 14: +0,1705932000
1.838,2,Jan 22 2024 15: +0,1705935600
1.917,2,Jan 22 2024 16: +0,1705939200
1.921,2,Jan 22 2024 17: +0,1705942800
1.921,3,Jan 22 2024 19: +0,1705950000
1.867,4,Jan 22 2024 20: +0,1705953600
1.883,1,Jan 22 2024 21: +0,1705957200
1.881,1,Jan 22 2024 22: +0,1705960800
1.902,1,Jan 22 2024 23: +0,1705964400
1.862,2,Jan 23 2024 00: +0,1705968000
1.582,1,Jan 23 2024 01: +0,1705971600
1.652,2,Jan 23 2024 02: +0,1705975200
1.944,1,Jan 23 2024 03: +0,1705978800
1.831,2,Jan 23 2024 06: +0,1705989600
1.903,7,Jan 23 2024 08: +0,1705996800
1.805,2,Jan 23 2024 09: +0,1706000400
1.637,1,Jan 23 2024 10: +0,1706004000
1.895,5,Jan 23 2024 11: +0,1706007600
1.892,1,Jan 23 2024 12: +0,1706011200
1.885,3,Jan 23 2024 17: +0,1706029200
1.885,5,Jan 23 2024 18: +0,1706032800
1.724,1,Jan 23 2024 19: +0,1706036400
1.801,2,Jan 23 2024 20: +0,1706040000
1.805,1,Jan 23 2024 22: +0,1706047200
1.88,10,Jan 23 2024 23: +0,1706050800
1.71,2,Jan 24 2024 00: +0,1706054400
1.913,1,Jan 24 2024 02: +0,1706061600
1.85,1,Jan 24 2024 04: +0,1706068800
1.777,2,Jan 24 2024 05: +0,1706072400
1.841,2,Jan 24 2024 06: +0,1706076000
1.884,1,Jan 24 2024 07: +0,1706079600
1.841,5,Jan 24 2024 08: +0,1706083200
1.828,4,Jan 24 2024 09: +0,1706086800
1.832,1,Jan 24 2024 10: +0,1706090400
1.778,1,Jan 24 2024 11: +0,1706094000
1.779,2,Jan 24 2024 13: +0,1706101200
1.835,4,Jan 24 2024 15: +0,1706108400
1.837,1,Jan 24 2024 16: +0,1706112000
1.863,3,Jan 24 2024 18: +0,1706119200
1.818,3,Jan 24 2024 19: +0,1706122800
1.871,1,Jan 24 2024 20: +0,1706126400
1.762,2,Jan 24 2024 22: +0,1706133600
1.826,9,Jan 24 2024 23: +0,1706137200
1.827,2,Jan 25 2024 00: +0,1706140800
1.738,1,Jan 25 2024 02: +0,1706148000
1.805,1,Jan 25 2024 03: +0,1706151600
1.824,2,Jan 25 2024 04: +0,1706155200
1.807,2,Jan 25 2024 05: +0,1706158800
1.826,1,Jan 25 2024 07: +0,1706166000
1.858,1,Jan 25 2024 08: +0,1706169600
1.788,1,Jan 25 2024 09: +0,1706173200
1.772,2,Jan 25 2024 10: +0,1706176800
1.805,1,Jan 25 2024 12: +0,1706184000
1.805,3,Jan 25 2024 13: +0,1706187600
1.747,2,Jan 25 2024 14: +0,1706191200
1.805,3,Jan 25 2024 15: +0,1706194800
1.779,1,Jan 25 2024 16: +0,1706198400
1.787,1,Jan 25 2024 17: +0,1706202000
1.79,2,Jan 25 2024 18: +0,1706205600
1.771,3,Jan 25 2024 19: +0,1706209200
1.787,1,Jan 25 2024 20: +0,1706212800
1.736,2,Jan 25 2024 21: +0,1706216400
1.787,7,Jan 25 2024 22: +0,1706220000
1.787,10,Jan 25 2024 23: +0,1706223600
0.858,2,Jan 26 2024 00: +0,1706227200
1.716,1,Jan 26 2024 01: +0,1706230800
1.787,6,Jan 26 2024 03: +0,1706238000
1.806,2,Jan 26 2024 04: +0,1706241600
1.796,2,Jan 26 2024 06: +0,1706248800
1.796,4,Jan 26 2024 08: +0,1706256000
1.799,2,Jan 26 2024 09: +0,1706259600
1.787,1,Jan 26 2024 13: +0,1706274000
1.805,2,Jan 26 2024 14: +0,1706277600
1.826,4,Jan 26 2024 15: +0,1706281200
1.971,2,Jan 26 2024 16: +0,1706284800
1.703,3,Jan 26 2024 17: +0,1706288400
0.827,2,Jan 26 2024 18: +0,1706292000
1.704,2,Jan 26 2024 19: +0,1706295600
1.787,3,Jan 26 2024 20: +0,1706299200
1.811,3,Jan 26 2024 21: +0,1706302800
1.83,2,Jan 26 2024 22: +0,1706306400
1.815,2,Jan 26 2024 23: +0,1706310000
1.826,1,Jan 27 2024 00: +0,1706313600
1.803,2,Jan 27 2024 02: +0,1706320800
1.803,6,Jan 27 2024 03: +0,1706324400
1.851,1,Jan 27 2024 04: +0,1706328000
1.826,1,Jan 27 2024 05: +0,1706331600
1.803,1,Jan 27 2024 07: +0,1706338800
1.748,1,Jan 27 2024 08: +0,1706342400
0.865,4,Jan 27 2024 09: +0,1706346000
1.803,2,Jan 27 2024 10: +0,1706349600
1.653,1,Jan 27 2024 12: +0,1706356800
1.784,2,Jan 27 2024 13: +0,1706360400
0.865,1,Jan 27 2024 14: +0,1706364000
1.796,2,Jan 27 2024 15: +0,1706367600
1.821,1,Jan 27 2024 16: +0,1706371200
1.726,1,Jan 27 2024 17: +0,1706374800
1.724,2,Jan 27 2024 18: +0,1706378400
1.831,4,Jan 27 2024 19: +0,1706382000
1.827,1,Jan 27 2024 21: +0,1706389200
1.821,1,Jan 27 2024 22: +0,1706392800
1.803,1,Jan 27 2024 23: +0,1706396400
1.748,1,Jan 28 2024 03: +0,1706410800
1.827,3,Jan 28 2024 04: +0,1706414400
1.692,1,Jan 28 2024 05: +0,1706418000
1.827,2,Jan 28 2024 06: +0,1706421600
1.772,2,Jan 28 2024 07: +0,1706425200
1.803,1,Jan 28 2024 08: +0,1706428800
1.803,1,Jan 28 2024 09: +0,1706432400
1.772,4,Jan 28 2024 10: +0,1706436000
1.803,5,Jan 28 2024 11: +0,1706439600
1.803,4,Jan 28 2024 12: +0,1706443200
1.75,2,Jan 28 2024 13: +0,1706446800
1.746,2,Jan 28 2024 15: +0,1706454000
1.732,3,Jan 28 2024 17: +0,1706461200
1.742,2,Jan 28 2024 18: +0,1706464800
1.764,1,Jan 28 2024 19: +0,1706468400
1.825,2,Jan 28 2024 20: +0,1706472000
1.748,1,Jan 28 2024 21: +0,1706475600
1.28,2,Jan 28 2024 22: +0,1706479200
1.762,1,Jan 28 2024 23: +0,1706482800
1.668,2,Jan 29 2024 00: +0,1706486400
1.748,1,Jan 29 2024 02: +0,1706493600
1.748,8,Jan 29 2024 03: +0,1706497200
1.717,2,Jan 29 2024 04: +0,1706500800
0.865,1,Jan 29 2024 05: +0,1706504400
1.756,1,Jan 29 2024 06: +0,1706508000
1.756,1,Jan 29 2024 07: +0,1706511600
2.28,1,Jan 29 2024 09: +0,1706518800
1.743,2,Jan 29 2024 10: +0,1706522400
1.755,1,Jan 29 2024 12: +0,1706529600
1.726,3,Jan 29 2024 13: +0,1706533200
1.985,1,Jan 29 2024 16: +0,1706544000
1.692,1,Jan 29 2024 19: +0,1706554800
1.719,1,Jan 29 2024 21: +0,1706562000
0.796,1,Jan 29 2024 22: +0,1706565600
0.864,1,Jan 29 2024 23: +0,1706569200
0.701,1,Jan 30 2024 00: +0,1706572800
1.599,1,Jan 30 2024 01: +0,1706576400
1.726,1,Jan 30 2024 02: +0,1706580000
1.676,1,Jan 30 2024 04: +0,1706587200
1.74,1,Jan 30 2024 06: +0,1706594400
1.692,3,Jan 30 2024 08: +0,1706601600
1.756,1,Jan 30 2024 09: +0,1706605200
1.66,1,Jan 30 2024 10: +0,1706608800
1.676,3,Jan 30 2024 12: +0,1706616000
1.286,2,Jan 30 2024 14: +0,1706623200
1.707,1,Jan 30 2024 15: +0,1706626800
1.676,3,Jan 30 2024 16: +0,1706630400
1.708,2,Jan 30 2024 17: +0,1706634000
1.716,3,Jan 30 2024 18: +0,1706637600
1.684,1,Jan 30 2024 19: +0,1706641200
0.864,1,Jan 30 2024 20: +0,1706644800
2.206,1,Jan 30 2024 21: +0,1706648400
1.712,1,Jan 30 2024 22: +0,1706652000
1.633,2,Jan 30 2024 23: +0,1706655600
1.711,2,Jan 31 2024 01: +0,1706662800
0.865,1,Jan 31 2024 02: +0,1706666400
0.865,1,Jan 31 2024 03: +0,1706670000
1.708,1,Jan 31 2024 05: +0,1706677200
1.692,2,Jan 31 2024 08: +0,1706688000
1.486,1,Jan 31 2024 09: +0,1706691600
1.684,3,Jan 31 2024 10: +0,1706695200
1.684,1,Jan 31 2024 11: +0,1706698800
0.712,1,Jan 31 2024 14: +0,1706709600
1.692,1,Jan 31 2024 17: +0,1706720400
1.696,2,Jan 31 2024 18: +0,1706724000
1.676,5,Jan 31 2024 19: +0,1706727600
1.637,4,Jan 31 2024 20: +0,1706731200
1.719,2,Jan 31 2024 21: +0,1706734800
1.589,3,Jan 31 2024 22: +0,1706738400
1.707,1,Jan 31 2024 23: +0,1706742000
1.668,1,Feb 01 2024 00: +0,1706745600
1.37,1,Feb 01 2024 01: +0,1706749200
1.696,1,Feb 01 2024 02: +0,1706752800
0.7,4,Feb 01 2024 08: +0,1706774400
1.69,1,Feb 01 2024 09: +0,1706778000
1.692,1,Feb 01 2024 10: +0,1706781600
1.688,4,Feb 01 2024 11: +0,1706785200
1.66,2,Feb 01 2024 13: +0,1706792400
1.622,2,Feb 01 2024 14: +0,1706796000
1.689,1,Feb 01 2024 16: +0,1706803200
1.618,1,Feb 01 2024 17: +0,1706806800
1.689,2,Feb 01 2024 18: +0,1706810400
1.701,14,Feb 01 2024 19: +0,1706814000
1.697,1,Feb 01 2024 20: +0,1706817600
1.462,3,Feb 01 2024 21: +0,1706821200
1.684,3,Feb 01 2024 22: +0,1706824800
1.549,1,Feb 01 2024 23: +0,1706828400
1.669,2,Feb 02 2024 00: +0,1706832000
1.704,2,Feb 02 2024 02: +0,1706839200
1.668,1,Feb 02 2024 04: +0,1706846400
1.617,2,Feb 02 2024 08: +0,1706860800
1.66,1,Feb 02 2024 09: +0,1706864400
1.518,2,Feb 02 2024 10: +0,1706868000
1.731,6,Feb 02 2024 11: +0,1706871600
1.7,3,Feb 02 2024 12: +0,1706875200
1.701,3,Feb 02 2024 13: +0,1706878800
0.875,3,Feb 02 2024 14: +0,1706882400
1.701,1,Feb 02 2024 17: +0,1706893200
1.676,3,Feb 02 2024 19: +0,1706900400
1.692,3,Feb 02 2024 20: +0,1706904000
1.672,4,Feb 02 2024 21: +0,1706907600
1.71,2,Feb 02 2024 22: +0,1706911200
1.708,1,Feb 03 2024 00: +0,1706918400
1.668,1,Feb 03 2024 01: +0,1706922000
1.668,1,Feb 03 2024 02: +0,1706925600
1.718,1,Feb 03 2024 05: +0,1706936400
1.674,3,Feb 03 2024 06: +0,1706940000
0.875,1,Feb 03 2024 08: +0,1706947200
1.672,2,Feb 03 2024 12: +0,1706961600
1.676,1,Feb 03 2024 13: +0,1706965200
1.691,3,Feb 03 2024 15: +0,1706972400
1.683,6,Feb 03 2024 16: +0,1706976000
1.691,2,Feb 03 2024 17: +0,1706979600
1.692,2,Feb 03 2024 18: +0,1706983200
0.863,1,Feb 03 2024 19: +0,1706986800
1.692,2,Feb 03 2024 22: +0,1706997600
1.732,6,Feb 04 2024 00: +0,1707004800
1.692,1,Feb 04 2024 01: +0,1707008400
1.684,1,Feb 04 2024 03: +0,1707015600
1.52,1,Feb 04 2024 07: +0,1707030000
1.687,1,Feb 04 2024 08: +0,1707033600
1.674,1,Feb 04 2024 09: +0,1707037200
1.375,2,Feb 04 2024 11: +0,1707044400
1.668,5,Feb 04 2024 12: +0,1707048000
1.692,9,Feb 04 2024 14: +0,1707055200
1.668,1,Feb 04 2024 16: +0,1707062400
1.676,3,Feb 04 2024 18: +0,1707069600
1.652,3,Feb 04 2024 19: +0,1707073200
1.652,1,Feb 04 2024 20: +0,1707076800
1.678,1,Feb 04 2024 21: +0,1707080400
1.668,4,Feb 04 2024 22: +0,1707084000
1.269,2,Feb 04 2024 23: +0,1707087600
1.919,4,Feb 05 2024 00: +0,1707091200
1.668,1,Feb 05 2024 01: +0,1707094800
1.68,8,Feb 05 2024 02: +0,1707098400
1.656,2,Feb 05 2024 03: +0,1707102000
1.698,1,Feb 05 2024 05: +0,1707109200
1.597,1,Feb 05 2024 09: +0,1707123600
1.295,2,Feb 05 2024 13: +0,1707138000
1.652,1,Feb 05 2024 14: +0,1707141600
1.601,1,Feb 05 2024 15: +0,1707145200
1.597,1,Feb 05 2024 16: +0,1707148800
0.7,1,Feb 05 2024 17: +0,1707152400
1.684,4,Feb 05 2024 18: +0,1707156000
1.68,2,Feb 05 2024 19: +0,1707159600
1.478,3,Feb 05 2024 20: +0,1707163200
1.382,1,Feb 05 2024 21: +0,1707166800
1.467,1,Feb 05 2024 22: +0,1707170400
1.988,2,Feb 05 2024 23: +0,1707174000
1.684,1,Feb 06 2024 04: +0,1707192000
1.676,2,Feb 06 2024 06: +0,1707199200
1.668,11,Feb 06 2024 09: +0,1707210000
1.652,3,Feb 06 2024 10: +0,1707213600
1.68,2,Feb 06 2024 11: +0,1707217200
1.68,3,Feb 06 2024 12: +0,1707220800
1.66,1,Feb 06 2024 15: +0,1707231600
1.699,3,Feb 06 2024 16: +0,1707235200
1.66,1,Feb 06 2024 17: +0,1707238800
1.692,1,Feb 06 2024 18: +0,1707242400
1.599,1,Feb 06 2024 19: +0,1707246000
1.674,2,Feb 06 2024 20: +0,1707249600
1.679,2,Feb 06 2024 22: +0,1707256800
1.689,1,Feb 07 2024 03: +0,1707274800
1.652,1,Feb 07 2024 04: +0,1707278400
1.664,6,Feb 07 2024 05: +0,1707282000
1.668,1,Feb 07 2024 06: +0,1707285600
1.677,1,Feb 07 2024 07: +0,1707289200
1.687,3,Feb 07 2024 08: +0,1707292800
1.668,3,Feb 07 2024 09: +0,1707296400
1.652,5,Feb 07 2024 10: +0,1707300000
1.692,1,Feb 07 2024 11: +0,1707303600
1.668,5,Feb 07 2024 13: +0,1707310800
1.668,1,Feb 07 2024 14: +0,1707314400
1.66,3,Feb 07 2024 15: +0,1707318000
1.668,3,Feb 07 2024 16: +0,1707321600
1.668,5,Feb 07 2024 17: +0,1707325200
1.663,7,Feb 07 2024 18: +0,1707328800
1.676,5,Feb 07 2024 19: +0,1707332400
1.62,6,Feb 07 2024 20: +0,1707336000
1.668,3,Feb 07 2024 21: +0,1707339600
1.666,4,Feb 07 2024 22: +0,1707343200
1.698,3,Feb 07 2024 23: +0,1707346800
1.656,4,Feb 08 2024 00: +0,1707350400
1.676,1,Feb 08 2024 01: +0,1707354000
1.548,2,Feb 08 2024 02: +0,1707357600
1.631,2,Feb 08 2024 03: +0,1707361200
1.676,3,Feb 08 2024 04: +0,1707364800
1.681,3,Feb 08 2024 05: +0,1707368400
1.7,1,Feb 08 2024 06: +0,1707372000
1.625,3,Feb 08 2024 07: +0,1707375600
1.688,4,Feb 08 2024 09: +0,1707382800
1.694,1,Feb 08 2024 10: +0,1707386400
1.684,1,Feb 08 2024 11: +0,1707390000
1.67,2,Feb 08 2024 12: +0,1707393600
1.635,2,Feb 08 2024 14: +0,1707400800
1.694,1,Feb 08 2024 15: +0,1707404400
1.628,4,Feb 08 2024 16: +0,1707408000
1.702,1,Feb 08 2024 17: +0,1707411600
1.642,5,Feb 08 2024 18: +0,1707415200
1.705,1,Feb 08 2024 19: +0,1707418800
1.66,6,Feb 08 2024 20: +0,1707422400
1.3,2,Feb 08 2024 21: +0,1707426000
1.37,3,Feb 08 2024 22: +0,1707429600
1.619,6,Feb 08 2024 23: +0,1707433200
1.591,4,Feb 09 2024 00: +0,1707436800
1.57,2,Feb 09 2024 01: +0,1707440400
1.66,1,Feb 09 2024 03: +0,1707447600
1.668,1,Feb 09 2024 04: +0,1707451200
1.642,2,Feb 09 2024 06: +0,1707458400
1.409,2,Feb 09 2024 07: +0,1707462000
1.579,1,Feb 09 2024 08: +0,1707465600
1.533,3,Feb 09 2024 10: +0,1707472800
1.624,2,Feb 09 2024 11: +0,1707476400
1.257,2,Feb 09 2024 12: +0,1707480000
1.61,4,Feb 09 2024 13: +0,1707483600
1.66,7,Feb 09 2024 14: +0,1707487200
1.619,2,Feb 09 2024 15: +0,1707490800
1.623,3,Feb 09 2024 16: +0,1707494400
1.63,1,Feb 09 2024 17: +0,1707498000
1.655,1,Feb 09 2024 18: +0,1707501600
1.61,4,Feb 09 2024 19: +0,1707505200
1.627,1,Feb 09 2024 20: +0,1707508800
1.437,2,Feb 09 2024 21: +0,1707512400
1.628,6,Feb 09 2024 22: +0,1707516000
1.516,5,Feb 09 2024 23: +0,1707519600
1.606,2,Feb 10 2024 01: +0,1707526800
1.625,2,Feb 10 2024 03: +0,1707534000
1.62,2,Feb 10 2024 04: +0,1707537600
1.657,3,Feb 10 2024 05: +0,1707541200
1.589,3,Feb 10 2024 06: +0,1707544800
1.665,3,Feb 10 2024 07: +0,1707548400
1.627,2,Feb 10 2024 08: +0,1707552000
1.649,5,Feb 10 2024 09: +0,1707555600
1.647,4,Feb 10 2024 11: +0,1707562800
1.617,1,Feb 10 2024 13: +0,1707570000
1.674,11,Feb 10 2024 14: +0,1707573600
1.625,1,Feb 10 2024 15: +0,1707577200
1.625,1,Feb 10 2024 16: +0,1707580800
1.623,3,Feb 10 2024 17: +0,1707584400
1.663,2,Feb 10 2024 18: +0,1707588000
1.778,2,Feb 10 2024 19: +0,1707591600
1.591,6,Feb 10 2024 20: +0,1707595200
1.677,2,Feb 10 2024 21: +0,1707598800
1.753,3,Feb 10 2024 22: +0,1707602400
1.481,1,Feb 10 2024 23: +0,1707606000
1.59,1,Feb 11 2024 01: +0,1707613200
0.916,1,Feb 11 2024 02: +0,1707616800
1.188,1,Feb 11 2024 03: +0,1707620400
1.627,2,Feb 11 2024 04: +0,1707624000
1.633,3,Feb 11 2024 06: +0,1707631200
1.684,3,Feb 11 2024 08: +0,1707638400
0.859,2,Feb 11 2024 09: +0,1707642000
1.685,1,Feb 11 2024 10: +0,1707645600
1.681,3,Feb 11 2024 11: +0,1707649200
1.664,1,Feb 11 2024 13: +0,1707656400
1.625,1,Feb 11 2024 14: +0,1707660000
2.172,1,Feb 11 2024 15: +0,1707663600
1.645,4,Feb 11 2024 16: +0,1707667200
1.662,12,Feb 11 2024 17: +0,1707670800
1.625,1,Feb 11 2024 18: +0,1707674400
1.671,2,Feb 11 2024 19: +0,1707678000
1.59,3,Feb 11 2024 20: +0,1707681600
1.676,2,Feb 11 2024 21: +0,1707685200
1.589,1,Feb 11 2024 22: +0,1707688800
1.676,1,Feb 11 2024 23: +0,1707692400
1.226,2,Feb 12 2024 00: +0,1707696000
1.674,7,Feb 12 2024 01: +0,1707699600
1.66,1,Feb 12 2024 02: +0,1707703200
1.683,3,Feb 12 2024 03: +0,1707706800
1.676,3,Feb 12 2024 04: +0,1707710400
1.625,1,Feb 12 2024 05: +0,1707714000
1.236,2,Feb 12 2024 06: +0,1707717600
1.692,7,Feb 12 2024 07: +0,1707721200
2.31,1,Feb 12 2024 08: +0,1707724800
1.74,3,Feb 12 2024 09: +0,1707728400
1.588,2,Feb 12 2024 10: +0,1707732000
1.681,2,Feb 12 2024 12: +0,1707739200
1.602,2,Feb 12 2024 14: +0,1707746400
1.657,8,Feb 12 2024 16: +0,1707753600
1.637,2,Feb 12 2024 17: +0,1707757200
1.653,2,Feb 12 2024 18: +0,1707760800
1.613,2,Feb 12 2024 19: +0,1707764400
1.579,1,Feb 12 2024 20: +0,1707768000
1.625,1,Feb 12 2024 21: +0,1707771600
1.607,2,Feb 12 2024 22: +0,1707775200
1.636,4,Feb 12 2024 23: +0,1707778800
1.625,3,Feb 13 2024 00: +0,1707782400
1.648,4,Feb 13 2024 01: +0,1707786000
1.272,2,Feb 13 2024 03: +0,1707793200
1.642,4,Feb 13 2024 04: +0,1707796800
1.625,1,Feb 13 2024 05: +0,1707800400
1.625,5,Feb 13 2024 06: +0,1707804000
1.647,12,Feb 13 2024 07: +0,1707807600
1.645,2,Feb 13 2024 09: +0,1707814800
1.635,2,Feb 13 2024 13: +0,1707829200
1.625,4,Feb 13 2024 14: +0,1707832800
1.655,1,Feb 13 2024 15: +0,1707836400
1.625,7,Feb 13 2024 16: +0,1707840000
1.63,2,Feb 13 2024 17: +0,1707843600
1.241,2,Feb 13 2024 18: +0,1707847200
1.625,5,Feb 13 2024 19: +0,1707850800
1.607,4,Feb 13 2024 20: +0,1707854400
1.625,1,Feb 13 2024 21: +0,1707858000
1.57,4,Feb 13 2024 22: +0,1707861600
1.671,2,Feb 13 2024 23: +0,1707865200
1.585,2,Feb 14 2024 00: +0,1707868800
1.657,1,Feb 14 2024 02: +0,1707876000
1.614,2,Feb 14 2024 03: +0,1707879600
1.585,1,Feb 14 2024 04: +0,1707883200
1.642,1,Feb 14 2024 05: +0,1707886800
1.605,6,Feb 14 2024 08: +0,1707897600
1.625,1,Feb 14 2024 11: +0,1707908400
1.625,3,Feb 14 2024 12: +0,1707912000
1.585,1,Feb 14 2024 13: +0,1707915600
1.649,11,Feb 14 2024 14: +0,1707919200
1.625,1,Feb 14 2024 15: +0,1707922800
1.625,1,Feb 14 2024 16: +0,1707926400
1.625,2,Feb 14 2024 17: +0,1707930000
1.638,5,Feb 14 2024 18: +0,1707933600
1.625,3,Feb 14 2024 19: +0,1707937200
1.625,2,Feb 14 2024 20: +0,1707940800
1.617,1,Feb 14 2024 21: +0,1707944400
1.626,2,Feb 14 2024 22: +0,1707948000
1.625,10,Feb 14 2024 23: +0,1707951600
1.641,4,Feb 15 2024 00: +0,1707955200
1.633,2,Feb 15 2024 01: +0,1707958800
0.862,5,Feb 15 2024 02: +0,1707962400
1.605,5,Feb 15 2024 03: +0,1707966000
1.447,5,Feb 15 2024 04: +0,1707969600
1.649,1,Feb 15 2024 05: +0,1707973200
1.522,6,Feb 15 2024 06: +0,1707976800
1.625,12,Feb 15 2024 09: +0,1707987600
1.541,1,Feb 15 2024 10: +0,1707991200
1.581,1,Feb 15 2024 11: +0,1707994800
1.53,1,Feb 15 2024 12: +0,1707998400
1.64,2,Feb 15 2024 13: +0,1708002000
1.649,5,Feb 15 2024 14: +0,1708005600
1.63,2,Feb 15 2024 15: +0,1708009200
1.625,3,Feb 15 2024 16: +0,1708012800
1.625,1,Feb 15 2024 17: +0,1708016400
1.242,4,Feb 15 2024 18: +0,1708020000
1.648,7,Feb 15 2024 19: +0,1708023600
1.633,6,Feb 15 2024 20: +0,1708027200
1.649,10,Feb 15 2024 21: +0,1708030800
1.632,6,Feb 15 2024 22: +0,1708034400
1.64,2,Feb 15 2024 23: +0,1708038000
1.656,11,Feb 16 2024 00: +0,1708041600
1.705,3,Feb 16 2024 01: +0,1708045200
1.777,19,Feb 16 2024 02: +0,1708048800
1.678,2,Feb 16 2024 04: +0,1708056000
1.689,2,Feb 16 2024 06: +0,1708063200
1.625,1,Feb 16 2024 07: +0,1708066800
1.864,14,Feb 16 2024 08: +0,1708070400
0.916,7,Feb 16 2024 09: +0,1708074000
1.9,3,Feb 16 2024 11: +0,1708081200
1.887,4,Feb 16 2024 12: +0,1708084800
1.785,2,Feb 16 2024 13: +0,1708088400
1.673,3,Feb 16 2024 14: +0,1708092000
1.919,4,Feb 16 2024 15: +0,1708095600
1.723,2,Feb 16 2024 16: +0,1708099200
1.838,2,Feb 16 2024 17: +0,1708102800
1.673,3,Feb 16 2024 18: +0,1708106400
1.93,5,Feb 16 2024 19: +0,1708110000
1.8,5,Feb 16 2024 20: +0,1708113600
3.187,5,Feb 16 2024 21: +0,1708117200
1.82,2,Feb 16 2024 22: +0,1708120800
1.8,3,Feb 16 2024 23: +0,1708124400
1.808,1,Feb 17 2024 00: +0,1708128000
1.804,4,Feb 17 2024 01: +0,1708131600
1.55,1,Feb 17 2024 02: +0,1708135200
1.8,2,Feb 17 2024 04: +0,1708142400
1.88,1,Feb 17 2024 05: +0,1708146000
1.793,1,Feb 17 2024 06: +0,1708149600
1.89,3,Feb 17 2024 07: +0,1708153200
1.191,1,Feb 17 2024 09: +0,1708160400
1.881,1,Feb 17 2024 10: +0,1708164000
1.689,1,Feb 17 2024 11: +0,1708167600
1.75,4,Feb 17 2024 12: +0,1708171200
2.231,1,Feb 17 2024 13: +0,1708174800
1.762,1,Feb 17 2024 14: +0,1708178400
1.472,4,Feb 17 2024 15: +0,1708182000
1.721,2,Feb 17 2024 16: +0,1708185600
1.721,1,Feb 17 2024 17: +0,1708189200
1.28,4,Feb 17 2024 18: +0,1708192800
1.776,12,Feb 17 2024 19: +0,1708196400
1.737,2,Feb 17 2024 20: +0,1708200000
1.601,1,Feb 17 2024 21: +0,1708203600
1.678,2,Feb 17 2024 22: +0,1708207200
0.856,5,Feb 17 2024 23: +0,1708210800
0.856,4,Feb 18 2024 00: +0,1708214400
1.649,3,Feb 18 2024 01: +0,1708218000
1.756,2,Feb 18 2024 02: +0,1708221600
1.874,3,Feb 18 2024 06: +0,1708236000
1.676,1,Feb 18 2024 08: +0,1708243200
0.856,3,Feb 18 2024 09: +0,1708246800
1.673,3,Feb 18 2024 12: +0,1708257600
1.796,2,Feb 18 2024 13: +0,1708261200
1.672,3,Feb 18 2024 14: +0,1708264800
1.738,2,Feb 18 2024 15: +0,1708268400
1.675,4,Feb 18 2024 16: +0,1708272000
1.664,1,Feb 18 2024 17: +0,1708275600
1.669,4,Feb 18 2024 18: +0,1708279200
1.68,5,Feb 18 2024 19: +0,1708282800
1.657,3,Feb 18 2024 20: +0,1708286400
1.68,3,Feb 18 2024 21: +0,1708290000
1.774,2,Feb 18 2024 22: +0,1708293600
1.697,4,Feb 18 2024 23: +0,1708297200
1.728,2,Feb 19 2024 00: +0,1708300800
1.728,1,Feb 19 2024 03: +0,1708311600
1.743,1,Feb 19 2024 04: +0,1708315200
0.847,3,Feb 19 2024 05: +0,1708318800
1.695,2,Feb 19 2024 06: +0,1708322400
0.847,1,Feb 19 2024 09: +0,1708333200
1.657,1,Feb 19 2024 10: +0,1708336800
1.708,2,Feb 19 2024 11: +0,1708340400
1.286,2,Feb 19 2024 12: +0,1708344000
1.746,2,Feb 19 2024 13: +0,1708347600
1.68,1,Feb 19 2024 14: +0,1708351200
1.708,2,Feb 19 2024 15: +0,1708354800
1.705,1,Feb 19 2024 16: +0,1708358400
1.716,2,Feb 19 2024 18: +0,1708365600
1.68,2,Feb 19 2024 19: +0,1708369200
1.73,2,Feb 19 2024 20: +0,1708372800
1.706,4,Feb 19 2024 21: +0,1708376400
1.696,1,Feb 19 2024 22: +0,1708380000
1.335,2,Feb 19 2024 23: +0,1708383600
1.545,1,Feb 20 2024 00: +0,1708387200
1.695,1,Feb 20 2024 02: +0,1708394400
1.747,1,Feb 20 2024 03: +0,1708398000
1.657,1,Feb 20 2024 05: +0,1708405200
0.873,1,Feb 20 2024 07: +0,1708412400
1.704,2,Feb 20 2024 08: +0,1708416000
1.704,3,Feb 20 2024 09: +0,1708419600
1.723,1,Feb 20 2024 10: +0,1708423200
1.724,4,Feb 20 2024 11: +0,1708426800
1.704,5,Feb 20 2024 12: +0,1708430400
1.641,1,Feb 20 2024 13: +0,1708434000
1.704,3,Feb 20 2024 14: +0,1708437600
1.657,5,Feb 20 2024 15: +0,1708441200
1.546,6,Feb 20 2024 17: +0,1708448400
1.713,6,Feb 20 2024 18: +0,1708452000
1.728,5,Feb 20 2024 19: +0,1708455600
1.73,3,Feb 20 2024 21: +0,1708462800
1.387,6,Feb 20 2024 22: +0,1708466400
1.119,4,Feb 20 2024 23: +0,1708470000
0.854,5,Feb 21 2024 01: +0,1708477200
1.671,2,Feb 21 2024 02: +0,1708480800
1.728,3,Feb 21 2024 03: +0,1708484400
1.649,1,Feb 21 2024 04: +0,1708488000
1.695,2,Feb 21 2024 05: +0,1708491600
1.66,2,Feb 21 2024 06: +0,1708495200
1.728,1,Feb 21 2024 07: +0,1708498800
1.735,8,Feb 21 2024 08: +0,1708502400
1.735,14,Feb 21 2024 10: +0,1708509600
1.743,10,Feb 21 2024 11: +0,1708513200
1.745,2,Feb 21 2024 12: +0,1708516800
1.707,2,Feb 21 2024 13: +0,1708520400
1.728,1,Feb 21 2024 14: +0,1708524000
1.72,3,Feb 21 2024 15: +0,1708527600
1.757,2,Feb 21 2024 16: +0,1708531200
1.784,3,Feb 21 2024 17: +0,1708534800
1.751,4,Feb 21 2024 18: +0,1708538400
1.547,6,Feb 21 2024 19: +0,1708542000
1.676,6,Feb 21 2024 20: +0,1708545600
1.801,5,Feb 21 2024 21: +0,1708549200
1.206,2,Feb 21 2024 22: +0,1708552800
1.573,1,Feb 21 2024 23: +0,1708556400
1.614,4,Feb 22 2024 00: +0,1708560000
1.755,2,Feb 22 2024 01: +0,1708563600
1.853,17,Feb 22 2024 02: +0,1708567200
1.964,13,Feb 22 2024 03: +0,1708570800
2.153,3,Feb 22 2024 04: +0,1708574400
1.881,2,Feb 22 2024 05: +0,1708578000
2.501,1,Feb 22 2024 06: +0,1708581600
0.878,1,Feb 22 2024 08: +0,1708588800
1.759,2,Feb 22 2024 10: +0,1708596000
1.995,1,Feb 22 2024 11: +0,1708599600
1.775,3,Feb 22 2024 13: +0,1708606800
1.999,2,Feb 22 2024 14: +0,1708610400
2.161,8,Feb 22 2024 15: +0,1708614000
1.72,3,Feb 22 2024 16: +0,1708617600
2.009,2,Feb 22 2024 17: +0,1708621200
2.085,2,Feb 22 2024 18: +0,1708624800
0.853,1,Feb 22 2024 19: +0,1708628400
1.941,5,Feb 22 2024 21: +0,1708635600
1.96,1,Feb 22 2024 22: +0,1708639200
1.782,2,Feb 22 2024 23: +0,1708642800
1.333,4,Feb 23 2024 00: +0,1708646400
1.688,3,Feb 23 2024 01: +0,1708650000
1.814,3,Feb 23 2024 02: +0,1708653600
1.819,4,Feb 23 2024 03: +0,1708657200
1.767,3,Feb 23 2024 04: +0,1708660800
1.809,3,Feb 23 2024 06: +0,1708668000
2.019,1,Feb 23 2024 07: +0,1708671600
1.673,2,Feb 23 2024 08: +0,1708675200
1.759,1,Feb 23 2024 09: +0,1708678800
1.917,8,Feb 23 2024 11: +0,1708686000
1.775,1,Feb 23 2024 12: +0,1708689600
2.035,4,Feb 23 2024 13: +0,1708693200
1.976,2,Feb 23 2024 15: +0,1708700400
0.852,3,Feb 23 2024 16: +0,1708704000
1.885,2,Feb 23 2024 17: +0,1708707600
1.885,3,Feb 23 2024 20: +0,1708718400
1.859,2,Feb 23 2024 21: +0,1708722000
1.933,4,Feb 23 2024 22: +0,1708725600
1.897,4,Feb 23 2024 23: +0,1708729200
2.035,1,Feb 24 2024 00: +0,1708732800
1.943,7,Feb 24 2024 01: +0,1708736400
1.993,2,Feb 24 2024 02: +0,1708740000
1.956,1,Feb 24 2024 03: +0,1708743600
1.999,5,Feb 24 2024 04: +0,1708747200
2.035,2,Feb 24 2024 05: +0,1708750800
2.046,5,Feb 24 2024 06: +0,1708754400
2.022,2,Feb 24 2024 07: +0,1708758000
1.909,3,Feb 24 2024 08: +0,1708761600
2.082,2,Feb 24 2024 09: +0,1708765200
2.086,4,Feb 24 2024 10: +0,1708768800
2.102,12,Feb 24 2024 11: +0,1708772400
2.24,3,Feb 24 2024 12: +0,1708776000
2.09,1,Feb 24 2024 14: +0,1708783200
2.224,3,Feb 24 2024 15: +0,1708786800
2.098,3,Feb 24 2024 16: +0,1708790400
2.209,4,Feb 24 2024 17: +0,1708794000
1.547,4,Feb 24 2024 18: +0,1708797600
2.24,15,Feb 24 2024 19: +0,1708801200
1.539,2,Feb 24 2024 20: +0,1708804800
2.24,1,Feb 24 2024 21: +0,1708808400
2.24,9,Feb 24 2024 22: +0,1708812000
2.248,11,Feb 24 2024 23: +0,1708815600
2.224,5,Feb 25 2024 01: +0,1708822800
2.267,3,Feb 25 2024 02: +0,1708826400
2.284,2,Feb 25 2024 03: +0,1708830000
1.809,1,Feb 25 2024 04: +0,1708833600
2.299,4,Feb 25 2024 05: +0,1708837200
2.35,2,Feb 25 2024 06: +0,1708840800
2.327,3,Feb 25 2024 07: +0,1708844400
2.319,3,Feb 25 2024 08: +0,1708848000
2.248,1,Feb 25 2024 09: +0,1708851600
2.327,8,Feb 25 2024 10: +0,1708855200
2.276,2,Feb 25 2024 11: +0,1708858800
2.356,1,Feb 25 2024 12: +0,1708862400
2.347,2,Feb 25 2024 13: +0,1708866000
2.327,3,Feb 25 2024 14: +0,1708869600
2.352,4,Feb 25 2024 15: +0,1708873200
2.319,3,Feb 25 2024 16: +0,1708876800
2.315,3,Feb 25 2024 17: +0,1708880400
2.293,2,Feb 25 2024 19: +0,1708887600
2.299,1,Feb 25 2024 20: +0,1708891200
1.995,4,Feb 25 2024 21: +0,1708894800
2.334,2,Feb 25 2024 22: +0,1708898400
2.315,10,Feb 25 2024 23: +0,1708902000
2.228,1,Feb 26 2024 00: +0,1708905600
1.462,1,Feb 26 2024 01: +0,1708909200
1.584,2,Feb 26 2024 04: +0,1708920000
2.33,4,Feb 26 2024 05: +0,1708923600
2.33,1,Feb 26 2024 07: +0,1708930800
1.959,1,Feb 26 2024 08: +0,1708934400
1.959,1,Feb 26 2024 09: +0,1708938000
2.338,1,Feb 26 2024 10: +0,1708941600
1.991,2,Feb 26 2024 11: +0,1708945200
2.334,2,Feb 26 2024 12: +0,1708948800
2.338,1,Feb 26 2024 13: +0,1708952400
2.457,1,Feb 26 2024 14: +0,1708956000
2.338,13,Feb 26 2024 15: +0,1708959600
2.33,1,Feb 26 2024 16: +0,1708963200
2.356,3,Feb 26 2024 17: +0,1708966800
2.355,9,Feb 26 2024 18: +0,1708970400
2.318,4,Feb 26 2024 19: +0,1708974000
2.141,3,Feb 26 2024 20: +0,1708977600
2.373,4,Feb 26 2024 21: +0,1708981200
2.315,1,Feb 26 2024 22: +0,1708984800
2.038,1,Feb 26 2024 23: +0,1708988400
2.326,4,Feb 27 2024 00: +0,1708992000
1.959,1,Feb 27 2024 01: +0,1708995600
2.35,2,Feb 27 2024 03: +0,1709002800
2.338,1,Feb 27 2024 04: +0,1709006400
2.338,3,Feb 27 2024 05: +0,1709010000
2.37,1,Feb 27 2024 07: +0,1709017200
2.338,1,Feb 27 2024 09: +0,1709024400
2.33,1,Feb 27 2024 10: +0,1709028000
0.882,1,Feb 27 2024 11: +0,1709031600
2.338,1,Feb 27 2024 12: +0,1709035200
2.33,5,Feb 27 2024 14: +0,1709042400
2.307,5,Feb 27 2024 16: +0,1709049600
2.257,2,Feb 27 2024 17: +0,1709053200
2.36,3,Feb 27 2024 18: +0,1709056800
2.362,1,Feb 27 2024 19: +0,1709060400
2.371,2,Feb 27 2024 20: +0,1709064000
2.331,2,Feb 27 2024 21: +0,1709067600
2.279,4,Feb 27 2024 22: +0,1709071200
0.696,1,Feb 27 2024 23: +0,1709074800
0.856,1,Feb 28 2024 00: +0,1709078400
2.35,4,Feb 28 2024 04: +0,1709092800
2.374,2,Feb 28 2024 06: +0,1709100000
2.33,1,Feb 28 2024 07: +0,1709103600
2.445,4,Feb 28 2024 09: +0,1709110800
2.388,4,Feb 28 2024 10: +0,1709114400
2.646,1,Feb 28 2024 11: +0,1709118000
1.435,2,Feb 28 2024 12: +0,1709121600
2.299,1,Feb 28 2024 13: +0,1709125200
2.386,4,Feb 28 2024 15: +0,1709132400
2.332,4,Feb 28 2024 16: +0,1709136000
2.401,4,Feb 28 2024 17: +0,1709139600
2.401,3,Feb 28 2024 18: +0,1709143200
2.382,6,Feb 28 2024 19: +0,1709146800
2.334,2,Feb 28 2024 20: +0,1709150400
2.315,6,Feb 28 2024 21: +0,1709154000
2.404,4,Feb 28 2024 22: +0,1709157600
0.855,3,Feb 28 2024 23: +0,1709161200
2.37,1,Feb 29 2024 00: +0,1709164800
2.409,3,Feb 29 2024 01: +0,1709168400
2.42,4,Feb 29 2024 02: +0,1709172000
2.212,1,Feb 29 2024 03: +0,1709175600
2.413,4,Feb 29 2024 04: +0,1709179200
2.417,1,Feb 29 2024 05: +0,1709182800
2.417,3,Feb 29 2024 06: +0,1709186400
1.967,1,Feb 29 2024 07: +0,1709190000
2.394,1,Feb 29 2024 09: +0,1709197200
2.425,3,Feb 29 2024 10: +0,1709200800
2.378,3,Feb 29 2024 13: +0,1709211600
2.35,4,Feb 29 2024 14: +0,1709215200
2.426,1,Feb 29 2024 15: +0,1709218800
2.421,2,Feb 29 2024 16: +0,1709222400
2.422,6,Feb 29 2024 17: +0,1709226000
2.394,3,Feb 29 2024 18: +0,1709229600
2.382,2,Feb 29 2024 19: +0,1709233200
2.412,2,Feb 29 2024 20: +0,1709236800
2.338,3,Feb 29 2024 21: +0,1709240400
2.417,3,Feb 29 2024 22: +0,1709244000
2.378,2,Feb 29 2024 23: +0,1709247600
2.358,2,Mar 01 2024 00: +0,1709251200
2.243,2,Mar 01 2024 02: +0,1709258400
2.409,4,Mar 01 2024 04: +0,1709265600
2.161,2,Mar 01 2024 05: +0,1709269200
2.354,2,Mar 01 2024 09: +0,1709283600
2.228,2,Mar 01 2024 11: +0,1709290800
2.338,3,Mar 01 2024 12: +0,1709294400
2.188,3,Mar 01 2024 13: +0,1709298000
2.318,2,Mar 01 2024 14: +0,1709301600
2.326,8,Mar 01 2024 15: +0,1709305200
2.377,4,Mar 01 2024 16: +0,1709308800
2.371,5,Mar 01 2024 17: +0,1709312400
2.338,7,Mar 01 2024 18: +0,1709316000
2.375,2,Mar 01 2024 19: +0,1709319600
2.372,3,Mar 01 2024 20: +0,1709323200
2.365,2,Mar 01 2024 21: +0,1709326800
2.228,2,Mar 01 2024 22: +0,1709330400
2.196,3,Mar 01 2024 23: +0,1709334000
2.235,3,Mar 02 2024 00: +0,1709337600
2.196,1,Mar 02 2024 01: +0,1709341200
1.339,1,Mar 02 2024 03: +0,1709348400
2.206,1,Mar 02 2024 05: +0,1709355600
2.223,1,Mar 02 2024 07: +0,1709362800
2.196,3,Mar 02 2024 08: +0,1709366400
2.196,3,Mar 02 2024 09: +0,1709370000
2.085,1,Mar 02 2024 10: +0,1709373600
2.149,1,Mar 02 2024 11: +0,1709377200
1.983,2,Mar 02 2024 13: +0,1709384400
2.153,3,Mar 02 2024 14: +0,1709388000
2.122,3,Mar 02 2024 15: +0,1709391600
2.177,1,Mar 02 2024 16: +0,1709395200
2.169,5,Mar 02 2024 17: +0,1709398800
2.056,2,Mar 02 2024 18: +0,1709402400
2.181,6,Mar 02 2024 19: +0,1709406000
0.871,2,Mar 02 2024 20: +0,1709409600
1.433,2,Mar 02 2024 21: +0,1709413200
1.503,2,Mar 02 2024 22: +0,1709416800
0.846,1,Mar 02 2024 23: +0,1709420400
2.177,1,Mar 03 2024 00: +0,1709424000
1.95,1,Mar 03 2024 03: +0,1709434800
2.153,7,Mar 03 2024 04: +0,1709438400
2.028,1,Mar 03 2024 05: +0,1709442000
2.087,2,Mar 03 2024 06: +0,1709445600
1.974,1,Mar 03 2024 07: +0,1709449200
1.382,2,Mar 03 2024 10: +0,1709460000
2.169,3,Mar 03 2024 11: +0,1709463600
2.176,1,Mar 03 2024 12: +0,1709467200
2.177,4,Mar 03 2024 14: +0,1709474400
1.911,2,Mar 03 2024 15: +0,1709478000
2.169,3,Mar 03 2024 16: +0,1709481600
2.178,1,Mar 03 2024 17: +0,1709485200
1.802,4,Mar 03 2024 18: +0,1709488800
2.177,7,Mar 03 2024 19: +0,1709492400
2.177,4,Mar 03 2024 20: +0,1709496000
2.122,3,Mar 03 2024 21: +0,1709499600
2.169,2,Mar 03 2024 22: +0,1709503200
2.169,3,Mar 03 2024 23: +0,1709506800
2.169,5,Mar 04 2024 00: +0,1709510400
2.173,2,Mar 04 2024 01: +0,1709514000
1.95,1,Mar 04 2024 02: +0,1709517600
2.149,2,Mar 04 2024 04: +0,1709524800
2.149,2,Mar 04 2024 05: +0,1709528400
2.138,4,Mar 04 2024 06: +0,1709532000
1.826,2,Mar 04 2024 07: +0,1709535600
2.099,2,Mar 04 2024 08: +0,1709539200
2.169,5,Mar 04 2024 09: +0,1709542800
2.169,1,Mar 04 2024 10: +0,1709546400
2.169,13,Mar 04 2024 11: +0,1709550000
2.169,4,Mar 04 2024 12: +0,1709553600
2.169,9,Mar 04 2024 13: +0,1709557200
2.169,8,Mar 04 2024 14: +0,1709560800
2.075,3,Mar 04 2024 15: +0,1709564400
2.153,2,Mar 04 2024 16: +0,1709568000
2.177,3,Mar 04 2024 17: +0,1709571600
2.173,3,Mar 04 2024 18: +0,1709575200
2.169,6,Mar 04 2024 19: +0,1709578800
2.091,3,Mar 04 2024 20: +0,1709582400
2.169,2,Mar 04 2024 21: +0,1709586000
2.169,3,Mar 04 2024 22: +0,1709589600
2.083,1,Mar 04 2024 23: +0,1709593200
2.122,1,Mar 05 2024 01: +0,1709600400
2.169,6,Mar 05 2024 02: +0,1709604000
2.239,1,Mar 05 2024 05: +0,1709614800
2.184,1,Mar 05 2024 08: +0,1709625600
1.662,1,Mar 05 2024 09: +0,1709629200
2.169,11,Mar 05 2024 11: +0,1709636400
2.091,1,Mar 05 2024 12: +0,1709640000
2.169,7,Mar 05 2024 13: +0,1709643600
1.997,1,Mar 05 2024 14: +0,1709647200
2.171,3,Mar 05 2024 15: +0,1709650800
2.168,4,Mar 05 2024 16: +0,1709654400
2.008,4,Mar 05 2024 17: +0,1709658000
2.169,4,Mar 05 2024 18: +0,1709661600
2.04,2,Mar 05 2024 20: +0,1709668800
1.93,2,Mar 05 2024 21: +0,1709672400
0.69,1,Mar 05 2024 22: +0,1709676000
2.038,2,Mar 06 2024 02: +0,1709690400
2.011,2,Mar 06 2024 05: +0,1709701200
2.044,1,Mar 06 2024 06: +0,1709704800
1.978,2,Mar 06 2024 07: +0,1709708400
2.044,1,Mar 06 2024 08: +0,1709712000
1.935,1,Mar 06 2024 09: +0,1709715600
2.058,1,Mar 06 2024 10: +0,1709719200
2.116,1,Mar 06 2024 11: +0,1709722800
2.044,3,Mar 06 2024 13: +0,1709730000
1.445,2,Mar 06 2024 14: +0,1709733600
2.06,1,Mar 06 2024 15: +0,1709737200
2.057,5,Mar 06 2024 16: +0,1709740800
2.036,3,Mar 06 2024 17: +0,1709744400
2.044,5,Mar 06 2024 18: +0,1709748000
2.028,7,Mar 06 2024 19: +0,1709751600
2.044,2,Mar 06 2024 20: +0,1709755200
2.036,3,Mar 06 2024 21: +0,1709758800
1.97,2,Mar 06 2024 22: +0,1709762400
2.054,3,Mar 06 2024 23: +0,1709766000
2.036,2,Mar 07 2024 00: +0,1709769600
2.067,10,Mar 07 2024 02: +0,1709776800
1.993,2,Mar 07 2024 03: +0,1709780400
1.95,3,Mar 07 2024 04: +0,1709784000
2.037,2,Mar 07 2024 05: +0,1709787600
2.166,4,Mar 07 2024 07: +0,1709794800
0.84,1,Mar 07 2024 08: +0,1709798400
1.896,1,Mar 07 2024 09: +0,1709802000
2.048,1,Mar 07 2024 10: +0,1709805600
2.028,1,Mar 07 2024 13: +0,1709816400
1.95,1,Mar 07 2024 14: +0,1709820000
1.904,10,Mar 07 2024 15: +0,1709823600
2.054,3,Mar 07 2024 16: +0,1709827200
2.044,1,Mar 07 2024 17: +0,1709830800
2.036,6,Mar 07 2024 18: +0,1709834400
1.911,3,Mar 07 2024 19: +0,1709838000
2.087,2,Mar 07 2024 20: +0,1709841600
2.037,2,Mar 07 2024 21: +0,1709845200
2.036,3,Mar 07 2024 22: +0,1709848800
1.858,2,Mar 07 2024 23: +0,1709852400
1.919,5,Mar 08 2024 00: +0,1709856000
0.877,3,Mar 08 2024 03: +0,1709866800
1.868,2,Mar 08 2024 06: +0,1709877600
1.982,1,Mar 08 2024 07: +0,1709881200
1.985,2,Mar 08 2024 08: +0,1709884800
1.979,1,Mar 08 2024 10: +0,1709892000
1.931,4,Mar 08 2024 12: +0,1709899200
1.95,1,Mar 08 2024 13: +0,1709902800
1.901,2,Mar 08 2024 14: +0,1709906400
1.932,3,Mar 08 2024 15: +0,1709910000
1.716,1,Mar 08 2024 16: +0,1709913600
2.06,2,Mar 08 2024 17: +0,1709917200
1.915,4,Mar 08 2024 18: +0,1709920800
0.843,3,Mar 08 2024 19: +0,1709924400
1.718,2,Mar 08 2024 20: +0,1709928000
1.906,4,Mar 08 2024 21: +0,1709931600
0.846,3,Mar 08 2024 22: +0,1709935200
1.849,1,Mar 08 2024 23: +0,1709938800
1.716,3,Mar 09 2024 00: +0,1709942400
1.889,1,Mar 09 2024 02: +0,1709949600
1.802,1,Mar 09 2024 03: +0,1709953200
1.88,3,Mar 09 2024 04: +0,1709956800
1.88,3,Mar 09 2024 05: +0,1709960400
1.887,2,Mar 09 2024 06: +0,1709964000
1.95,1,Mar 09 2024 07: +0,1709967600
1.888,3,Mar 09 2024 08: +0,1709971200
1.833,3,Mar 09 2024 09: +0,1709974800
1.802,4,Mar 09 2024 10: +0,1709978400
1.86,2,Mar 09 2024 11: +0,1709982000
1.88,2,Mar 09 2024 13: +0,1709989200
1.898,7,Mar 09 2024 14: +0,1709992800
2.06,29,Mar 09 2024 15: +0,1709996400
1.985,5,Mar 09 2024 16: +0,1710000000
1.95,1,Mar 09 2024 17: +0,1710003600
1.95,3,Mar 09 2024 18: +0,1710007200
1.798,2,Mar 09 2024 19: +0,1710010800
1.884,3,Mar 09 2024 20: +0,1710014400
2.021,4,Mar 09 2024 21: +0,1710018000
2.177,3,Mar 09 2024 22: +0,1710021600
2.192,1,Mar 09 2024 23: +0,1710025200
1.888,3,Mar 10 2024 04: +0,1710043200
1.974,5,Mar 10 2024 05: +0,1710046800
2.177,7,Mar 10 2024 06: +0,1710050400
2.062,2,Mar 10 2024 07: +0,1710054000
1.896,1,Mar 10 2024 08: +0,1710057600
1.362,2,Mar 10 2024 10: +0,1710064800
2.106,1,Mar 10 2024 12: +0,1710072000
1.911,6,Mar 10 2024 13: +0,1710075600
1.984,2,Mar 10 2024 14: +0,1710079200
1.953,1,Mar 10 2024 15: +0,1710082800
1.985,2,Mar 10 2024 16: +0,1710086400
1.367,2,Mar 10 2024 17: +0,1710090000
1.814,2,Mar 10 2024 18: +0,1710093600
1.865,5,Mar 10 2024 19: +0,1710097200
1.994,2,Mar 10 2024 20: +0,1710100800
1.927,3,Mar 10 2024 21: +0,1710104400
1.93,1,Mar 10 2024 22: +0,1710108000
1.895,2,Mar 10 2024 23: +0,1710111600
1.852,4,Mar 11 2024 00: +0,1710115200
1.724,1,Mar 11 2024 01: +0,1710118800
1.943,1,Mar 11 2024 03: +0,1710126000
2.119,1,Mar 11 2024 05: +0,1710133200
1.93,3,Mar 11 2024 06: +0,1710136800
1.864,2,Mar 11 2024 07: +0,1710140400
2.115,1,Mar 11 2024 08: +0,1710144000
1.577,3,Mar 11 2024 09: +0,1710147600
0.846,1,Mar 11 2024 10: +0,1710151200
1.911,1,Mar 11 2024 11: +0,1710154800
1.959,2,Mar 11 2024 12: +0,1710158400
1.763,1,Mar 11 2024 13: +0,1710162000
1.841,1,Mar 11 2024 14: +0,1710165600
1.911,4,Mar 11 2024 15: +0,1710169200
1.921,2,Mar 11 2024 16: +0,1710172800
1.919,5,Mar 11 2024 17: +0,1710176400
1.901,4,Mar 11 2024 19: +0,1710183600
1.379,2,Mar 11 2024 20: +0,1710187200
0.86,2,Mar 11 2024 21: +0,1710190800
1.84,2,Mar 11 2024 22: +0,1710194400
1.946,1,Mar 12 2024 00: +0,1710201600
1.923,1,Mar 12 2024 05: +0,1710219600
1.395,2,Mar 12 2024 07: +0,1710226800
2.065,1,Mar 12 2024 08: +0,1710230400
1.97,2,Mar 12 2024 09: +0,1710234000
1.935,2,Mar 12 2024 10: +0,1710237600
1.95,3,Mar 12 2024 11: +0,1710241200
1.812,1,Mar 12 2024 12: +0,1710244800
1.994,1,Mar 12 2024 13: +0,1710248400
1.899,2,Mar 12 2024 14: +0,1710252000
1.974,2,Mar 12 2024 15: +0,1710255600
1.914,2,Mar 12 2024 16: +0,1710259200
1.931,3,Mar 12 2024 17: +0,1710262800
1.949,3,Mar 12 2024 18: +0,1710266400
0.852,1,Mar 12 2024 19: +0,1710270000
2.136,1,Mar 12 2024 20: +0,1710273600
1.568,3,Mar 12 2024 21: +0,1710277200
1.923,4,Mar 12 2024 22: +0,1710280800
1.915,5,Mar 12 2024 23: +0,1710284400
1.779,2,Mar 13 2024 02: +0,1710295200
1.848,2,Mar 13 2024 03: +0,1710298800
2.118,2,Mar 13 2024 05: +0,1710306000
1.912,1,Mar 13 2024 07: +0,1710313200
1.929,1,Mar 13 2024 08: +0,1710316800
1.907,3,Mar 13 2024 09: +0,1710320400
1.894,2,Mar 13 2024 10: +0,1710324000
1.875,1,Mar 13 2024 11: +0,1710327600
1.923,3,Mar 13 2024 12: +0,1710331200
1.359,1,Mar 13 2024 13: +0,1710334800
1.929,5,Mar 13 2024 14: +0,1710338400
1.939,2,Mar 13 2024 17: +0,1710349200
1.923,5,Mar 13 2024 18: +0,1710352800
1.899,3,Mar 13 2024 19: +0,1710356400
1.883,7,Mar 13 2024 20: +0,1710360000
1.939,2,Mar 13 2024 21: +0,1710363600
1.808,2,Mar 13 2024 22: +0,1710367200
1.923,3,Mar 13 2024 23: +0,1710370800
1.868,2,Mar 14 2024 00: +0,1710374400
1.86,2,Mar 14 2024 02: +0,1710381600
1.943,3,Mar 14 2024 03: +0,1710385200
1.899,2,Mar 14 2024 04: +0,1710388800
1.939,1,Mar 14 2024 06: +0,1710396000
1.899,3,Mar 14 2024 07: +0,1710399600
1.931,3,Mar 14 2024 09: +0,1710406800
1.899,2,Mar 14 2024 11: +0,1710414000
1.726,3,Mar 14 2024 12: +0,1710417600
1.879,4,Mar 14 2024 13: +0,1710421200
1.903,2,Mar 14 2024 14: +0,1710424800
1.747,2,Mar 14 2024 15: +0,1710428400
1.883,1,Mar 14 2024 16: +0,1710432000
1.883,10,Mar 14 2024 17: +0,1710435600
1.852,6,Mar 14 2024 18: +0,1710439200
1.907,3,Mar 14 2024 19: +0,1710442800
1.875,2,Mar 14 2024 20: +0,1710446400
1.915,1,Mar 14 2024 21: +0,1710450000
1.848,8,Mar 14 2024 22: +0,1710453600
1.883,3,Mar 14 2024 23: +0,1710457200
1.896,1,Mar 15 2024 00: +0,1710460800
1.848,2,Mar 15 2024 01: +0,1710464400
1.883,1,Mar 15 2024 02: +0,1710468000
1.883,1,Mar 15 2024 03: +0,1710471600
1.883,1,Mar 15 2024 04: +0,1710475200
1.927,2,Mar 15 2024 05: +0,1710478800
1.872,2,Mar 15 2024 06: +0,1710482400
1.822,2,Mar 15 2024 07: +0,1710486000
1.883,4,Mar 15 2024 08: +0,1710489600
1.97,1,Mar 15 2024 10: +0,1710496800
1.798,2,Mar 15 2024 11: +0,1710500400
1.844,8,Mar 15 2024 12: +0,1710504000
1.883,1,Mar 15 2024 14: +0,1710511200
1.844,1,Mar 15 2024 15: +0,1710514800
1.742,2,Mar 15 2024 16: +0,1710518400
1.835,2,Mar 15 2024 17: +0,1710522000
0.921,2,Mar 15 2024 18: +0,1710525600
1.832,2,Mar 15 2024 19: +0,1710529200
1.846,1,Mar 15 2024 20: +0,1710532800
1.836,5,Mar 15 2024 21: +0,1710536400
1.789,3,Mar 15 2024 22: +0,1710540000
1.789,1,Mar 15 2024 23: +0,1710543600
1.812,1,Mar 16 2024 00: +0,1710547200
1.757,3,Mar 16 2024 01: +0,1710550800
1.812,3,Mar 16 2024 02: +0,1710554400
1.82,7,Mar 16 2024 03: +0,1710558000
1.83,1,Mar 16 2024 04: +0,1710561600
1.836,2,Mar 16 2024 05: +0,1710565200
1.844,11,Mar 16 2024 06: +0,1710568800
1.734,1,Mar 16 2024 07: +0,1710572400
1.844,1,Mar 16 2024 08: +0,1710576000
1.86,1,Mar 16 2024 10: +0,1710583200
1.84,2,Mar 16 2024 11: +0,1710586800
1.762,2,Mar 16 2024 13: +0,1710594000
1.757,1,Mar 16 2024 14: +0,1710597600
1.836,4,Mar 16 2024 16: +0,1710604800
1.773,2,Mar 16 2024 17: +0,1710608400
1.828,1,Mar 16 2024 18: +0,1710612000
1.742,4,Mar 16 2024 19: +0,1710615600
1.318,2,Mar 16 2024 20: +0,1710619200
1.844,3,Mar 16 2024 21: +0,1710622800
1.577,1,Mar 16 2024 22: +0,1710626400
1.829,4,Mar 16 2024 23: +0,1710630000
1.827,1,Mar 17 2024 00: +0,1710633600
1.736,1,Mar 17 2024 01: +0,1710637200
1.715,1,Mar 17 2024 02: +0,1710640800
1.757,3,Mar 17 2024 03: +0,1710644400
1.781,4,Mar 17 2024 05: +0,1710651600
1.812,1,Mar 17 2024 06: +0,1710655200
0.849,1,Mar 17 2024 07: +0,1710658800
1.803,1,Mar 17 2024 10: +0,1710669600
1.812,1,Mar 17 2024 11: +0,1710673200
1.734,4,Mar 17 2024 12: +0,1710676800
1.707,1,Mar 17 2024 13: +0,1710680400
1.82,2,Mar 17 2024 14: +0,1710684000
1.155,3,Mar 17 2024 15: +0,1710687600
1.835,3,Mar 17 2024 16: +0,1710691200
1.844,5,Mar 17 2024 17: +0,1710694800
1.836,2,Mar 17 2024 18: +0,1710698400
0.883,1,Mar 17 2024 19: +0,1710702000
1.655,3,Mar 17 2024 20: +0,1710705600
1.82,1,Mar 17 2024 21: +0,1710709200
1.789,2,Mar 17 2024 22: +0,1710712800
1.336,2,Mar 17 2024 23: +0,1710716400
1.696,2,Mar 18 2024 00: +0,1710720000
1.977,2,Mar 18 2024 01: +0,1710723600
1.828,1,Mar 18 2024 05: +0,1710738000
1.83,1,Mar 18 2024 06: +0,1710741600
1.797,2,Mar 18 2024 09: +0,1710752400
1.638,1,Mar 18 2024 11: +0,1710759600
1.835,2,Mar 18 2024 12: +0,1710763200
2.009,2,Mar 18 2024 13: +0,1710766800
1.812,2,Mar 18 2024 14: +0,1710770400
1.789,3,Mar 18 2024 15: +0,1710774000
1.801,2,Mar 18 2024 16: +0,1710777600
1.801,2,Mar 18 2024 17: +0,1710781200
1.812,4,Mar 18 2024 18: +0,1710784800
1.835,3,Mar 18 2024 19: +0,1710788400
1.789,4,Mar 18 2024 20: +0,1710792000
1.789,4,Mar 18 2024 21: +0,1710795600
1.852,1,Mar 18 2024 22: +0,1710799200
1.789,1,Mar 19 2024 00: +0,1710806400
0.849,1,Mar 19 2024 01: +0,1710810000
1.793,2,Mar 19 2024 02: +0,1710813600
1.836,1,Mar 19 2024 03: +0,1710817200
1.769,2,Mar 19 2024 04: +0,1710820800
1.348,2,Mar 19 2024 05: +0,1710824400
1.812,3,Mar 19 2024 06: +0,1710828000
1.828,1,Mar 19 2024 07: +0,1710831600
1.805,1,Mar 19 2024 10: +0,1710842400
1.756,2,Mar 19 2024 11: +0,1710846000
1.828,1,Mar 19 2024 12: +0,1710849600
0.84,1,Mar 19 2024 13: +0,1710853200
1.836,3,Mar 19 2024 14: +0,1710856800
1.73,2,Mar 19 2024 15: +0,1710860400
1.623,2,Mar 19 2024 16: +0,1710864000
1.715,3,Mar 19 2024 18: +0,1710871200
1.805,3,Mar 19 2024 19: +0,1710874800
1.812,3,Mar 19 2024 20: +0,1710878400
1.785,2,Mar 19 2024 21: +0,1710882000
1.837,6,Mar 19 2024 22: +0,1710885600
1.364,2,Mar 19 2024 23: +0,1710889200
0.85,1,Mar 20 2024 00: +0,1710892800
1.844,9,Mar 20 2024 01: +0,1710896400
1.833,2,Mar 20 2024 03: +0,1710903600
1.781,3,Mar 20 2024 04: +0,1710907200
1.821,3,Mar 20 2024 05: +0,1710910800
1.821,1,Mar 20 2024 07: +0,1710918000
1.844,1,Mar 20 2024 08: +0,1710921600
1.892,1,Mar 20 2024 09: +0,1710925200
0.885,1,Mar 20 2024 10: +0,1710928800
1.802,2,Mar 20 2024 11: +0,1710932400
1.848,7,Mar 20 2024 12: +0,1710936000
1.829,4,Mar 20 2024 13: +0,1710939600
1.829,3,Mar 20 2024 14: +0,1710943200
1.837,5,Mar 20 2024 15: +0,1710946800
1.36,4,Mar 20 2024 16: +0,1710950400
1.846,2,Mar 20 2024 17: +0,1710954000
1.866,2,Mar 20 2024 18: +0,1710957600
0.833,3,Mar 20 2024 19: +0,1710961200
1.875,5,Mar 20 2024 20: +0,1710964800
1.844,5,Mar 20 2024 21: +0,1710968400
1.844,2,Mar 20 2024 22: +0,1710972000
1.612,1,Mar 21 2024 00: +0,1710979200
1.797,3,Mar 21 2024 02: +0,1710986400
1.852,3,Mar 21 2024 03: +0,1710990000
1.793,2,Mar 21 2024 04: +0,1710993600
1.844,3,Mar 21 2024 05: +0,1710997200
1.801,2,Mar 21 2024 06: +0,1711000800
1.797,1,Mar 21 2024 07: +0,1711004400
1.844,3,Mar 21 2024 08: +0,1711008000
1.78,2,Mar 21 2024 09: +0,1711011600
1.668,2,Mar 21 2024 10: +0,1711015200
1.797,2,Mar 21 2024 11: +0,1711018800
1.86,2,Mar 21 2024 12: +0,1711022400
1.837,4,Mar 21 2024 13: +0,1711026000
1.773,1,Mar 21 2024 14: +0,1711029600
1.838,2,Mar 21 2024 15: +0,1711033200
1.851,2,Mar 21 2024 16: +0,1711036800
1.844,3,Mar 21 2024 17: +0,1711040400
1.797,3,Mar 21 2024 18: +0,1711044000
1.821,7,Mar 21 2024 19: +0,1711047600
1.945,2,Mar 21 2024 20: +0,1711051200
1.789,3,Mar 21 2024 21: +0,1711054800
1.821,5,Mar 21 2024 22: +0,1711058400
1.821,1,Mar 21 2024 23: +0,1711062000
1.876,1,Mar 22 2024 00: +0,1711065600
3.024,5,Mar 22 2024 01: +0,1711069200
1.821,1,Mar 22 2024 02: +0,1711072800
1.844,1,Mar 22 2024 03: +0,1711076400
1.888,2,Mar 22 2024 05: +0,1711083600
1.773,2,Mar 22 2024 06: +0,1711087200
1.821,1,Mar 22 2024 07: +0,1711090800
1.725,1,Mar 22 2024 09: +0,1711098000
1.936,2,Mar 22 2024 12: +0,1711108800
1.522,2,Mar 22 2024 13: +0,1711112400
1.821,3,Mar 22 2024 14: +0,1711116000
1.833,4,Mar 22 2024 16: +0,1711123200
1.833,4,Mar 22 2024 17: +0,1711126800
1.821,1,Mar 22 2024 19: +0,1711134000
1.841,2,Mar 22 2024 20: +0,1711137600
1.844,9,Mar 22 2024 22: +0,1711144800
1.825,2,Mar 22 2024 23: +0,1711148400
1.844,1,Mar 23 2024 00: +0,1711152000
1.713,1,Mar 23 2024 01: +0,1711155600
2.133,1,Mar 23 2024 02: +0,1711159200
1.852,1,Mar 23 2024 04: +0,1711166400
1.696,1,Mar 23 2024 07: +0,1711177200
1.849,2,Mar 23 2024 08: +0,1711180800
1.852,1,Mar 23 2024 09: +0,1711184400
1.86,1,Mar 23 2024 10: +0,1711188000
1.844,1,Mar 23 2024 11: +0,1711191600
1.912,4,Mar 23 2024 13: +0,1711198800
1.842,5,Mar 23 2024 14: +0,1711202400
1.807,2,Mar 23 2024 15: +0,1711206000
1.749,2,Mar 23 2024 16: +0,1711209600
1.843,4,Mar 23 2024 17: +0,1711213200
1.843,10,Mar 23 2024 18: +0,1711216800
1.935,2,Mar 23 2024 19: +0,1711220400
1.803,2,Mar 23 2024 20: +0,1711224000
1.842,3,Mar 23 2024 21: +0,1711227600
1.842,1,Mar 23 2024 23: +0,1711234800
1.842,6,Mar 24 2024 00: +0,1711238400
1.842,1,Mar 24 2024 01: +0,1711242000
1.846,2,Mar 24 2024 02: +0,1711245600
1.833,2,Mar 24 2024 03: +0,1711249200
1.842,1,Mar 24 2024 04: +0,1711252800
1.85,1,Mar 24 2024 06: +0,1711260000
1.696,1,Mar 24 2024 07: +0,1711263600
1.837,1,Mar 24 2024 09: +0,1711270800
1.843,4,Mar 24 2024 11: +0,1711278000
1.868,18,Mar 24 2024 12: +0,1711281600
1.967,8,Mar 24 2024 13: +0,1711285200
1.955,1,Mar 24 2024 14: +0,1711288800
1.904,2,Mar 24 2024 15: +0,1711292400
1.97,12,Mar 24 2024 17: +0,1711299600
1.892,1,Mar 24 2024 19: +0,1711306800
1.764,2,Mar 24 2024 20: +0,1711310400
1.892,1,Mar 24 2024 21: +0,1711314000
1.921,2,Mar 24 2024 23: +0,1711321200
1.86,1,Mar 25 2024 02: +0,1711332000
1.842,1,Mar 25 2024 03: +0,1711335600
1.842,1,Mar 25 2024 04: +0,1711339200
1.86,1,Mar 25 2024 05: +0,1711342800
1.876,1,Mar 25 2024 08: +0,1711353600
2.09,1,Mar 25 2024 09: +0,1711357200
1.896,2,Mar 25 2024 11: +0,1711364400
1.891,1,Mar 25 2024 12: +0,1711368000
1.924,1,Mar 25 2024 13: +0,1711371600
1.924,1,Mar 25 2024 14: +0,1711375200
2.098,1,Mar 25 2024 15: +0,1711378800
1.92,2,Mar 25 2024 16: +0,1711382400
1.884,1,Mar 25 2024 17: +0,1711386000
1.837,2,Mar 25 2024 18: +0,1711389600
1.86,1,Mar 25 2024 19: +0,1711393200
1.884,1,Mar 25 2024 20: +0,1711396800
1.868,3,Mar 25 2024 21: +0,1711400400
1.924,1,Mar 25 2024 23: +0,1711407600
1.868,1,Mar 26 2024 00: +0,1711411200
1.7,2,Mar 26 2024 01: +0,1711414800
1.872,2,Mar 26 2024 02: +0,1711418400
1.877,2,Mar 26 2024 03: +0,1711422000
2.22,1,Mar 26 2024 06: +0,1711432800
1.891,1,Mar 26 2024 08: +0,1711440000
1.852,1,Mar 26 2024 09: +0,1711443600
1.884,2,Mar 26 2024 10: +0,1711447200
1.734,1,Mar 26 2024 11: +0,1711450800
1.833,2,Mar 26 2024 12: +0,1711454400
1.877,3,Mar 26 2024 13: +0,1711458000
1.884,1,Mar 26 2024 14: +0,1711461600
1.888,2,Mar 26 2024 15: +0,1711465200
1.877,1,Mar 26 2024 16: +0,1711468800
1.726,1,Mar 26 2024 17: +0,1711472400
1.701,2,Mar 26 2024 18: +0,1711476000
1.868,1,Mar 26 2024 19: +0,1711479600
1.47,1,Mar 26 2024 20: +0,1711483200
1.876,3,Mar 26 2024 21: +0,1711486800
1.877,1,Mar 26 2024 22: +0,1711490400
1.868,1,Mar 26 2024 23: +0,1711494000
1.908,9,Mar 27 2024 00: +0,1711497600
1.916,3,Mar 27 2024 01: +0,1711501200
1.79,2,Mar 27 2024 02: +0,1711504800
1.912,3,Mar 27 2024 03: +0,1711508400
1.877,1,Mar 27 2024 04: +0,1711512000
1.921,1,Mar 27 2024 05: +0,1711515600
1.924,1,Mar 27 2024 07: +0,1711522800
1.884,1,Mar 27 2024 08: +0,1711526400
2.133,2,Mar 27 2024 09: +0,1711530000
1.826,1,Mar 27 2024 10: +0,1711533600
1.948,2,Mar 27 2024 11: +0,1711537200
1.877,4,Mar 27 2024 14: +0,1711548000
1.92,4,Mar 27 2024 15: +0,1711551600
1.93,1,Mar 27 2024 16: +0,1711555200
1.908,2,Mar 27 2024 17: +0,1711558800
1.81,2,Mar 27 2024 18: +0,1711562400
1.907,4,Mar 27 2024 19: +0,1711566000
1.868,1,Mar 27 2024 20: +0,1711569600
1.749,3,Mar 27 2024 21: +0,1711573200
1.892,6,Mar 27 2024 22: +0,1711576800
1.916,3,Mar 27 2024 23: +0,1711580400
1.705,3,Mar 28 2024 00: +0,1711584000
1.923,1,Mar 28 2024 01: +0,1711587600
1.82,1,Mar 28 2024 03: +0,1711594800
1.892,3,Mar 28 2024 04: +0,1711598400
1.884,2,Mar 28 2024 06: +0,1711605600
1.876,1,Mar 28 2024 07: +0,1711609200
1.908,1,Mar 28 2024 09: +0,1711616400
1.917,1,Mar 28 2024 11: +0,1711623600
1.921,2,Mar 28 2024 12: +0,1711627200
1.942,2,Mar 28 2024 13: +0,1711630800
1.884,4,Mar 28 2024 15: +0,1711638000
1.821,1,Mar 28 2024 16: +0,1711641600
1.886,2,Mar 28 2024 17: +0,1711645200
1.889,1,Mar 28 2024 18: +0,1711648800
1.86,4,Mar 28 2024 21: +0,1711659600
1.829,1,Mar 28 2024 23: +0,1711666800
1.86,5,Mar 29 2024 01: +0,1711674000
1.782,2,Mar 29 2024 04: +0,1711684800
1.849,2,Mar 29 2024 05: +0,1711688400
2.066,2,Mar 29 2024 06: +0,1711692000
1.645,2,Mar 29 2024 09: +0,1711702800
1.853,2,Mar 29 2024 12: +0,1711713600
1.867,4,Mar 29 2024 13: +0,1711717200
1.888,7,Mar 29 2024 14: +0,1711720800
1.951,1,Mar 29 2024 15: +0,1711724400
1.742,1,Mar 29 2024 16: +0,1711728000
1.876,1,Mar 29 2024 17: +0,1711731600
2.141,2,Mar 29 2024 18: +0,1711735200
1.864,5,Mar 29 2024 19: +0,1711738800
1.984,2,Mar 29 2024 20: +0,1711742400
1.892,5,Mar 29 2024 21: +0,1711746000
3.4,2,Mar 29 2024 22: +0,1711749600
1.916,3,Mar 29 2024 23: +0,1711753200
1.894,2,Mar 30 2024 00: +0,1711756800
1.653,2,Mar 30 2024 01: +0,1711760400
1.947,2,Mar 30 2024 02: +0,1711764000
1.88,2,Mar 30 2024 03: +0,1711767600
1.889,1,Mar 30 2024 04: +0,1711771200
1.71,1,Mar 30 2024 09: +0,1711789200
1.844,2,Mar 30 2024 12: +0,1711800000
1.902,1,Mar 30 2024 13: +0,1711803600
1.744,1,Mar 30 2024 14: +0,1711807200
1.85,2,Mar 30 2024 15: +0,1711810800
1.704,3,Mar 30 2024 16: +0,1711814400
1.748,2,Mar 30 2024 17: +0,1711818000
1.839,4,Mar 30 2024 18: +0,1711821600
1.831,5,Mar 30 2024 19: +0,1711825200
1.74,2,Mar 30 2024 21: +0,1711832400
1.703,2,Mar 30 2024 22: +0,1711836000
1.823,2,Mar 30 2024 23: +0,1711839600
1.758,2,Mar 31 2024 00: +0,1711843200
1.839,1,Mar 31 2024 02: +0,1711846800
1.851,1,Mar 31 2024 03: +0,1711850400
1.846,1,Mar 31 2024 05: +0,1711857600
1.752,1,Mar 31 2024 06: +0,1711861200
1.839,1,Mar 31 2024 07: +0,1711864800
1.831,1,Mar 31 2024 08: +0,1711868400
1.704,1,Mar 31 2024 09: +0,1711872000
1.831,1,Mar 31 2024 11: +0,1711879200
1.839,3,Mar 31 2024 13: +0,1711886400
1.815,2,Mar 31 2024 14: +0,1711890000
1.828,2,Mar 31 2024 15: +0,1711893600
1.806,3,Mar 31 2024 16: +0,1711897200
1.849,2,Mar 31 2024 17: +0,1711900800
1.846,3,Mar 31 2024 18: +0,1711904400
1.839,2,Mar 31 2024 19: +0,1711908000
1.68,2,Mar 31 2024 20: +0,1711911600
1.775,5,Mar 31 2024 21: +0,1711915200
1.787,2,Mar 31 2024 22: +0,1711918800
1.618,1,Apr 01 2024 00: +0,1711926000
1.814,3,Apr 01 2024 01: +0,1711929600
1.85,4,Apr 01 2024 02: +0,1711933200
1.76,4,Apr 01 2024 03: +0,1711936800
1.823,1,Apr 01 2024 04: +0,1711940400
1.575,1,Apr 01 2024 06: +0,1711947600
1.804,4,Apr 01 2024 08: +0,1711954800
1.815,3,Apr 01 2024 09: +0,1711958400
1.789,1,Apr 01 2024 10: +0,1711962000
1.754,4,Apr 01 2024 12: +0,1711969200
1.84,1,Apr 01 2024 13: +0,1711972800
1.845,1,Apr 01 2024 14: +0,1711976400
1.845,2,Apr 01 2024 15: +0,1711980000
1.752,1,Apr 01 2024 16: +0,1711983600
1.857,3,Apr 01 2024 18: +0,1711990800
1.748,2,Apr 01 2024 19: +0,1711994400
1.842,2,Apr 01 2024 20: +0,1711998000
1.838,4,Apr 01 2024 21: +0,1712001600
1.846,1,Apr 01 2024 22: +0,1712005200
1.854,1,Apr 02 2024 00: +0,1712012400
1.571,1,Apr 02 2024 02: +0,1712019600
2.213,6,Apr 02 2024 08: +0,1712041200
2.209,1,Apr 02 2024 10: +0,1712048400
2.2,1,Apr 02 2024 11: +0,1712052000
1.752,1,Apr 02 2024 12: +0,1712055600
1.807,2,Apr 02 2024 15: +0,1712066400
1.858,3,Apr 02 2024 16: +0,1712070000
1.791,4,Apr 02 2024 17: +0,1712073600
1.889,21,Apr 02 2024 18: +0,1712077200
1.878,1,Apr 02 2024 19: +0,1712080800
1.819,2,Apr 02 2024 20: +0,1712084400
1.719,2,Apr 02 2024 21: +0,1712088000
1.768,1,Apr 02 2024 22: +0,1712091600
1.775,1,Apr 02 2024 23: +0,1712095200
1.641,2,Apr 03 2024 00: +0,1712098800
1.775,1,Apr 03 2024 01: +0,1712102400
1.633,1,Apr 03 2024 02: +0,1712106000
1.768,1,Apr 03 2024 04: +0,1712113200
1.912,2,Apr 03 2024 05: +0,1712116800
1.878,3,Apr 03 2024 08: +0,1712127600
1.925,2,Apr 03 2024 09: +0,1712131200
1.894,1,Apr 03 2024 12: +0,1712142000
2.501,5,Apr 03 2024 13: +0,1712145600
1.81,3,Apr 03 2024 14: +0,1712149200
1.497,1,Apr 03 2024 15: +0,1712152800
1.791,2,Apr 03 2024 16: +0,1712156400
1.791,6,Apr 03 2024 17: +0,1712160000
1.807,1,Apr 03 2024 18: +0,1712163600
1.809,3,Apr 03 2024 19: +0,1712167200
1.792,2,Apr 03 2024 20: +0,1712170800
1.849,2,Apr 03 2024 21: +0,1712174400
1.791,1,Apr 03 2024 22: +0,1712178000
1.692,2,Apr 03 2024 23: +0,1712181600
1.799,2,Apr 04 2024 00: +0,1712185200
1.815,3,Apr 04 2024 01: +0,1712188800
1.827,4,Apr 04 2024 02: +0,1712192400
1.807,2,Apr 04 2024 03: +0,1712196000
1.854,9,Apr 04 2024 04: +0,1712199600
1.863,2,Apr 04 2024 05: +0,1712203200
1.829,3,Apr 04 2024 08: +0,1712214000
1.926,2,Apr 04 2024 09: +0,1712217600
1.959,3,Apr 04 2024 10: +0,1712221200
1.823,2,Apr 04 2024 11: +0,1712224800
1.996,5,Apr 04 2024 12: +0,1712228400
1.839,2,Apr 04 2024 13: +0,1712232000
1.839,3,Apr 04 2024 14: +0,1712235600
1.748,2,Apr 04 2024 15: +0,1712239200
1.704,1,Apr 04 2024 16: +0,1712242800
1.934,7,Apr 04 2024 18: +0,1712250000
1.925,4,Apr 04 2024 19: +0,1712253600
1.934,3,Apr 04 2024 20: +0,1712257200
1.854,2,Apr 04 2024 21: +0,1712260800
1.951,1,Apr 04 2024 22: +0,1712264400
1.965,1,Apr 04 2024 23: +0,1712268000
1.965,1,Apr 05 2024 00: +0,1712271600
1.854,3,Apr 05 2024 02: +0,1712278800
1.93,3,Apr 05 2024 05: +0,1712289600
1.925,1,Apr 05 2024 07: +0,1712296800
1.878,1,Apr 05 2024 08: +0,1712300400
1.91,1,Apr 05 2024 09: +0,1712304000
1.936,2,Apr 05 2024 10: +0,1712307600
1.956,10,Apr 05 2024 13: +0,1712318400
1.925,2,Apr 05 2024 14: +0,1712322000
2.107,2,Apr 05 2024 15: +0,1712325600
2.099,3,Apr 05 2024 16: +0,1712329200
2.02,3,Apr 05 2024 17: +0,1712332800
2.044,1,Apr 05 2024 18: +0,1712336400
2.0,4,Apr 05 2024 19: +0,1712340000
1.963,2,Apr 05 2024 20: +0,1712343600
2.004,4,Apr 05 2024 21: +0,1712347200
1.992,1,Apr 05 2024 22: +0,1712350800
2.048,1,Apr 05 2024 23: +0,1712354400
1.911,1,Apr 06 2024 00: +0,1712358000
2.008,1,Apr 06 2024 02: +0,1712365200
2.04,1,Apr 06 2024 05: +0,1712376000
2.048,1,Apr 06 2024 10: +0,1712394000
2.058,1,Apr 06 2024 11: +0,1712397600
2.047,2,Apr 06 2024 12: +0,1712401200
2.04,3,Apr 06 2024 13: +0,1712404800
2.04,3,Apr 06 2024 14: +0,1712408400
2.096,2,Apr 06 2024 16: +0,1712415600
2.083,1,Apr 06 2024 17: +0,1712419200
2.056,3,Apr 06 2024 18: +0,1712422800
1.735,1,Apr 06 2024 19: +0,1712426400
2.04,1,Apr 06 2024 20: +0,1712430000
2.02,2,Apr 06 2024 21: +0,1712433600
1.863,3,Apr 06 2024 22: +0,1712437200
1.992,1,Apr 06 2024 23: +0,1712440800
2.0,2,Apr 07 2024 00: +0,1712444400
1.988,2,Apr 07 2024 01: +0,1712448000
1.991,2,Apr 07 2024 05: +0,1712462400
2.012,2,Apr 07 2024 06: +0,1712466000
2.008,1,Apr 07 2024 08: +0,1712473200
2.092,6,Apr 07 2024 09: +0,1712476800
2.16,1,Apr 07 2024 10: +0,1712480400
2.094,1,Apr 07 2024 11: +0,1712484000
2.084,2,Apr 07 2024 14: +0,1712494800
2.078,4,Apr 07 2024 15: +0,1712498400
2.172,4,Apr 07 2024 16: +0,1712502000
2.064,5,Apr 07 2024 17: +0,1712505600
2.12,2,Apr 07 2024 18: +0,1712509200
2.097,3,Apr 07 2024 19: +0,1712512800
2.008,1,Apr 07 2024 20: +0,1712516400
2.082,4,Apr 07 2024 21: +0,1712520000
2.096,2,Apr 08 2024 00: +0,1712530800
2.088,1,Apr 08 2024 01: +0,1712534400
2.104,3,Apr 08 2024 02: +0,1712538000
2.097,2,Apr 08 2024 05: +0,1712548800
2.08,3,Apr 08 2024 10: +0,1712566800
2.115,1,Apr 08 2024 12: +0,1712574000
2.096,2,Apr 08 2024 13: +0,1712577600
2.08,1,Apr 08 2024 14: +0,1712581200
2.064,1,Apr 08 2024 15: +0,1712584800
2.129,2,Apr 08 2024 16: +0,1712588400
1.746,2,Apr 08 2024 17: +0,1712592000
2.072,1,Apr 08 2024 18: +0,1712595600
2.081,2,Apr 08 2024 19: +0,1712599200
2.056,2,Apr 08 2024 20: +0,1712602800
2.116,1,Apr 08 2024 21: +0,1712606400
2.116,1,Apr 08 2024 22: +0,1712610000
2.117,1,Apr 09 2024 00: +0,1712617200
2.088,1,Apr 09 2024 03: +0,1712628000
2.104,1,Apr 09 2024 04: +0,1712631600
2.203,1,Apr 09 2024 06: +0,1712638800
2.095,2,Apr 09 2024 07: +0,1712642400
2.072,1,Apr 09 2024 08: +0,1712646000
2.104,2,Apr 09 2024 12: +0,1712660400
2.028,2,Apr 09 2024 13: +0,1712664000
2.108,1,Apr 09 2024 14: +0,1712667600
2.072,2,Apr 09 2024 15: +0,1712671200
2.082,4,Apr 09 2024 18: +0,1712682000
2.433,2,Apr 09 2024 20: +0,1712689200
2.28,2,Apr 09 2024 21: +0,1712692800
2.121,1,Apr 09 2024 22: +0,1712696400
2.134,2,Apr 09 2024 23: +0,1712700000
2.072,1,Apr 10 2024 00: +0,1712703600
2.076,2,Apr 10 2024 01: +0,1712707200
2.229,2,Apr 10 2024 04: +0,1712718000
2.213,2,Apr 10 2024 05: +0,1712721600
2.289,1,Apr 10 2024 06: +0,1712725200
2.219,1,Apr 10 2024 09: +0,1712736000
2.048,2,Apr 10 2024 12: +0,1712746800
1.976,1,Apr 10 2024 14: +0,1712754000
1.957,1,Apr 10 2024 16: +0,1712761200
2.088,3,Apr 10 2024 17: +0,1712764800
2.044,2,Apr 10 2024 18: +0,1712768400
2.036,4,Apr 10 2024 19: +0,1712772000
2.04,3,Apr 10 2024 20: +0,1712775600
1.944,5,Apr 10 2024 22: +0,1712782800
1.919,3,Apr 11 2024 01: +0,1712793600
1.762,1,Apr 11 2024 02: +0,1712797200
1.919,3,Apr 11 2024 03: +0,1712800800
2.056,3,Apr 11 2024 07: +0,1712815200
1.944,1,Apr 11 2024 08: +0,1712818800
1.952,3,Apr 11 2024 09: +0,1712822400
1.96,2,Apr 11 2024 10: +0,1712826000
1.915,4,Apr 11 2024 12: +0,1712833200
1.95,2,Apr 11 2024 13: +0,1712836800
1.952,3,Apr 11 2024 14: +0,1712840400
1.975,2,Apr 11 2024 15: +0,1712844000
1.952,2,Apr 11 2024 16: +0,1712847600
2.0,3,Apr 11 2024 17: +0,1712851200
2.013,3,Apr 11 2024 18: +0,1712854800
1.969,2,Apr 11 2024 19: +0,1712858400
1.995,2,Apr 11 2024 20: +0,1712862000
2.004,2,Apr 11 2024 21: +0,1712865600
1.687,3,Apr 11 2024 22: +0,1712869200
1.847,1,Apr 11 2024 23: +0,1712872800
1.948,1,Apr 12 2024 01: +0,1712880000
1.936,1,Apr 12 2024 02: +0,1712883600
2.032,1,Apr 12 2024 07: +0,1712901600
1.96,2,Apr 12 2024 08: +0,1712905200
2.008,5,Apr 12 2024 09: +0,1712908800
2.051,1,Apr 12 2024 10: +0,1712912400
1.99,2,Apr 12 2024 11: +0,1712916000
2.004,2,Apr 12 2024 12: +0,1712919600
1.899,4,Apr 12 2024 13: +0,1712923200
1.96,3,Apr 12 2024 14: +0,1712926800
1.813,3,Apr 12 2024 15: +0,1712930400
1.919,2,Apr 12 2024 16: +0,1712934000
2.016,1,Apr 12 2024 17: +0,1712937600
1.96,13,Apr 12 2024 18: +0,1712941200
1.96,8,Apr 12 2024 19: +0,1712944800
2.033,14,Apr 12 2024 20: +0,1712948400
1.936,5,Apr 12 2024 21: +0,1712952000
1.996,4,Apr 12 2024 22: +0,1712955600
1.96,3,Apr 12 2024 23: +0,1712959200
2.0,3,Apr 13 2024 00: +0,1712962800
1.976,2,Apr 13 2024 01: +0,1712966400
1.919,1,Apr 13 2024 03: +0,1712973600
1.975,1,Apr 13 2024 04: +0,1712977200
1.919,1,Apr 13 2024 05: +0,1712980800
1.968,2,Apr 13 2024 06: +0,1712984400
1.972,2,Apr 13 2024 07: +0,1712988000
1.982,2,Apr 13 2024 11: +0,1713002400
1.952,4,Apr 13 2024 12: +0,1713006000
1.952,4,Apr 13 2024 13: +0,1713009600
1.96,3,Apr 13 2024 14: +0,1713013200
1.952,1,Apr 13 2024 16: +0,1713020400
1.944,1,Apr 13 2024 17: +0,1713024000
1.961,2,Apr 13 2024 18: +0,1713027600
1.917,4,Apr 13 2024 19: +0,1713031200
1.952,3,Apr 13 2024 20: +0,1713034800
2.004,4,Apr 13 2024 22: +0,1713042000
2.009,2,Apr 14 2024 00: +0,1713049200
2.107,5,Apr 14 2024 02: +0,1713056400
1.779,2,Apr 14 2024 03: +0,1713060000
2.144,1,Apr 14 2024 05: +0,1713067200
1.919,3,Apr 14 2024 09: +0,1713081600
2.119,2,Apr 14 2024 10: +0,1713085200
1.967,3,Apr 14 2024 12: +0,1713092400
2.32,2,Apr 14 2024 13: +0,1713096000
1.878,2,Apr 14 2024 14: +0,1713099600
1.977,2,Apr 14 2024 15: +0,1713103200
2.181,1,Apr 14 2024 16: +0,1713106800
2.108,4,Apr 14 2024 18: +0,1713114000
2.133,1,Apr 14 2024 19: +0,1713117600
1.963,2,Apr 14 2024 20: +0,1713121200
2.08,3,Apr 14 2024 21: +0,1713124800
1.613,1,Apr 14 2024 22: +0,1713128400
2.144,1,Apr 15 2024 00: +0,1713135600
2.15,1,Apr 15 2024 03: +0,1713146400
2.136,1,Apr 15 2024 04: +0,1713150000
2.133,1,Apr 15 2024 05: +0,1713153600
1.941,2,Apr 15 2024 12: +0,1713178800
1.969,3,Apr 15 2024 13: +0,1713182400
1.929,3,Apr 15 2024 14: +0,1713186000
2.141,4,Apr 15 2024 15: +0,1713189600
1.92,3,Apr 15 2024 17: +0,1713196800
1.963,1,Apr 15 2024 18: +0,1713200400
1.875,4,Apr 15 2024 21: +0,1713211200
1.847,1,Apr 15 2024 22: +0,1713214800
1.867,4,Apr 15 2024 23: +0,1713218400
2.023,1,Apr 16 2024 00: +0,1713222000
2.257,1,Apr 16 2024 01: +0,1713225600
1.847,1,Apr 16 2024 03: +0,1713232800
2.152,1,Apr 16 2024 04: +0,1713236400
1.944,2,Apr 16 2024 11: +0,1713261600
1.823,3,Apr 16 2024 12: +0,1713265200
1.903,1,Apr 16 2024 13: +0,1713268800
1.974,1,Apr 16 2024 14: +0,1713272400
1.96,5,Apr 16 2024 16: +0,1713279600
1.982,1,Apr 16 2024 17: +0,1713283200
1.975,8,Apr 16 2024 18: +0,1713286800
1.96,3,Apr 16 2024 19: +0,1713290400
1.903,3,Apr 16 2024 20: +0,1713294000
1.846,2,Apr 16 2024 21: +0,1713297600
1.974,3,Apr 16 2024 22: +0,1713301200
1.967,2,Apr 16 2024 23: +0,1713304800
1.974,1,Apr 17 2024 00: +0,1713308400
1.903,2,Apr 17 2024 01: +0,1713312000
1.974,2,Apr 17 2024 02: +0,1713315600
2.997,9,Apr 17 2024 03: +0,1713319200
1.976,1,Apr 17 2024 04: +0,1713322800
1.941,4,Apr 17 2024 05: +0,1713326400
1.952,3,Apr 17 2024 06: +0,1713330000
2.096,11,Apr 17 2024 07: +0,1713333600
2.158,2,Apr 17 2024 08: +0,1713337200
2.08,3,Apr 17 2024 12: +0,1713351600
2.136,1,Apr 17 2024 13: +0,1713355200
2.088,2,Apr 17 2024 14: +0,1713358800
2.08,1,Apr 17 2024 16: +0,1713366000
1.783,3,Apr 17 2024 17: +0,1713369600
1.911,6,Apr 17 2024 18: +0,1713373200
2.04,3,Apr 17 2024 19: +0,1713376800
2.048,1,Apr 17 2024 20: +0,1713380400
1.952,3,Apr 17 2024 22: +0,1713387600
2.133,1,Apr 17 2024 23: +0,1713391200
1.872,2,Apr 18 2024 00: +0,1713394800
2.048,1,Apr 18 2024 02: +0,1713402000
1.806,2,Apr 18 2024 03: +0,1713405600
2.052,2,Apr 18 2024 05: +0,1713412800
1.614,1,Apr 18 2024 09: +0,1713427200
2.064,1,Apr 18 2024 10: +0,1713430800
1.96,1,Apr 18 2024 12: +0,1713438000
2.0,1,Apr 18 2024 13: +0,1713441600
2.008,3,Apr 18 2024 14: +0,1713445200
2.02,2,Apr 18 2024 15: +0,1713448800
2.0,1,Apr 18 2024 17: +0,1713456000
2.008,1,Apr 18 2024 18: +0,1713459600
1.956,4,Apr 18 2024 19: +0,1713463200
1.96,2,Apr 18 2024 21: +0,1713470400
1.924,1,Apr 18 2024 23: +0,1713477600
1.903,1,Apr 19 2024 00: +0,1713481200
1.809,2,Apr 19 2024 01: +0,1713484800
1.974,2,Apr 19 2024 04: +0,1713495600
1.924,1,Apr 19 2024 05: +0,1713499200
1.952,3,Apr 19 2024 06: +0,1713502800
1.767,1,Apr 19 2024 08: +0,1713510000
1.887,1,Apr 19 2024 09: +0,1713513600
1.992,2,Apr 19 2024 10: +0,1713517200
1.992,3,Apr 19 2024 12: +0,1713524400
1.936,2,Apr 19 2024 14: +0,1713531600
1.998,1,Apr 19 2024 15: +0,1713535200
1.944,1,Apr 19 2024 17: +0,1713542400
1.968,3,Apr 19 2024 18: +0,1713546000
1.919,1,Apr 19 2024 19: +0,1713549600
1.952,3,Apr 19 2024 20: +0,1713553200
1.887,2,Apr 19 2024 21: +0,1713556800
1.18,1,Apr 19 2024 22: +0,1713560400
2.003,11,Apr 19 2024 23: +0,1713564000
1.952,1,Apr 20 2024 00: +0,1713567600
1.948,2,Apr 20 2024 01: +0,1713571200
2.0,1,Apr 20 2024 03: +0,1713578400
2.004,1,Apr 20 2024 05: +0,1713585600
2.039,1,Apr 20 2024 07: +0,1713592800
2.008,3,Apr 20 2024 10: +0,1713603600
1.968,1,Apr 20 2024 11: +0,1713607200
2.032,1,Apr 20 2024 12: +0,1713610800
2.234,2,Apr 20 2024 13: +0,1713614400
1.976,3,Apr 20 2024 14: +0,1713618000
1.943,3,Apr 20 2024 15: +0,1713621600
1.96,1,Apr 20 2024 16: +0,1713625200
1.871,1,Apr 20 2024 17: +0,1713628800
2.466,2,Apr 20 2024 18: +0,1713632400
1.952,5,Apr 20 2024 19: +0,1713636000
1.943,3,Apr 20 2024 20: +0,1713639600
1.966,4,Apr 20 2024 22: +0,1713646800
1.847,1,Apr 21 2024 01: +0,1713657600
1.953,2,Apr 21 2024 02: +0,1713661200
1.968,3,Apr 21 2024 04: +0,1713668400
1.948,2,Apr 21 2024 06: +0,1713675600
1.96,1,Apr 21 2024 08: +0,1713682800
1.96,1,Apr 21 2024 09: +0,1713686400
1.847,1,Apr 21 2024 10: +0,1713690000
1.729,1,Apr 21 2024 11: +0,1713693600
1.696,2,Apr 21 2024 12: +0,1713697200
1.968,1,Apr 21 2024 13: +0,1713700800
2.311,2,Apr 21 2024 14: +0,1713704400
1.721,1,Apr 21 2024 15: +0,1713708000
1.968,1,Apr 21 2024 16: +0,1713711600
1.939,4,Apr 21 2024 17: +0,1713715200
1.972,2,Apr 21 2024 18: +0,1713718800
1.912,2,Apr 21 2024 19: +0,1713722400
1.932,3,Apr 21 2024 21: +0,1713729600
1.948,1,Apr 21 2024 23: +0,1713736800
1.932,1,Apr 22 2024 02: +0,1713747600
1.971,1,Apr 22 2024 05: +0,1713758400
1.94,1,Apr 22 2024 06: +0,1713762000
1.932,1,Apr 22 2024 07: +0,1713765600
1.9,2,Apr 22 2024 08: +0,1713769200
1.948,1,Apr 22 2024 11: +0,1713780000
2.202,1,Apr 22 2024 13: +0,1713787200
1.94,1,Apr 22 2024 14: +0,1713790800
1.924,1,Apr 22 2024 16: +0,1713798000
1.924,5,Apr 22 2024 17: +0,1713801600
1.9,3,Apr 22 2024 18: +0,1713805200
2.182,1,Apr 22 2024 19: +0,1713808800
1.833,2,Apr 22 2024 20: +0,1713812400
1.846,2,Apr 22 2024 21: +0,1713816000
1.892,4,Apr 22 2024 22: +0,1713819600
1.921,2,Apr 22 2024 23: +0,1713823200
1.942,3,Apr 23 2024 00: +0,1713826800
1.852,1,Apr 23 2024 01: +0,1713830400
1.954,1,Apr 23 2024 02: +0,1713834000
1.948,1,Apr 23 2024 03: +0,1713837600
1.676,2,Apr 23 2024 04: +0,1713841200
1.868,1,Apr 23 2024 05: +0,1713844800
1.951,1,Apr 23 2024 07: +0,1713852000
1.892,1,Apr 23 2024 08: +0,1713855600
2.118,2,Apr 23 2024 09: +0,1713859200
1.949,2,Apr 23 2024 11: +0,1713866400
1.876,4,Apr 23 2024 13: +0,1713873600
1.948,3,Apr 23 2024 14: +0,1713877200
1.948,1,Apr 23 2024 15: +0,1713880800
1.917,5,Apr 23 2024 16: +0,1713884400
1.925,1,Apr 23 2024 17: +0,1713888000
1.705,1,Apr 23 2024 18: +0,1713891600
1.951,4,Apr 23 2024 19: +0,1713895200
1.839,2,Apr 23 2024 20: +0,1713898800
1.892,3,Apr 23 2024 21: +0,1713902400
1.924,1,Apr 23 2024 23: +0,1713909600
1.754,2,Apr 24 2024 00: +0,1713913200
1.948,1,Apr 24 2024 03: +0,1713924000
1.966,3,Apr 24 2024 04: +0,1713927600
1.956,1,Apr 24 2024 06: +0,1713934800
1.948,1,Apr 24 2024 07: +0,1713938400
1.9,1,Apr 24 2024 09: +0,1713945600
1.86,1,Apr 24 2024 10: +0,1713949200
1.94,3,Apr 24 2024 11: +0,1713952800
1.781,2,Apr 24 2024 12: +0,1713956400
1.92,2,Apr 24 2024 13: +0,1713960000
1.897,1,Apr 24 2024 15: +0,1713967200
1.834,2,Apr 24 2024 16: +0,1713970800
1.876,2,Apr 24 2024 17: +0,1713974400
1.904,2,Apr 24 2024 18: +0,1713978000
1.876,1,Apr 24 2024 19: +0,1713981600
1.86,3,Apr 24 2024 20: +0,1713985200
1.827,2,Apr 24 2024 21: +0,1713988800
1.924,1,Apr 24 2024 22: +0,1713992400
1.876,1,Apr 24 2024 23: +0,1713996000
1.792,1,Apr 25 2024 01: +0,1714003200
1.964,1,Apr 25 2024 04: +0,1714014000
1.908,1,Apr 25 2024 05: +0,1714017600
1.916,1,Apr 25 2024 07: +0,1714024800
1.94,2,Apr 25 2024 09: +0,1714032000
1.91,1,Apr 25 2024 10: +0,1714035600
1.923,2,Apr 25 2024 12: +0,1714042800
1.731,1,Apr 25 2024 13: +0,1714046400
1.863,3,Apr 25 2024 14: +0,1714050000
1.904,2,Apr 25 2024 16: +0,1714057200
1.884,1,Apr 25 2024 17: +0,1714060800
1.791,3,Apr 25 2024 18: +0,1714064400
1.844,5,Apr 25 2024 19: +0,1714068000
1.88,2,Apr 25 2024 20: +0,1714071600
1.929,3,Apr 25 2024 21: +0,1714075200
1.844,3,Apr 25 2024 22: +0,1714078800
1.725,1,Apr 26 2024 00: +0,1714086000
1.852,5,Apr 26 2024 03: +0,1714096800
1.924,2,Apr 26 2024 04: +0,1714100400
1.836,1,Apr 26 2024 05: +0,1714104000
1.888,2,Apr 26 2024 07: +0,1714111200
1.84,2,Apr 26 2024 08: +0,1714114800
1.852,3,Apr 26 2024 11: +0,1714125600
1.851,2,Apr 26 2024 12: +0,1714129200
1.956,2,Apr 26 2024 14: +0,1714136400
1.824,2,Apr 26 2024 15: +0,1714140000
1.86,1,Apr 26 2024 16: +0,1714143600
1.864,2,Apr 26 2024 19: +0,1714154400
1.716,1,Apr 26 2024 20: +0,1714158000
1.829,5,Apr 26 2024 21: +0,1714161600
1.836,3,Apr 26 2024 22: +0,1714165200
1.79,6,Apr 26 2024 23: +0,1714168800
1.733,2,Apr 27 2024 00: +0,1714172400
1.86,1,Apr 27 2024 01: +0,1714176000
1.763,1,Apr 27 2024 03: +0,1714183200
1.807,1,Apr 27 2024 05: +0,1714190400
1.868,5,Apr 27 2024 07: +0,1714197600
2.886,4,Apr 27 2024 08: +0,1714201200
1.875,2,Apr 27 2024 11: +0,1714212000
1.876,1,Apr 27 2024 12: +0,1714215600
1.875,2,Apr 27 2024 13: +0,1714219200
1.892,5,Apr 27 2024 14: +0,1714222800
1.918,3,Apr 27 2024 15: +0,1714226400
1.814,1,Apr 27 2024 16: +0,1714230000
2.192,3,Apr 27 2024 17: +0,1714233600
1.823,2,Apr 27 2024 18: +0,1714237200
1.866,2,Apr 27 2024 19: +0,1714240800
1.924,1,Apr 27 2024 20: +0,1714244400
1.717,1,Apr 27 2024 23: +0,1714255200
1.798,1,Apr 28 2024 00: +0,1714258800
1.926,3,Apr 28 2024 01: +0,1714262400
1.788,2,Apr 28 2024 02: +0,1714266000
1.97,2,Apr 28 2024 03: +0,1714269600
1.764,2,Apr 28 2024 04: +0,1714273200
1.908,1,Apr 28 2024 05: +0,1714276800
1.91,2,Apr 28 2024 07: +0,1714284000
1.886,2,Apr 28 2024 08: +0,1714287600
1.888,2,Apr 28 2024 09: +0,1714291200
1.964,1,Apr 28 2024 10: +0,1714294800
1.844,1,Apr 28 2024 11: +0,1714298400
1.922,2,Apr 28 2024 12: +0,1714302000
1.801,1,Apr 28 2024 13: +0,1714305600
1.892,2,Apr 28 2024 15: +0,1714312800
1.852,1,Apr 28 2024 16: +0,1714316400
1.844,5,Apr 28 2024 17: +0,1714320000
1.86,4,Apr 28 2024 18: +0,1714323600
1.868,3,Apr 28 2024 19: +0,1714327200
1.824,2,Apr 28 2024 20: +0,1714330800
1.852,3,Apr 28 2024 21: +0,1714334400
1.804,1,Apr 28 2024 22: +0,1714338000
1.86,4,Apr 28 2024 23: +0,1714341600
1.908,3,Apr 29 2024 00: +0,1714345200
1.924,6,Apr 29 2024 02: +0,1714352400
1.889,2,Apr 29 2024 05: +0,1714363200
1.956,1,Apr 29 2024 06: +0,1714366800
1.965,1,Apr 29 2024 08: +0,1714374000
1.813,1,Apr 29 2024 11: +0,1714384800
1.906,1,Apr 29 2024 13: +0,1714392000
1.773,2,Apr 29 2024 15: +0,1714399200
1.833,2,Apr 29 2024 16: +0,1714402800
1.853,6,Apr 29 2024 17: +0,1714406400
2.854,1,Apr 29 2024 18: +0,1714410000
1.837,1,Apr 29 2024 19: +0,1714413600
1.908,3,Apr 29 2024 20: +0,1714417200
1.922,4,Apr 29 2024 21: +0,1714420800
1.922,1,Apr 29 2024 22: +0,1714424400
1.922,3,Apr 29 2024 23: +0,1714428000
1.973,1,Apr 30 2024 00: +0,1714431600
1.734,1,Apr 30 2024 06: +0,1714453200
1.884,1,Apr 30 2024 07: +0,1714456800
1.876,2,Apr 30 2024 11: +0,1714471200
1.826,2,Apr 30 2024 12: +0,1714474800
1.879,1,Apr 30 2024 13: +0,1714478400
1.879,1,Apr 30 2024 14: +0,1714482000
1.872,2,Apr 30 2024 15: +0,1714485600
1.797,1,Apr 30 2024 16: +0,1714489200
1.811,1,Apr 30 2024 17: +0,1714492800
1.856,2,Apr 30 2024 18: +0,1714496400
1.845,3,Apr 30 2024 20: +0,1714503600
1.852,3,Apr 30 2024 21: +0,1714507200
1.881,1,Apr 30 2024 22: +0,1714510800
1.868,1,May 01 2024 00: +0,1714518000
1.88,1,May 01 2024 01: +0,1714521600
1.86,1,May 01 2024 03: +0,1714528800
1.879,1,May 01 2024 04: +0,1714532400
1.873,3,May 01 2024 05: +0,1714536000
1.844,3,May 01 2024 06: +0,1714539600
1.876,1,May 01 2024 07: +0,1714543200
1.838,2,May 01 2024 10: +0,1714554000
1.818,2,May 01 2024 11: +0,1714557600
1.871,5,May 01 2024 12: +0,1714561200
1.816,1,May 01 2024 14: +0,1714568400
1.875,3,May 01 2024 15: +0,1714572000
1.882,3,May 01 2024 16: +0,1714575600
1.924,11,May 01 2024 17: +0,1714579200
1.923,1,May 01 2024 18: +0,1714582800
1.969,2,May 01 2024 19: +0,1714586400
1.893,2,May 01 2024 20: +0,1714590000
1.857,1,May 01 2024 22: +0,1714597200
1.716,2,May 01 2024 23: +0,1714600800
1.836,1,May 02 2024 01: +0,1714608000
1.812,1,May 02 2024 04: +0,1714618800
1.827,4,May 02 2024 05: +0,1714622400
1.812,1,May 02 2024 07: +0,1714629600
1.812,2,May 02 2024 08: +0,1714633200
1.835,1,May 02 2024 09: +0,1714636800
1.836,3,May 02 2024 10: +0,1714640400
1.836,1,May 02 2024 11: +0,1714644000
1.869,3,May 02 2024 14: +0,1714654800
1.827,2,May 02 2024 15: +0,1714658400
1.836,2,May 02 2024 16: +0,1714662000
1.816,2,May 02 2024 17: +0,1714665600
1.812,5,May 02 2024 18: +0,1714669200
1.814,2,May 02 2024 19: +0,1714672800
1.835,1,May 02 2024 20: +0,1714676400
2.011,1,May 02 2024 21: +0,1714680000
1.791,2,May 02 2024 23: +0,1714687200
1.763,2,May 03 2024 00: +0,1714690800
1.824,1,May 03 2024 01: +0,1714694400
1.81,1,May 03 2024 02: +0,1714698000
2.671,1,May 03 2024 03: +0,1714701600
1.676,1,May 03 2024 05: +0,1714708800
1.836,1,May 03 2024 07: +0,1714716000
1.835,1,May 03 2024 09: +0,1714723200
1.836,1,May 03 2024 10: +0,1714726800
1.84,2,May 03 2024 11: +0,1714730400
1.712,3,May 03 2024 13: +0,1714737600
1.812,1,May 03 2024 15: +0,1714744800
1.832,6,May 03 2024 16: +0,1714748400
1.827,1,May 03 2024 17: +0,1714752000
1.872,1,May 03 2024 18: +0,1714755600
1.86,3,May 03 2024 19: +0,1714759200
1.836,4,May 03 2024 20: +0,1714762800
1.867,1,May 03 2024 21: +0,1714766400
1.724,3,May 03 2024 22: +0,1714770000
1.724,1,May 04 2024 01: +0,1714780800
1.836,4,May 04 2024 02: +0,1714784400
1.836,1,May 04 2024 03: +0,1714788000
1.883,1,May 04 2024 04: +0,1714791600
1.87,5,May 04 2024 06: +0,1714798800
1.982,2,May 04 2024 08: +0,1714806000
1.894,2,May 04 2024 09: +0,1714809600
1.974,1,May 04 2024 10: +0,1714813200
1.156,1,May 04 2024 11: +0,1714816800
1.926,2,May 04 2024 12: +0,1714820400
1.97,1,May 04 2024 14: +0,1714827600
1.886,2,May 04 2024 16: +0,1714834800
1.842,1,May 04 2024 17: +0,1714838400
1.866,2,May 04 2024 18: +0,1714842000
1.889,1,May 04 2024 19: +0,1714845600
1.988,1,May 04 2024 20: +0,1714849200
1.899,2,May 04 2024 21: +0,1714852800
1.93,4,May 04 2024 22: +0,1714856400
1.866,2,May 05 2024 00: +0,1714863600
1.891,2,May 05 2024 01: +0,1714867200
1.978,1,May 05 2024 03: +0,1714874400
1.89,3,May 05 2024 04: +0,1714878000
1.906,2,May 05 2024 05: +0,1714881600
1.842,1,May 05 2024 07: +0,1714888800
1.842,3,May 05 2024 08: +0,1714892400
1.882,2,May 05 2024 09: +0,1714896000
1.896,2,May 05 2024 10: +0,1714899600
1.89,1,May 05 2024 13: +0,1714910400
1.89,1,May 05 2024 14: +0,1714914000
1.886,1,May 05 2024 16: +0,1714921200
1.846,2,May 05 2024 17: +0,1714924800
1.801,1,May 05 2024 19: +0,1714932000
1.862,4,May 05 2024 20: +0,1714935600
1.882,1,May 05 2024 23: +0,1714946400
1.882,1,May 06 2024 00: +0,1714950000
1.874,1,May 06 2024 02: +0,1714957200
1.703,1,May 06 2024 03: +0,1714960800
1.79,2,May 06 2024 05: +0,1714968000
1.874,1,May 06 2024 08: +0,1714978800
1.85,1,May 06 2024 09: +0,1714982400
1.756,1,May 06 2024 13: +0,1714996800
1.858,3,May 06 2024 14: +0,1715000400
1.729,2,May 06 2024 15: +0,1715004000
1.778,1,May 06 2024 16: +0,1715007600
1.874,1,May 06 2024 17: +0,1715011200
1.884,2,May 06 2024 18: +0,1715014800
1.754,3,May 06 2024 19: +0,1715018400
1.831,5,May 06 2024 20: +0,1715022000
1.862,1,May 06 2024 21: +0,1715025600
1.64,1,May 06 2024 23: +0,1715032800
1.754,1,May 07 2024 03: +0,1715047200
1.846,3,May 07 2024 04: +0,1715050800
1.754,1,May 07 2024 05: +0,1715054400
1.786,1,May 07 2024 07: +0,1715061600
1.956,1,May 07 2024 09: +0,1715068800
1.85,1,May 07 2024 10: +0,1715072400
1.827,3,May 07 2024 11: +0,1715076000
1.818,1,May 07 2024 14: +0,1715086800
1.81,2,May 07 2024 15: +0,1715090400
1.938,6,May 07 2024 16: +0,1715094000
1.591,1,May 07 2024 17: +0,1715097600
2.965,8,May 07 2024 18: +0,1715101200
1.827,3,May 07 2024 19: +0,1715104800
1.842,2,May 07 2024 20: +0,1715108400
1.818,3,May 07 2024 21: +0,1715112000
2.047,2,May 07 2024 22: +0,1715115600
1.842,1,May 08 2024 00: +0,1715122800
1.816,3,May 08 2024 01: +0,1715126400
1.828,4,May 08 2024 04: +0,1715137200
1.842,3,May 08 2024 05: +0,1715140800
1.85,1,May 08 2024 06: +0,1715144400
1.818,1,May 08 2024 07: +0,1715148000
1.758,2,May 08 2024 11: +0,1715162400
1.844,1,May 08 2024 13: +0,1715169600
1.826,3,May 08 2024 14: +0,1715173200
1.822,1,May 08 2024 16: +0,1715180400
1.816,1,May 08 2024 17: +0,1715184000
1.83,2,May 08 2024 18: +0,1715187600
1.839,2,May 08 2024 19: +0,1715191200
1.778,3,May 08 2024 20: +0,1715194800
1.761,2,May 08 2024 21: +0,1715198400
1.797,2,May 08 2024 22: +0,1715202000
1.73,1,May 09 2024 00: +0,1715209200
1.882,1,May 09 2024 01: +0,1715212800
1.821,1,May 09 2024 06: +0,1715230800
1.818,3,May 09 2024 07: +0,1715234400
1.833,1,May 09 2024 10: +0,1715245200
1.837,2,May 09 2024 11: +0,1715248800
1.818,1,May 09 2024 12: +0,1715252400
1.822,1,May 09 2024 14: +0,1715259600
1.811,1,May 09 2024 17: +0,1715270400
1.772,1,May 09 2024 18: +0,1715274000
1.798,1,May 09 2024 20: +0,1715281200
1.783,2,May 09 2024 21: +0,1715284800
1.802,4,May 09 2024 22: +0,1715288400
1.783,1,May 09 2024 23: +0,1715292000
1.818,3,May 10 2024 00: +0,1715295600
1.805,1,May 10 2024 01: +0,1715299200
1.735,1,May 10 2024 02: +0,1715302800
1.791,2,May 10 2024 03: +0,1715306400
1.794,1,May 10 2024 04: +0,1715310000
1.805,3,May 10 2024 05: +0,1715313600
3.154,1,May 10 2024 06: +0,1715317200
1.805,3,May 10 2024 08: +0,1715324400
1.794,5,May 10 2024 09: +0,1715328000
1.79,1,May 10 2024 10: +0,1715331600
1.814,1,May 10 2024 12: +0,1715338800
1.825,1,May 10 2024 13: +0,1715342400
1.819,1,May 10 2024 14: +0,1715346000
1.859,2,May 10 2024 16: +0,1715353200
1.778,1,May 10 2024 17: +0,1715356800
1.824,2,May 10 2024 18: +0,1715360400
1.729,2,May 10 2024 19: +0,1715364000
1.693,2,May 10 2024 21: +0,1715371200
1.712,1,May 10 2024 22: +0,1715374800
1.813,1,May 10 2024 23: +0,1715378400
1.685,2,May 11 2024 00: +0,1715382000
1.712,1,May 11 2024 01: +0,1715385600
1.818,1,May 11 2024 04: +0,1715396400
1.825,1,May 11 2024 05: +0,1715400000
1.815,2,May 11 2024 07: +0,1715407200
1.786,3,May 11 2024 08: +0,1715410800
1.899,1,May 11 2024 09: +0,1715414400
1.794,1,May 11 2024 11: +0,1715421600
1.794,4,May 11 2024 14: +0,1715432400
1.814,2,May 11 2024 15: +0,1715436000
1.885,2,May 11 2024 16: +0,1715439600
1.778,1,May 11 2024 17: +0,1715443200
1.77,2,May 11 2024 18: +0,1715446800
1.786,2,May 11 2024 19: +0,1715450400
1.79,2,May 11 2024 20: +0,1715454000
1.794,1,May 11 2024 21: +0,1715457600
1.813,1,May 11 2024 22: +0,1715461200
1.818,3,May 11 2024 23: +0,1715464800
1.661,1,May 12 2024 01: +0,1715472000
1.825,1,May 12 2024 02: +0,1715475600
2.502,1,May 12 2024 03: +0,1715479200
1.771,1,May 12 2024 04: +0,1715482800
1.794,2,May 12 2024 06: +0,1715490000
1.818,5,May 12 2024 10: +0,1715504400
1.813,1,May 12 2024 12: +0,1715511600
1.712,1,May 12 2024 14: +0,1715518800
1.806,2,May 12 2024 15: +0,1715522400
1.794,3,May 12 2024 16: +0,1715526000
1.762,2,May 12 2024 17: +0,1715529600
1.702,1,May 12 2024 18: +0,1715533200
1.821,5,May 12 2024 19: +0,1715536800
1.731,3,May 12 2024 22: +0,1715547600
1.794,3,May 13 2024 01: +0,1715558400
1.746,1,May 13 2024 03: +0,1715565600
1.702,1,May 13 2024 05: +0,1715572800
1.708,1,May 13 2024 07: +0,1715580000
1.724,1,May 13 2024 08: +0,1715583600
1.77,2,May 13 2024 11: +0,1715594400
1.801,2,May 13 2024 12: +0,1715598000
1.608,1,May 13 2024 13: +0,1715601600
1.649,2,May 13 2024 14: +0,1715605200
1.818,1,May 13 2024 15: +0,1715608800
1.794,4,May 13 2024 16: +0,1715612400
1.83,3,May 13 2024 17: +0,1715616000
1.834,4,May 13 2024 18: +0,1715619600
1.749,2,May 13 2024 20: +0,1715626800
1.855,1,May 13 2024 21: +0,1715630400
1.818,6,May 13 2024 23: +0,1715637600
1.818,1,May 14 2024 01: +0,1715644800
1.826,1,May 14 2024 02: +0,1715648400
1.857,2,May 14 2024 03: +0,1715652000
1.778,1,May 14 2024 05: +0,1715659200
1.881,1,May 14 2024 06: +0,1715662800
1.889,1,May 14 2024 07: +0,1715666400
1.824,2,May 14 2024 08: +0,1715670000
1.794,1,May 14 2024 09: +0,1715673600
1.795,2,May 14 2024 10: +0,1715677200
1.854,1,May 14 2024 11: +0,1715680800
1.143,1,May 14 2024 13: +0,1715688000
1.841,1,May 14 2024 15: +0,1715695200
1.847,2,May 14 2024 16: +0,1715698800
2.007,1,May 14 2024 17: +0,1715702400
1.829,2,May 14 2024 20: +0,1715713200
1.856,2,May 14 2024 21: +0,1715716800
1.841,7,May 15 2024 00: +0,1715727600
1.802,2,May 15 2024 01: +0,1715731200
1.756,2,May 15 2024 02: +0,1715734800
1.818,1,May 15 2024 04: +0,1715742000
1.637,1,May 15 2024 08: +0,1715756400
1.838,1,May 15 2024 09: +0,1715760000
1.79,2,May 15 2024 11: +0,1715767200
1.848,1,May 15 2024 13: +0,1715774400
1.669,3,May 15 2024 15: +0,1715781600
1.719,3,May 15 2024 16: +0,1715785200
2.128,1,May 15 2024 17: +0,1715788800
1.825,1,May 15 2024 18: +0,1715792400
2.336,4,May 15 2024 20: +0,1715799600
1.854,1,May 15 2024 21: +0,1715803200
1.841,2,May 15 2024 23: +0,1715810400
1.849,1,May 16 2024 00: +0,1715814000
1.798,2,May 16 2024 01: +0,1715817600
1.743,1,May 16 2024 03: +0,1715824800
1.848,1,May 16 2024 04: +0,1715828400
1.841,2,May 16 2024 05: +0,1715832000
1.833,2,May 16 2024 06: +0,1715835600
1.854,1,May 16 2024 10: +0,1715850000
1.73,2,May 16 2024 12: +0,1715857200
1.842,2,May 16 2024 14: +0,1715864400
1.849,8,May 16 2024 15: +0,1715868000
1.833,1,May 16 2024 17: +0,1715875200
1.818,2,May 16 2024 19: +0,1715882400
1.833,1,May 16 2024 20: +0,1715886000
1.841,1,May 16 2024 21: +0,1715889600
1.841,3,May 16 2024 22: +0,1715893200
1.849,11,May 16 2024 23: +0,1715896800
1.841,1,May 17 2024 00: +0,1715900400
2.113,1,May 17 2024 01: +0,1715904000
1.83,1,May 17 2024 02: +0,1715907600
1.833,1,May 17 2024 06: +0,1715922000
1.81,2,May 17 2024 07: +0,1715925600
1.825,3,May 17 2024 09: +0,1715932800
1.794,1,May 17 2024 10: +0,1715936400
1.814,2,May 17 2024 12: +0,1715943600
1.998,4,May 17 2024 13: +0,1715947200
1.818,3,May 17 2024 14: +0,1715950800
1.818,1,May 17 2024 15: +0,1715954400
1.578,1,May 17 2024 17: +0,1715961600
1.794,2,May 17 2024 18: +0,1715965200
1.734,1,May 17 2024 19: +0,1715968800
1.809,3,May 17 2024 20: +0,1715972400
1.833,1,May 17 2024 21: +0,1715976000
1.825,3,May 17 2024 22: +0,1715979600
1.841,7,May 17 2024 23: +0,1715983200
1.855,1,May 18 2024 00: +0,1715986800
1.857,5,May 18 2024 02: +0,1715994000
1.865,6,May 18 2024 04: +0,1716001200
1.889,7,May 18 2024 07: +0,1716012000
1.912,2,May 18 2024 08: +0,1716015600
1.892,4,May 18 2024 09: +0,1716019200
1.869,2,May 18 2024 12: +0,1716030000
1.865,1,May 18 2024 14: +0,1716037200
1.88,4,May 18 2024 15: +0,1716040800
1.825,2,May 18 2024 16: +0,1716044400
1.883,3,May 18 2024 17: +0,1716048000
1.997,2,May 18 2024 18: +0,1716051600
2.011,2,May 18 2024 19: +0,1716055200
1.881,1,May 18 2024 20: +0,1716058800
1.867,2,May 18 2024 21: +0,1716062400
1.869,1,May 18 2024 23: +0,1716069600
1.869,1,May 19 2024 00: +0,1716073200
1.876,2,May 19 2024 03: +0,1716084000
1.881,1,May 19 2024 04: +0,1716087600
1.886,2,May 19 2024 06: +0,1716094800
1.877,2,May 19 2024 08: +0,1716102000
1.968,2,May 19 2024 10: +0,1716109200
1.869,16,May 19 2024 11: +0,1716112800
2.249,5,May 19 2024 12: +0,1716116400
1.891,2,May 19 2024 13: +0,1716120000
1.905,3,May 19 2024 14: +0,1716123600
1.873,2,May 19 2024 15: +0,1716127200
1.842,1,May 19 2024 16: +0,1716130800
1.81,1,May 19 2024 17: +0,1716134400
1.81,1,May 19 2024 18: +0,1716138000
1.903,3,May 19 2024 19: +0,1716141600
1.913,1,May 19 2024 21: +0,1716148800
2.696,4,May 19 2024 22: +0,1716152400
1.834,1,May 19 2024 23: +0,1716156000
1.897,2,May 20 2024 01: +0,1716163200
1.897,1,May 20 2024 04: +0,1716174000
1.574,1,May 20 2024 05: +0,1716177600
1.843,14,May 20 2024 06: +0,1716181200
1.818,1,May 20 2024 08: +0,1716188400
1.818,12,May 20 2024 10: +0,1716195600
1.846,2,May 20 2024 11: +0,1716199200
1.717,1,May 20 2024 12: +0,1716202800
1.78,2,May 20 2024 13: +0,1716206400
1.873,2,May 20 2024 15: +0,1716213600
1.818,1,May 20 2024 16: +0,1716217200
1.717,1,May 20 2024 17: +0,1716220800
1.822,2,May 20 2024 21: +0,1716235200
1.834,2,May 20 2024 22: +0,1716238800
1.837,3,May 20 2024 23: +0,1716242400
1.829,3,May 21 2024 00: +0,1716246000
1.85,1,May 21 2024 02: +0,1716253200
1.54,1,May 21 2024 03: +0,1716256800
1.846,2,May 21 2024 06: +0,1716267600
1.844,2,May 21 2024 07: +0,1716271200
1.88,1,May 21 2024 08: +0,1716274800
1.763,1,May 21 2024 09: +0,1716278400
1.86,4,May 21 2024 11: +0,1716285600
1.889,3,May 21 2024 13: +0,1716292800
1.775,2,May 21 2024 14: +0,1716296400
1.895,2,May 21 2024 15: +0,1716300000
1.81,3,May 21 2024 16: +0,1716303600
1.81,1,May 21 2024 17: +0,1716307200
0.98,1,May 21 2024 18: +0,1716310800
1.829,1,May 21 2024 19: +0,1716314400
1.85,1,May 21 2024 21: +0,1716321600
1.699,1,May 22 2024 02: +0,1716339600
1.881,1,May 22 2024 05: +0,1716350400
1.709,2,May 22 2024 07: +0,1716357600
1.818,1,May 22 2024 08: +0,1716361200
1.873,1,May 22 2024 09: +0,1716364800
1.881,1,May 22 2024 10: +0,1716368400
1.763,1,May 22 2024 11: +0,1716372000
1.865,3,May 22 2024 15: +0,1716386400
1.842,4,May 22 2024 16: +0,1716390000
1.885,4,May 22 2024 19: +0,1716400800
1.877,4,May 22 2024 20: +0,1716404400
1.873,2,May 22 2024 22: +0,1716411600
1.822,2,May 22 2024 23: +0,1716415200
1.842,1,May 23 2024 00: +0,1716418800
1.81,1,May 23 2024 01: +0,1716422400
1.881,1,May 23 2024 03: +0,1716429600
1.873,2,May 23 2024 04: +0,1716433200
1.881,3,May 23 2024 06: +0,1716440400
1.57,1,May 23 2024 08: +0,1716447600
2.153,2,May 23 2024 09: +0,1716451200
1.733,1,May 23 2024 10: +0,1716454800
1.881,1,May 23 2024 14: +0,1716469200
1.808,2,May 23 2024 15: +0,1716472800
2.089,3,May 23 2024 17: +0,1716480000
1.877,1,May 23 2024 20: +0,1716490800
1.783,1,May 23 2024 21: +0,1716494400
1.877,1,May 23 2024 22: +0,1716498000
1.814,3,May 24 2024 00: +0,1716505200
3.113,5,May 24 2024 01: +0,1716508800
1.807,3,May 24 2024 02: +0,1716512400
1.807,1,May 24 2024 04: +0,1716519600
1.858,2,May 24 2024 06: +0,1716526800
1.85,2,May 24 2024 07: +0,1716530400
1.783,1,May 24 2024 08: +0,1716534000
1.838,1,May 24 2024 09: +0,1716537600
1.836,2,May 24 2024 10: +0,1716541200
1.783,1,May 24 2024 11: +0,1716544800
1.838,1,May 24 2024 12: +0,1716548400
1.854,3,May 24 2024 13: +0,1716552000
1.766,2,May 24 2024 15: +0,1716559200
1.878,1,May 24 2024 16: +0,1716562800
1.877,1,May 24 2024 17: +0,1716566400
1.869,2,May 24 2024 20: +0,1716577200
1.838,1,May 24 2024 21: +0,1716580800
1.851,3,May 24 2024 22: +0,1716584400
1.877,1,May 24 2024 23: +0,1716588000
1.857,1,May 25 2024 03: +0,1716602400
1.718,2,May 25 2024 06: +0,1716613200
1.879,11,May 25 2024 07: +0,1716616800
1.893,1,May 25 2024 08: +0,1716620400
1.854,1,May 25 2024 09: +0,1716624000
1.834,4,May 25 2024 11: +0,1716631200
1.883,2,May 25 2024 12: +0,1716634800
1.881,1,May 25 2024 14: +0,1716642000
1.881,2,May 25 2024 16: +0,1716649200
1.846,2,May 25 2024 17: +0,1716652800
1.842,3,May 25 2024 19: +0,1716660000
1.875,1,May 25 2024 20: +0,1716663600
1.807,1,May 25 2024 21: +0,1716667200
1.842,1,May 25 2024 22: +0,1716670800
1.783,3,May 25 2024 23: +0,1716674400
1.882,2,May 26 2024 00: +0,1716678000
1.838,1,May 26 2024 03: +0,1716688800
1.877,1,May 26 2024 04: +0,1716692400
1.728,2,May 26 2024 10: +0,1716714000
1.783,1,May 26 2024 11: +0,1716717600
1.739,2,May 26 2024 12: +0,1716721200
1.844,2,May 26 2024 13: +0,1716724800
1.854,1,May 26 2024 14: +0,1716728400
2.165,3,May 26 2024 17: +0,1716739200
1.711,4,May 26 2024 18: +0,1716742800
1.822,1,May 26 2024 19: +0,1716746400
1.825,1,May 26 2024 20: +0,1716750000
1.807,1,May 26 2024 21: +0,1716753600
1.783,1,May 26 2024 22: +0,1716757200
1.733,1,May 26 2024 23: +0,1716760800
1.783,1,May 27 2024 00: +0,1716764400
1.83,1,May 27 2024 09: +0,1716796800
1.681,1,May 27 2024 11: +0,1716804000
1.771,2,May 27 2024 12: +0,1716807600
1.83,1,May 27 2024 13: +0,1716811200
1.822,3,May 27 2024 14: +0,1716814800
1.605,2,May 27 2024 15: +0,1716818400
1.713,1,May 27 2024 16: +0,1716822000
1.759,1,May 27 2024 17: +0,1716825600
1.838,1,May 27 2024 18: +0,1716829200
1.733,1,May 27 2024 19: +0,1716832800
1.814,1,May 27 2024 20: +0,1716836400
1.783,1,May 27 2024 21: +0,1716840000
1.84,1,May 27 2024 22: +0,1716843600
1.868,1,May 27 2024 23: +0,1716847200
1.799,2,May 28 2024 05: +0,1716868800
1.762,2,May 28 2024 06: +0,1716872400
1.488,1,May 28 2024 08: +0,1716879600
1.75,2,May 28 2024 09: +0,1716883200
1.783,1,May 28 2024 10: +0,1716886800
1.917,1,May 28 2024 11: +0,1716890400
1.783,1,May 28 2024 13: +0,1716897600
1.783,1,May 28 2024 15: +0,1716904800
1.779,2,May 28 2024 16: +0,1716908400
1.798,1,May 28 2024 18: +0,1716915600
1.665,1,May 28 2024 20: +0,1716922800
1.809,1,May 28 2024 21: +0,1716926400
1.811,4,May 28 2024 22: +0,1716930000
1.762,2,May 28 2024 23: +0,1716933600
1.75,2,May 29 2024 00: +0,1716937200
1.807,1,May 29 2024 02: +0,1716944400
1.779,2,May 29 2024 05: +0,1716955200
1.816,2,May 29 2024 07: +0,1716962400
1.752,1,May 29 2024 08: +0,1716966000
1.906,2,May 29 2024 09: +0,1716969600
1.807,1,May 29 2024 10: +0,1716973200
1.717,1,May 29 2024 11: +0,1716976800
2.113,1,May 29 2024 12: +0,1716980400
1.948,2,May 29 2024 13: +0,1716984000
1.752,1,May 29 2024 14: +0,1716987600
1.653,1,May 29 2024 17: +0,1716998400
1.775,2,May 29 2024 18: +0,1717002000
1.8,3,May 29 2024 19: +0,1717005600
1.783,5,May 29 2024 20: +0,1717009200
1.783,2,May 29 2024 22: +0,1717016400
1.744,1,May 29 2024 23: +0,1717020000
1.783,1,May 30 2024 00: +0,1717023600
1.783,1,May 30 2024 02: +0,1717030800
1.767,1,May 30 2024 04: +0,1717038000
1.775,1,May 30 2024 05: +0,1717041600
1.717,1,May 30 2024 08: +0,1717052400
1.8,1,May 30 2024 09: +0,1717056000
1.752,2,May 30 2024 12: +0,1717066800
1.711,1,May 30 2024 13: +0,1717070400
1.783,3,May 30 2024 14: +0,1717074000
1.783,1,May 30 2024 15: +0,1717077600
1.783,1,May 30 2024 17: +0,1717084800
1.795,2,May 30 2024 18: +0,1717088400
1.63,2,May 30 2024 19: +0,1717092000
1.795,1,May 30 2024 20: +0,1717095600
1.796,1,May 30 2024 21: +0,1717099200
1.716,4,May 30 2024 22: +0,1717102800
1.792,2,May 31 2024 00: +0,1717110000
1.8,2,May 31 2024 01: +0,1717113600
1.733,1,May 31 2024 02: +0,1717117200
1.78,1,May 31 2024 03: +0,1717120800
1.793,1,May 31 2024 04: +0,1717124400
1.803,3,May 31 2024 05: +0,1717128000
1.827,1,May 31 2024 06: +0,1717131600
1.703,1,May 31 2024 07: +0,1717135200
1.76,2,May 31 2024 09: +0,1717142400
2.047,1,May 31 2024 10: +0,1717146000
1.776,6,May 31 2024 11: +0,1717149600
1.812,1,May 31 2024 12: +0,1717153200
1.746,2,May 31 2024 13: +0,1717156800
1.78,3,May 31 2024 15: +0,1717164000
1.78,1,May 31 2024 16: +0,1717167600
1.804,1,May 31 2024 17: +0,1717171200
1.749,1,May 31 2024 19: +0,1717178400
1.792,2,May 31 2024 21: +0,1717185600
1.78,1,May 31 2024 23: +0,1717192800
1.61,1,Jun 01 2024 01: +0,1717200000
1.765,3,Jun 01 2024 02: +0,1717203600
1.772,1,Jun 01 2024 03: +0,1717207200
1.806,1,Jun 01 2024 05: +0,1717214400
1.687,2,Jun 01 2024 06: +0,1717218000
1.78,2,Jun 01 2024 07: +0,1717221600
1.731,1,Jun 01 2024 08: +0,1717225200
1.78,1,Jun 01 2024 09: +0,1717228800
1.739,3,Jun 01 2024 11: +0,1717236000
1.78,2,Jun 01 2024 12: +0,1717239600
1.731,1,Jun 01 2024 13: +0,1717243200
1.805,2,Jun 01 2024 14: +0,1717246800
1.808,2,Jun 01 2024 15: +0,1717250400
1.78,1,Jun 01 2024 16: +0,1717254000
1.769,4,Jun 01 2024 17: +0,1717257600
1.804,3,Jun 01 2024 19: +0,1717264800
1.998,1,Jun 01 2024 21: +0,1717272000
1.804,3,Jun 02 2024 00: +0,1717282800
1.699,2,Jun 02 2024 01: +0,1717286400
1.831,6,Jun 02 2024 02: +0,1717290000
1.846,4,Jun 02 2024 03: +0,1717293600
1.906,1,Jun 02 2024 04: +0,1717297200
1.906,1,Jun 02 2024 06: +0,1717304400
1.87,4,Jun 02 2024 13: +0,1717329600
1.804,3,Jun 02 2024 15: +0,1717336800
1.823,3,Jun 02 2024 16: +0,1717340400
1.752,4,Jun 02 2024 17: +0,1717344000
1.819,1,Jun 02 2024 18: +0,1717347600
1.812,2,Jun 02 2024 19: +0,1717351200
1.768,2,Jun 02 2024 20: +0,1717354800
1.796,2,Jun 02 2024 21: +0,1717358400
1.898,2,Jun 02 2024 22: +0,1717362000
1.819,9,Jun 03 2024 00: +0,1717369200
1.859,1,Jun 03 2024 04: +0,1717383600
1.765,1,Jun 03 2024 05: +0,1717387200
1.827,8,Jun 03 2024 07: +0,1717394400
1.87,1,Jun 03 2024 08: +0,1717398000
1.843,2,Jun 03 2024 13: +0,1717416000
1.859,1,Jun 03 2024 14: +0,1717419600
1.796,2,Jun 03 2024 15: +0,1717423200
1.78,1,Jun 03 2024 18: +0,1717434000
1.808,2,Jun 03 2024 19: +0,1717437600
1.657,1,Jun 03 2024 20: +0,1717441200
1.851,1,Jun 03 2024 23: +0,1717452000
1.833,2,Jun 04 2024 00: +0,1717455600
1.735,1,Jun 04 2024 02: +0,1717462800
1.848,1,Jun 04 2024 03: +0,1717466400
1.848,1,Jun 04 2024 04: +0,1717470000
1.871,1,Jun 04 2024 06: +0,1717477200
1.895,11,Jun 04 2024 07: +0,1717480800
1.817,1,Jun 04 2024 08: +0,1717484400
1.829,2,Jun 04 2024 11: +0,1717495200
1.904,1,Jun 04 2024 12: +0,1717498800
1.817,2,Jun 04 2024 13: +0,1717502400
1.825,3,Jun 04 2024 15: +0,1717509600
1.888,1,Jun 04 2024 17: +0,1717516800
1.861,3,Jun 04 2024 18: +0,1717520400
1.888,3,Jun 04 2024 19: +0,1717524000
1.889,4,Jun 04 2024 20: +0,1717527600
1.741,2,Jun 04 2024 22: +0,1717534800
1.829,2,Jun 05 2024 00: +0,1717542000
1.793,1,Jun 05 2024 02: +0,1717549200
1.624,2,Jun 05 2024 05: +0,1717560000
1.793,1,Jun 05 2024 06: +0,1717563600
1.725,1,Jun 05 2024 07: +0,1717567200
1.872,1,Jun 05 2024 08: +0,1717570800
1.63,1,Jun 05 2024 09: +0,1717574400
1.885,3,Jun 05 2024 10: +0,1717578000
1.885,4,Jun 05 2024 13: +0,1717588800
1.657,1,Jun 05 2024 16: +0,1717599600
1.793,3,Jun 05 2024 18: +0,1717606800
0.988,1,Jun 05 2024 19: +0,1717610400
1.845,1,Jun 05 2024 20: +0,1717614000
1.856,3,Jun 05 2024 21: +0,1717617600
1.869,1,Jun 05 2024 22: +0,1717621200
1.817,1,Jun 06 2024 00: +0,1717628400
1.662,1,Jun 06 2024 01: +0,1717632000
1.817,1,Jun 06 2024 07: +0,1717653600
1.84,1,Jun 06 2024 08: +0,1717657200
1.995,2,Jun 06 2024 09: +0,1717660800
1.833,2,Jun 06 2024 10: +0,1717664400
1.848,3,Jun 06 2024 11: +0,1717668000
1.848,2,Jun 06 2024 12: +0,1717671600
1.848,1,Jun 06 2024 13: +0,1717675200
1.833,1,Jun 06 2024 14: +0,1717678800
1.761,1,Jun 06 2024 15: +0,1717682400
1.833,1,Jun 06 2024 16: +0,1717686000
1.848,1,Jun 06 2024 17: +0,1717689600
1.785,2,Jun 06 2024 18: +0,1717693200
1.84,14,Jun 06 2024 19: +0,1717696800
1.853,3,Jun 06 2024 20: +0,1717700400
1.856,1,Jun 06 2024 21: +0,1717704000
1.817,3,Jun 07 2024 01: +0,1717718400
1.856,1,Jun 07 2024 02: +0,1717722000
1.84,1,Jun 07 2024 03: +0,1717725600
1.817,1,Jun 07 2024 06: +0,1717736400
1.856,3,Jun 07 2024 07: +0,1717740000
1.848,1,Jun 07 2024 09: +0,1717747200
1.848,3,Jun 07 2024 10: +0,1717750800
1.844,2,Jun 07 2024 12: +0,1717758000
1.777,1,Jun 07 2024 16: +0,1717772400
1.817,1,Jun 07 2024 17: +0,1717776000
1.848,1,Jun 07 2024 18: +0,1717779600
1.848,1,Jun 07 2024 19: +0,1717783200
1.855,2,Jun 07 2024 20: +0,1717786800
1.78,2,Jun 07 2024 21: +0,1717790400
1.864,4,Jun 07 2024 22: +0,1717794000
1.848,1,Jun 07 2024 23: +0,1717797600
1.863,2,Jun 08 2024 00: +0,1717801200
1.848,3,Jun 08 2024 02: +0,1717808400
1.769,2,Jun 08 2024 03: +0,1717812000
1.864,1,Jun 08 2024 04: +0,1717815600
1.856,2,Jun 08 2024 05: +0,1717819200
1.864,1,Jun 08 2024 06: +0,1717822800
2.125,1,Jun 08 2024 07: +0,1717826400
1.856,3,Jun 08 2024 08: +0,1717830000
2.109,1,Jun 08 2024 09: +0,1717833600
1.856,1,Jun 08 2024 10: +0,1717837200
1.994,2,Jun 08 2024 12: +0,1717844400
1.623,1,Jun 08 2024 13: +0,1717848000
1.848,1,Jun 08 2024 14: +0,1717851600
1.876,2,Jun 08 2024 15: +0,1717855200
1.848,1,Jun 08 2024 16: +0,1717858800
1.699,1,Jun 08 2024 17: +0,1717862400
1.838,2,Jun 08 2024 18: +0,1717866000
1.912,2,Jun 08 2024 19: +0,1717869600
1.848,22,Jun 08 2024 20: +0,1717873200
1.85,2,Jun 08 2024 21: +0,1717876800
1.84,5,Jun 08 2024 22: +0,1717880400
1.507,1,Jun 08 2024 23: +0,1717884000
1.859,1,Jun 09 2024 00: +0,1717887600
1.817,1,Jun 09 2024 02: +0,1717894800
1.817,1,Jun 09 2024 03: +0,1717898400
1.84,1,Jun 09 2024 07: +0,1717912800
1.735,1,Jun 09 2024 08: +0,1717916400
1.789,2,Jun 09 2024 09: +0,1717920000
1.806,6,Jun 09 2024 10: +0,1717923600
1.818,1,Jun 09 2024 11: +0,1717927200
1.86,1,Jun 09 2024 12: +0,1717930800
1.812,2,Jun 09 2024 13: +0,1717934400
1.866,10,Jun 09 2024 14: +0,1717938000
1.867,1,Jun 09 2024 15: +0,1717941600
1.578,1,Jun 09 2024 16: +0,1717945200
1.562,2,Jun 09 2024 17: +0,1717948800
1.757,2,Jun 09 2024 18: +0,1717952400
1.756,6,Jun 09 2024 19: +0,1717956000
1.825,1,Jun 09 2024 20: +0,1717959600
1.817,3,Jun 09 2024 21: +0,1717963200
1.785,1,Jun 09 2024 22: +0,1717966800
1.719,1,Jun 10 2024 01: +0,1717977600
1.793,5,Jun 10 2024 02: +0,1717981200
1.793,3,Jun 10 2024 03: +0,1717984800
1.793,1,Jun 10 2024 04: +0,1717988400
1.817,1,Jun 10 2024 06: +0,1717995600
1.773,2,Jun 10 2024 08: +0,1718002800
1.634,1,Jun 10 2024 09: +0,1718006400
1.793,1,Jun 10 2024 10: +0,1718010000
1.703,2,Jun 10 2024 11: +0,1718013600
1.781,2,Jun 10 2024 12: +0,1718017200
1.811,1,Jun 10 2024 13: +0,1718020800
1.719,1,Jun 10 2024 15: +0,1718028000
1.781,2,Jun 10 2024 17: +0,1718035200
1.793,1,Jun 10 2024 19: +0,1718042400
1.761,1,Jun 10 2024 22: +0,1718053200
1.785,2,Jun 10 2024 23: +0,1718056800
1.754,1,Jun 11 2024 01: +0,1718064000
1.555,1,Jun 11 2024 02: +0,1718067600
1.769,1,Jun 11 2024 08: +0,1718089200
1.785,3,Jun 11 2024 12: +0,1718103600
1.777,1,Jun 11 2024 13: +0,1718107200
1.746,1,Jun 11 2024 14: +0,1718110800
1.777,2,Jun 11 2024 15: +0,1718114400
1.769,1,Jun 11 2024 16: +0,1718118000
1.777,9,Jun 11 2024 17: +0,1718121600
1.777,2,Jun 11 2024 18: +0,1718125200
1.704,1,Jun 11 2024 20: +0,1718132400
1.777,3,Jun 11 2024 21: +0,1718136000
1.785,1,Jun 11 2024 22: +0,1718139600
1.785,1,Jun 11 2024 23: +0,1718143200
1.776,2,Jun 12 2024 00: +0,1718146800
1.793,1,Jun 12 2024 02: +0,1718154000
1.777,1,Jun 12 2024 04: +0,1718161200
1.84,1,Jun 12 2024 06: +0,1718168400
1.746,1,Jun 12 2024 07: +0,1718172000
1.807,8,Jun 12 2024 08: +0,1718175600
1.807,2,Jun 12 2024 10: +0,1718182800
1.793,1,Jun 12 2024 11: +0,1718186400
1.811,1,Jun 12 2024 13: +0,1718193600
1.872,1,Jun 12 2024 14: +0,1718197200
1.822,2,Jun 12 2024 15: +0,1718200800
1.781,2,Jun 12 2024 16: +0,1718204400
1.789,2,Jun 12 2024 17: +0,1718208000
1.726,2,Jun 12 2024 18: +0,1718211600
1.777,1,Jun 12 2024 20: +0,1718218800
1.602,1,Jun 12 2024 21: +0,1718222400
1.769,3,Jun 12 2024 22: +0,1718226000
1.793,1,Jun 12 2024 23: +0,1718229600
1.481,1,Jun 13 2024 01: +0,1718236800
1.793,1,Jun 13 2024 05: +0,1718251200
1.789,4,Jun 13 2024 06: +0,1718254800
1.8,1,Jun 13 2024 07: +0,1718258400
2.006,1,Jun 13 2024 08: +0,1718262000
1.777,2,Jun 13 2024 09: +0,1718265600
2.338,1,Jun 13 2024 10: +0,1718269200
2.283,1,Jun 13 2024 12: +0,1718276400
1.768,2,Jun 13 2024 13: +0,1718280000
1.572,1,Jun 13 2024 14: +0,1718283600
1.785,1,Jun 13 2024 16: +0,1718290800
1.788,7,Jun 13 2024 17: +0,1718294400
1.771,5,Jun 13 2024 18: +0,1718298000
1.582,1,Jun 13 2024 19: +0,1718301600
1.796,1,Jun 13 2024 20: +0,1718305200
1.749,2,Jun 13 2024 21: +0,1718308800
1.738,2,Jun 13 2024 23: +0,1718316000
1.769,1,Jun 14 2024 01: +0,1718323200
1.789,1,Jun 14 2024 07: +0,1718344800
1.792,2,Jun 14 2024 08: +0,1718348400
1.761,3,Jun 14 2024 10: +0,1718355600
1.761,3,Jun 14 2024 11: +0,1718359200
1.816,2,Jun 14 2024 13: +0,1718366400
1.801,2,Jun 14 2024 14: +0,1718370000
1.761,1,Jun 14 2024 15: +0,1718373600
1.951,1,Jun 14 2024 16: +0,1718377200
1.716,1,Jun 14 2024 17: +0,1718380800
1.832,1,Jun 14 2024 18: +0,1718384400
1.836,2,Jun 14 2024 19: +0,1718388000
1.763,4,Jun 14 2024 20: +0,1718391600
1.82,2,Jun 14 2024 21: +0,1718395200
1.722,1,Jun 14 2024 22: +0,1718398800
1.73,1,Jun 15 2024 00: +0,1718406000
1.833,2,Jun 15 2024 01: +0,1718409600
1.812,2,Jun 15 2024 02: +0,1718413200
1.852,1,Jun 15 2024 03: +0,1718416800
1.762,2,Jun 15 2024 04: +0,1718420400
1.75,1,Jun 15 2024 06: +0,1718427600
1.864,1,Jun 15 2024 08: +0,1718434800
1.848,1,Jun 15 2024 09: +0,1718438400
1.748,2,Jun 15 2024 10: +0,1718442000
1.837,1,Jun 15 2024 13: +0,1718452800
1.84,4,Jun 15 2024 15: +0,1718460000
1.742,2,Jun 15 2024 16: +0,1718463600
1.856,1,Jun 15 2024 17: +0,1718467200
